frontier00030,1701023069,1701023093,24
frontier00031,1701023099,1701023110,11
frontier00032,1701023079,1701023097,18
frontier00033,1701023076,1701023094,18
frontier00034,1701023099,1701023110,11
frontier00035,1701023080,1701023097,17
frontier00036,1701023076,1701023097,21
frontier00037,1701023079,1701023097,18
frontier00038,1701023077,1701023097,20
frontier00039,1701023100,1701023111,11
frontier00040,1701023064,1701023075,11
frontier00041,1701023079,1701023096,17
frontier00042,1701023076,1701023097,21
frontier00043,1701023037,1701023044,7
frontier00044,1701023112,1701023114,2
frontier00045,1701023099,1701023111,12
frontier00046,1701023098,1701023109,11
frontier00047,1701023101,1701023111,10
frontier00048,1701023079,1701023097,18
frontier00049,1701023079,1701023097,18
frontier00050,1701023091,1701023100,9
frontier00051,1701023101,1701023111,10
frontier00052,1701023070,1701023094,24
frontier00053,1701023041,1701023044,3
frontier00054,1701023101,1701023111,10
frontier00055,1701023098,1701023110,12
frontier00056,1701023098,1701023111,13
frontier00057,1701023075,1701023095,20
frontier00058,1701023077,1701023096,19
frontier00059,1701023069,1701023093,24
frontier00060,1701023079,1701023096,17
frontier00061,1701023098,1701023109,11
frontier00062,1701023098,1701023110,12
frontier00063,1701023098,1701023109,11
frontier00064,1701023098,1701023110,12
frontier00065,1701023071,1701023092,21
frontier00066,1701023099,1701023110,11
frontier00067,1701023099,1701023111,12
frontier00068,1701023098,1701023110,12
frontier00069,1701023079,1701023097,18
frontier00070,1701023101,1701023112,11
frontier00158,1701023056,1701023066,10
frontier00159,1701023111,1701023113,2
frontier00160,1701023056,1701023066,10
frontier00161,1701023076,1701023095,19
frontier00162,1701023076,1701023095,19
frontier00163,1701023099,1701023111,12
frontier00164,1701023111,1701023113,2
frontier00165,1701023100,1701023111,11
frontier00166,1701023051,1701023064,13
frontier00167,1701023101,1701023112,11
frontier00168,1701023075,1701023097,22
frontier00169,1701023079,1701023096,17
frontier00170,1701023074,1701023094,20
frontier00171,1701023102,1701023112,10
frontier00172,1701023076,1701023094,18
frontier00173,1701023085,1701023097,12
frontier00174,1701023099,1701023110,11
frontier00175,1701023071,1701023093,22
frontier00176,1701023099,1701023111,12
frontier00177,1701023100,1701023111,11
frontier00178,1701023101,1701023111,10
frontier00179,1701023098,1701023110,12
frontier00180,1701023076,1701023097,21
frontier00181,1701023087,1701023097,10
frontier00182,1701023070,1701023092,22
frontier00183,1701023076,1701023095,19
frontier00184,1701023100,1701023111,11
frontier00185,1701023098,1701023109,11
frontier00186,1701023098,1701023109,11
frontier00187,1701023079,1701023097,18
frontier00188,1701023100,1701023112,12
frontier00189,1701023098,1701023110,12
frontier00190,1701023076,1701023095,19
frontier00191,1701023100,1701023111,11
frontier00192,1701023079,1701023097,18
frontier00193,1701023098,1701023110,12
frontier00194,1701023079,1701023096,17
frontier00195,1701023079,1701023097,18
frontier00196,1701023075,1701023094,19
frontier00197,1701023069,1701023093,24
frontier00198,1701023101,1701023111,10
frontier00285,1701023057,1701023066,9
frontier00286,1701023056,1701023066,10
frontier00287,1701023015,1701023020,5
frontier00288,1701023075,1701023095,20
frontier00289,1701023099,1701023111,12
frontier00290,1701023098,1701023110,12
frontier00291,1701023070,1701023092,22
frontier00292,1701023112,1701023114,2
frontier00293,1701023099,1701023111,12
frontier00294,1701023079,1701023097,18
frontier00295,1701023042,1701023057,15
frontier00296,1701023079,1701023097,18
frontier00297,1701023077,1701023097,20
frontier00298,1701023042,1701023059,17
frontier00299,1701023079,1701023097,18
frontier00300,1701023098,1701023110,12
frontier00301,1701023099,1701023111,12
frontier00302,1701023076,1701023097,21
frontier00303,1701023099,1701023111,12
frontier00304,1701023098,1701023109,11
frontier00305,1701023080,1701023098,18
frontier00306,1701023101,1701023112,11
frontier00307,1701023076,1701023096,20
frontier00308,1701023101,1701023111,10
frontier00309,1701023069,1701023092,23
frontier00310,1701023102,1701023111,9
frontier00311,1701023098,1701023109,11
frontier00312,1701023098,1701023110,12
frontier00313,1701023099,1701023111,12
frontier00314,1701023098,1701023110,12
frontier00315,1701023098,1701023110,12
frontier00316,1701023075,1701023095,20
frontier00317,1701023076,1701023095,19
frontier00318,1701023100,1701023111,11
frontier00319,1701023070,1701023093,23
frontier00320,1701023102,1701023111,9
frontier00321,1701023098,1701023109,11
frontier00322,1701023071,1701023091,20
frontier00323,1701023050,1701023064,14
frontier00324,1701023079,1701023097,18
frontier00325,1701023076,1701023095,19
frontier00414,1701023099,1701023111,12
frontier00415,1701023076,1701023095,19
frontier00416,1701023079,1701023097,18
frontier00417,1701023079,1701023097,18
frontier00418,1701023079,1701023097,18
frontier00419,1701023074,1701023094,20
frontier00420,1701023101,1701023111,10
frontier00421,1701023091,1701023097,6
frontier00422,1701023075,1701023095,20
frontier00423,1701023056,1701023066,10
frontier00424,1701023101,1701023112,11
frontier00425,1701023101,1701023112,11
frontier00426,1701023103,1701023112,9
frontier00427,1701023100,1701023112,12
frontier00428,1701023070,1701023092,22
frontier00429,1701023098,1701023109,11
frontier00430,1701023048,1701023059,11
frontier00431,1701023071,1701023093,22
frontier00432,1701023079,1701023097,18
frontier00433,1701023100,1701023111,11
frontier00434,1701023099,1701023110,11
frontier00435,1701023077,1701023095,18
frontier00436,1701023098,1701023110,12
frontier00437,1701023101,1701023112,11
frontier00438,1701023101,1701023112,11
frontier00439,1701023079,1701023097,18
frontier00440,1701023075,1701023094,19
frontier00441,1701023056,1701023066,10
frontier00442,1701023077,1701023095,18
frontier00443,1701023076,1701023095,19
frontier00444,1701023031,1701023034,3
frontier00445,1701023101,1701023112,11
frontier00446,1701023079,1701023096,17
frontier00447,1701023071,1701023092,21
frontier00448,1701023093,1701023103,10
frontier00449,1701023101,1701023111,10
frontier00450,1701023079,1701023096,17
frontier00451,1701023079,1701023096,17
frontier00452,1701023111,1701023114,3
frontier00453,1701023098,1701023109,11
frontier00454,1701023071,1701023094,23
frontier00541,1701023043,1701023056,13
frontier00542,1701023070,1701023092,22
frontier00543,1701023093,1701023102,9
frontier00544,1701023097,1701023109,12
frontier00545,1701023072,1701023092,20
frontier00546,1701023077,1701023095,18
frontier00547,1701023111,1701023113,2
frontier00548,1701023098,1701023110,12
frontier00549,1701023069,1701023092,23
frontier00550,1701023098,1701023110,12
frontier00551,1701023079,1701023097,18
frontier00552,1701023070,1701023092,22
frontier00553,1701023070,1701023092,22
frontier00554,1701023075,1701023095,20
frontier00555,1701023056,1701023066,10
frontier00556,1701023101,1701023112,11
frontier00557,1701023076,1701023095,19
frontier00558,1701023079,1701023097,18
frontier00559,1701023074,1701023094,20
frontier00560,1701023076,1701023094,18
frontier00561,1701023112,1701023114,2
frontier00562,1701023100,1701023112,12
frontier00563,1701023028,1701023033,5
frontier00564,1701023100,1701023111,11
frontier00565,1701023077,1701023095,18
frontier00566,1701023098,1701023110,12
frontier00567,1701023111,1701023113,2
frontier00568,1701023099,1701023110,11
frontier00569,1701023074,1701023094,20
frontier00570,1701023074,1701023095,21
frontier00571,1701023112,1701023114,2
frontier00572,1701023057,1701023067,10
frontier00573,1701023057,1701023066,9
frontier00574,1701023099,1701023110,11
frontier00575,1701023080,1701023096,16
frontier00576,1701023098,1701023110,12
frontier00577,1701023051,1701023066,15
frontier00578,1701023101,1701023111,10
frontier00579,1701023101,1701023111,10
frontier00580,1701023100,1701023112,12
frontier00581,1701023075,1701023094,19
frontier00669,1701023100,1701023111,11
frontier00670,1701023079,1701023097,18
frontier00671,1701023101,1701023111,10
frontier00672,1701023099,1701023110,11
frontier00673,1701023111,1701023113,2
frontier00674,1701023098,1701023110,12
frontier00675,1701023069,1701023092,23
frontier00676,1701023077,1701023095,18
frontier00677,1701023080,1701023097,17
frontier00678,1701023098,1701023109,11
frontier00679,1701023098,1701023109,11
frontier00680,1701023101,1701023112,11
frontier00681,1701023058,1701023066,8
frontier00682,1701023079,1701023097,18
frontier00683,1701023098,1701023110,12
frontier00684,1701023079,1701023096,17
frontier00685,1701023076,1701023095,19
frontier00686,1701023056,1701023068,12
frontier00687,1701023012,1701023015,3
frontier00688,1701023079,1701023097,18
frontier00689,1701023101,1701023111,10
frontier00690,1701023004,1701023007,3
frontier00691,1701023003,1701023006,3
frontier00692,1701023100,1701023111,11
frontier00693,1701023079,1701023096,17
frontier00694,1701023098,1701023110,12
frontier00695,1701023077,1701023096,19
frontier00696,1701023074,1701023095,21
frontier00697,1701023075,1701023095,20
frontier00698,1701023069,1701023092,23
frontier00699,1701023075,1701023094,19
frontier00700,1701023076,1701023097,21
frontier00701,1701023076,1701023095,19
frontier00702,1701023098,1701023111,13
frontier00703,1701023074,1701023094,20
frontier00704,1701023101,1701023112,11
frontier00705,1701023079,1701023097,18
frontier00706,1701023076,1701023097,21
frontier00707,1701023099,1701023111,12
frontier00709,1701023079,1701023097,18
frontier00710,1701023056,1701023066,10
frontier00797,1701023079,1701023097,18
frontier00798,1701023029,1701023034,5
frontier00799,1701023079,1701023097,18
frontier00800,1701023076,1701023095,19
frontier00801,1701023095,1701023097,2
frontier00802,1701023070,1701023092,22
frontier00803,1701023091,1701023098,7
frontier00804,1701023076,1701023095,19
frontier00805,1701023079,1701023097,18
frontier00806,1701023099,1701023111,12
frontier00807,1701023099,1701023111,12
frontier00808,1701023098,1701023108,10
frontier00809,1701023068,1701023081,13
frontier00810,1701023100,1701023111,11
frontier00811,1701023112,1701023113,1
frontier00812,1701023098,1701023110,12
frontier00813,1701023102,1701023112,10
frontier00814,1701023076,1701023095,19
frontier00815,1701023099,1701023110,11
frontier00816,1701023099,1701023111,12
frontier00817,1701023101,1701023112,11
frontier00818,1701023098,1701023110,12
frontier00819,1701023079,1701023097,18
frontier00820,1701023075,1701023095,20
frontier00821,1701023078,1701023097,19
frontier00822,1701023079,1701023096,17
frontier00823,1701023064,1701023085,21
frontier00824,1701023075,1701023094,19
frontier00825,1701023098,1701023110,12
frontier00826,1701023098,1701023110,12
frontier00827,1701023067,1701023084,17
frontier00828,1701023079,1701023097,18
frontier00829,1701023080,1701023098,18
frontier00830,1701023079,1701023096,17
frontier00831,1701023098,1701023108,10
frontier00832,1701023098,1701023110,12
frontier00833,1701023099,1701023111,12
frontier00834,1701023098,1701023109,11
frontier00835,1701023092,1701023103,11
frontier00836,1701023079,1701023097,18
frontier00837,1701023076,1701023095,19
frontier00925,1701023074,1701023094,20
frontier00926,1701023056,1701023066,10
frontier00927,1701023056,1701023066,10
frontier00928,1701023099,1701023110,11
frontier00929,1701023100,1701023111,11
frontier00930,1701023076,1701023097,21
frontier00931,1701023109,1701023112,3
frontier00932,1701023058,1701023066,8
frontier00933,1701023077,1701023095,18
frontier00934,1701023017,1701023032,15
frontier00935,1701022995,1701022999,4
frontier00936,1701023079,1701023097,18
frontier00937,1701023102,1701023111,9
frontier00938,1701023069,1701023093,24
frontier00939,1701023101,1701023112,11
frontier00940,1701023069,1701023089,20
frontier00941,1701023069,1701023089,20
frontier00942,1701023076,1701023095,19
frontier00943,1701023112,1701023114,2
frontier00944,1701023071,1701023093,22
frontier00945,1701023079,1701023096,17
frontier00946,1701023015,1701023020,5
frontier00947,1701023099,1701023110,11
frontier00948,1701023079,1701023097,18
frontier00949,1701023070,1701023093,23
frontier00950,1701023079,1701023097,18
frontier00951,1701023070,1701023093,23
frontier00953,1701023086,1701023097,11
frontier00954,1701023098,1701023109,11
frontier00955,1701023080,1701023096,16
frontier00956,1701023076,1701023095,19
frontier00957,1701023099,1701023110,11
frontier00958,1701023100,1701023112,12
frontier00959,1701023075,1701023095,20
frontier00960,1701023101,1701023112,11
frontier00961,1701023099,1701023110,11
frontier00962,1701023076,1701023097,21
frontier00963,1701023076,1701023095,19
frontier00964,1701023099,1701023111,12
frontier00965,1701023079,1701023097,18
frontier00966,1701023098,1701023109,11
frontier01053,1701023085,1701023099,14
frontier01054,1701023071,1701023092,21
frontier01055,1701023042,1701023044,2
frontier01056,1701023076,1701023095,19
frontier01057,1701023079,1701023097,18
frontier01058,1701023076,1701023094,18
frontier01059,1701023069,1701023088,19
frontier01060,1701023076,1701023095,19
frontier01061,1701023101,1701023112,11
frontier01062,1701023077,1701023097,20
frontier01063,1701023071,1701023092,21
frontier01064,1701023057,1701023066,9
frontier01065,1701023077,1701023097,20
frontier01066,1701023011,1701023019,8
frontier01067,1701023079,1701023096,17
frontier01068,1701023099,1701023110,11
frontier01069,1701023051,1701023066,15
frontier01070,1701023102,1701023112,10
frontier01071,1701023101,1701023112,11
frontier01072,1701023099,1701023111,12
frontier01073,1701023100,1701023111,11
frontier01074,1701023099,1701023110,11
frontier01075,1701023079,1701023097,18
frontier01076,1701023098,1701023110,12
frontier01077,1701023071,1701023093,22
frontier01078,1701023076,1701023095,19
frontier01079,1701023097,1701023105,8
frontier01080,1701023102,1701023111,9
frontier01081,1701023079,1701023097,18
frontier01082,1701023079,1701023096,17
frontier01083,1701023099,1701023111,12
frontier01084,1701023101,1701023112,11
frontier01085,1701023079,1701023096,17
frontier01086,1701023074,1701023093,19
frontier01087,1701023079,1701023098,19
frontier01088,1701023069,1701023092,23
frontier01089,1701023079,1701023097,18
frontier01090,1701023098,1701023109,11
frontier01091,1701023069,1701023088,19
frontier01092,1701023101,1701023111,10
frontier01093,1701023079,1701023096,17
frontier01181,1701023077,1701023097,20
frontier01182,1701023076,1701023095,19
frontier01183,1701023098,1701023109,11
frontier01184,1701023070,1701023092,22
frontier01185,1701023101,1701023111,10
frontier01186,1701023110,1701023113,3
frontier01187,1701023074,1701023093,19
frontier01188,1701023111,1701023113,2
frontier01189,1701023094,1701023097,3
frontier01190,1701023076,1701023097,21
frontier01191,1701023101,1701023111,10
frontier01192,1701023076,1701023095,19
frontier01193,1701023069,1701023092,23
frontier01194,1701023101,1701023111,10
frontier01195,1701023069,1701023092,23
frontier01196,1701023076,1701023097,21
frontier01197,1701023101,1701023112,11
frontier01198,1701023098,1701023109,11
frontier01199,1701023079,1701023096,17
frontier01200,1701023099,1701023110,11
frontier01201,1701023099,1701023111,12
frontier01202,1701023056,1701023067,11
frontier01203,1701023079,1701023096,17
frontier01204,1701023079,1701023097,18
frontier01205,1701023076,1701023095,19
frontier01206,1701023076,1701023096,20
frontier01207,1701023099,1701023111,12
frontier01208,1701023099,1701023111,12
frontier01209,1701023099,1701023111,12
frontier01210,1701023101,1701023111,10
frontier01211,1701023076,1701023094,18
frontier01212,1701023111,1701023113,2
frontier01213,1701023076,1701023096,20
frontier01214,1701023099,1701023111,12
frontier01215,1701023099,1701023110,11
frontier01217,1701023071,1701023093,22
frontier01218,1701023074,1701023094,20
frontier01219,1701023099,1701023111,12
frontier01220,1701023102,1701023112,10
frontier01221,1701023077,1701023097,20
frontier01222,1701023098,1701023109,11
frontier01309,1701023079,1701023097,18
frontier01310,1701023079,1701023097,18
frontier01311,1701023088,1701023101,13
frontier01312,1701023079,1701023097,18
frontier01313,1701023076,1701023095,19
frontier01314,1701023074,1701023093,19
frontier01315,1701023076,1701023095,19
frontier01316,1701023098,1701023110,12
frontier01317,1701023056,1701023066,10
frontier01318,1701023076,1701023097,21
frontier01319,1701023100,1701023112,12
frontier01320,1701023098,1701023110,12
frontier01321,1701023099,1701023111,12
frontier01322,1701023074,1701023093,19
frontier01323,1701023069,1701023092,23
frontier01324,1701023100,1701023111,11
frontier01325,1701023079,1701023096,17
frontier01326,1701023099,1701023111,12
frontier01327,1701023079,1701023097,18
frontier01328,1701023112,1701023114,2
frontier01329,1701023098,1701023110,12
frontier01330,1701023101,1701023112,11
frontier01331,1701023099,1701023110,11
frontier01332,1701023098,1701023110,12
frontier01333,1701023099,1701023110,11
frontier01334,1701023098,1701023109,11
frontier01335,1701023074,1701023093,19
frontier01336,1701023098,1701023109,11
frontier01337,1701023087,1701023097,10
frontier01338,1701023074,1701023094,20
frontier01339,1701023100,1701023112,12
frontier01340,1701023098,1701023110,12
frontier01341,1701023075,1701023095,20
frontier01342,1701023098,1701023110,12
frontier01343,1701023076,1701023095,19
frontier01344,1701023051,1701023064,13
frontier01345,1701023079,1701023097,18
frontier01346,1701023051,1701023066,15
frontier01347,1701023102,1701023112,10
frontier01348,1701023079,1701023098,19
frontier01349,1701023076,1701023095,19
frontier01441,1701023099,1701023110,11
frontier01442,1701023099,1701023111,12
frontier01443,1701023099,1701023112,13
frontier01444,1701023074,1701023094,20
frontier01445,1701023079,1701023097,18
frontier01446,1701023076,1701023097,21
frontier01447,1701023076,1701023095,19
frontier01448,1701023079,1701023096,17
frontier01449,1701023098,1701023110,12
frontier01450,1701023110,1701023113,3
frontier01451,1701023100,1701023112,12
frontier01452,1701023102,1701023112,10
frontier01453,1701023075,1701023095,20
frontier01454,1701023076,1701023094,18
frontier01455,1701023101,1701023111,10
frontier01456,1701023077,1701023095,18
frontier01457,1701023101,1701023112,11
frontier01458,1701023079,1701023096,17
frontier01459,1701023071,1701023092,21
frontier01460,1701023079,1701023099,20
frontier01461,1701023079,1701023097,18
frontier01462,1701023098,1701023110,12
frontier01463,1701023101,1701023112,11
frontier01464,1701023098,1701023110,12
frontier01465,1701023069,1701023092,23
frontier01466,1701023079,1701023096,17
frontier01467,1701023079,1701023097,18
frontier01468,1701023079,1701023097,18
frontier01469,1701023098,1701023110,12
frontier01470,1701023101,1701023112,11
frontier01471,1701023074,1701023094,20
frontier01472,1701023100,1701023111,11
frontier01473,1701023101,1701023111,10
frontier01474,1701023079,1701023097,18
frontier01475,1701023051,1701023064,13
frontier01476,1701023034,1701023043,9
frontier01477,1701023079,1701023096,17
frontier01478,1701023069,1701023081,12
frontier01479,1701023079,1701023096,17
frontier01480,1701023099,1701023110,11
frontier01481,1701023100,1701023111,11
frontier01566,1701023076,1701023095,19
frontier01567,1701023071,1701023093,22
frontier01568,1701023092,1701023097,5
frontier01569,1701023076,1701023097,21
frontier01570,1701023100,1701023111,11
frontier01571,1701023058,1701023066,8
frontier01572,1701023098,1701023109,11
frontier01573,1701023098,1701023110,12
frontier01574,1701023098,1701023111,13
frontier01575,1701023098,1701023110,12
frontier01576,1701023080,1701023097,17
frontier01577,1701023099,1701023111,12
frontier01578,1701023076,1701023097,21
frontier01579,1701023075,1701023094,19
frontier01580,1701023076,1701023095,19
frontier01581,1701023077,1701023097,20
frontier01582,1701023079,1701023096,17
frontier01583,1701023076,1701023095,19
frontier01584,1701023099,1701023111,12
frontier01585,1701023100,1701023111,11
frontier01586,1701023077,1701023097,20
frontier01587,1701023079,1701023096,17
frontier01588,1701023101,1701023112,11
frontier01589,1701023079,1701023097,18
frontier01590,1701023079,1701023096,17
frontier01591,1701023058,1701023067,9
frontier01592,1701023100,1701023111,11
frontier01593,1701023100,1701023111,11
frontier01594,1701023077,1701023096,19
frontier01595,1701023102,1701023111,9
frontier01596,1701023099,1701023111,12
frontier01597,1701023080,1701023097,17
frontier01598,1701023098,1701023109,11
frontier01599,1701023079,1701023096,17
frontier01600,1701023075,1701023095,20
frontier01601,1701023112,1701023114,2
frontier01602,1701023058,1701023067,9
frontier01603,1701023079,1701023096,17
frontier01604,1701023014,1701023019,5
frontier01605,1701023100,1701023111,11
frontier01606,1701023071,1701023093,22
frontier01693,1701023076,1701023095,19
frontier01694,1701023076,1701023097,21
frontier01695,1701023097,1701023109,12
frontier01696,1701023007,1701023010,3
frontier01697,1701023076,1701023095,19
frontier01698,1701023100,1701023112,12
frontier01699,1701023079,1701023097,18
frontier01700,1701023100,1701023111,11
frontier01701,1701023079,1701023097,18
frontier01702,1701023098,1701023109,11
frontier01703,1701023079,1701023096,17
frontier01704,1701023076,1701023097,21
frontier01705,1701023079,1701023097,18
frontier01706,1701023075,1701023095,20
frontier01707,1701023100,1701023111,11
frontier01708,1701023058,1701023066,8
frontier01709,1701023079,1701023096,17
frontier01710,1701023101,1701023112,11
frontier01711,1701023029,1701023034,5
frontier01712,1701023079,1701023096,17
frontier01713,1701023075,1701023095,20
frontier01714,1701023056,1701023066,10
frontier01715,1701023112,1701023114,2
frontier01716,1701023028,1701023032,4
frontier01717,1701023111,1701023113,2
frontier01718,1701023056,1701023066,10
frontier01719,1701023098,1701023110,12
frontier01720,1701023079,1701023097,18
frontier01721,1701023098,1701023110,12
frontier01722,1701023101,1701023112,11
frontier01723,1701023099,1701023111,12
frontier01724,1701023013,1701023019,6
frontier01725,1701023085,1701023097,12
frontier01726,1701023076,1701023096,20
frontier01727,1701023070,1701023092,22
frontier01728,1701023099,1701023111,12
frontier01729,1701023079,1701023097,18
frontier01730,1701023076,1701023095,19
frontier01731,1701023069,1701023092,23
frontier01732,1701023100,1701023111,11
frontier01733,1701023076,1701023095,19
frontier01821,1701023079,1701023097,18
frontier01822,1701023100,1701023111,11
frontier01823,1701023099,1701023110,11
frontier01827,1701023086,1701023097,11
frontier01828,1701023099,1701023111,12
frontier01829,1701023071,1701023092,21
frontier01832,1701023057,1701023066,9
frontier01834,1701023086,1701023097,11
frontier01840,1701023098,1701023109,11
frontier01841,1701023080,1701023096,16
frontier01843,1701023098,1701023109,11
frontier01844,1701023058,1701023066,8
frontier01845,1701023100,1701023112,12
frontier01846,1701023100,1701023111,11
frontier01847,1701023094,1701023097,3
frontier01848,1701023075,1701023095,20
frontier01849,1701023079,1701023096,17
frontier01850,1701023057,1701023083,26
frontier01851,1701023011,1701023013,2
frontier01852,1701023077,1701023097,20
frontier01853,1701023076,1701023095,19
frontier01854,1701023074,1701023094,20
frontier01855,1701023079,1701023097,18
frontier01856,1701023100,1701023111,11
frontier01857,1701023077,1701023097,20
frontier01858,1701023099,1701023111,12
frontier01859,1701023079,1701023096,17
frontier01860,1701023076,1701023095,19
frontier01861,1701023099,1701023110,11
frontier01862,1701023079,1701023096,17
frontier01863,1701023074,1701023093,19
frontier01864,1701023076,1701023095,19
frontier01865,1701023079,1701023099,20
frontier01866,1701023101,1701023112,11
frontier01867,1701023076,1701023095,19
frontier01868,1701023098,1701023109,11
frontier01869,1701023034,1701023044,10
frontier01870,1701023085,1701023097,12
frontier01871,1701023084,1701023097,13
frontier01872,1701023081,1701023097,16
frontier01873,1701023044,1701023050,6
frontier01957,1701023112,1701023114,2
frontier01958,1701023101,1701023112,11
frontier01959,1701023074,1701023094,20
frontier01960,1701023038,1701023044,6
frontier01961,1701023058,1701023066,8
frontier01962,1701023076,1701023097,21
frontier01963,1701023100,1701023111,11
frontier01964,1701023099,1701023111,12
frontier01965,1701023075,1701023095,20
frontier01966,1701023098,1701023109,11
frontier01967,1701023057,1701023066,9
frontier01968,1701023071,1701023093,22
frontier01969,1701023112,1701023114,2
frontier01970,1701023100,1701023111,11
frontier01971,1701023079,1701023097,18
frontier01972,1701023100,1701023111,11
frontier01977,1701023098,1701023111,13
frontier01978,1701023076,1701023095,19
frontier01981,1701023098,1701023109,11
frontier01982,1701023098,1701023110,12
frontier01983,1701023029,1701023034,5
frontier01985,1701023074,1701023093,19
frontier01988,1701023095,1701023101,6
frontier01989,1701023099,1701023111,12
frontier01990,1701023044,1701023057,13
frontier01993,1701023071,1701023093,22
frontier01996,1701023088,1701023102,14
frontier01997,1701023068,1701023084,16
frontier01998,1701023098,1701023110,12
frontier01999,1701023101,1701023112,11
frontier02000,1701023057,1701023066,9
frontier02001,1701023081,1701023097,16
frontier02002,1701023064,1701023075,11
frontier02003,1701023099,1701023111,12
frontier02005,1701023098,1701023109,11
frontier02006,1701023084,1701023097,13
frontier02007,1701023093,1701023102,9
frontier02008,1701023082,1701023097,15
frontier02009,1701023110,1701023113,3
frontier02010,1701023093,1701023101,8
frontier02011,1701023082,1701023096,14
frontier02098,1701023079,1701023096,17
frontier02099,1701023079,1701023096,17
frontier02100,1701023098,1701023110,12
frontier02101,1701023079,1701023097,18
frontier02102,1701023075,1701023095,20
frontier02103,1701023079,1701023097,18
frontier02104,1701023098,1701023110,12
frontier02105,1701023079,1701023097,18
frontier02106,1701023079,1701023096,17
frontier02107,1701023100,1701023111,11
frontier02108,1701023079,1701023096,17
frontier02109,1701023099,1701023112,13
frontier02110,1701023079,1701023096,17
frontier02111,1701023099,1701023110,11
frontier02112,1701023076,1701023094,18
frontier02113,1701023101,1701023111,10
frontier02114,1701023076,1701023095,19
frontier02115,1701023079,1701023096,17
frontier02116,1701023079,1701023097,18
frontier02117,1701023098,1701023109,11
frontier02118,1701023079,1701023097,18
frontier02119,1701023098,1701023110,12
frontier02120,1701023099,1701023111,12
frontier02121,1701023076,1701023095,19
frontier02122,1701023101,1701023111,10
frontier02123,1701023091,1701023100,9
frontier02124,1701023071,1701023091,20
frontier02125,1701023076,1701023096,20
frontier02126,1701023110,1701023112,2
frontier02127,1701023064,1701023079,15
frontier02128,1701023081,1701023097,16
frontier02129,1701023003,1701023006,3
frontier02130,1701023084,1701023097,13
frontier02131,1701023100,1701023111,11
frontier02132,1701023005,1701023008,3
frontier02133,1701023083,1701023097,14
frontier02134,1701023112,1701023114,2
frontier02135,1701023083,1701023098,15
frontier02136,1701023067,1701023080,13
frontier02137,1701023094,1701023097,3
frontier02138,1701023110,1701023112,2
frontier02205,1701023083,1701023097,14
frontier02206,1701023075,1701023094,19
frontier02207,1701023099,1701023111,12
frontier02208,1701023076,1701023095,19
frontier02209,1701023077,1701023097,20
frontier02210,1701023098,1701023109,11
frontier02211,1701023056,1701023066,10
frontier02212,1701023112,1701023114,2
frontier02213,1701023056,1701023066,10
frontier02214,1701023100,1701023110,10
frontier02215,1701023076,1701023094,18
frontier02216,1701023098,1701023110,12
frontier02217,1701023098,1701023110,12
frontier02218,1701023057,1701023066,9
frontier02219,1701023098,1701023109,11
frontier02220,1701023079,1701023097,18
frontier02221,1701023099,1701023112,13
frontier02222,1701023102,1701023112,10
frontier02223,1701023079,1701023097,18
frontier02228,1701023044,1701023051,7
frontier02234,1701023111,1701023113,2
frontier02238,1701023069,1701023092,23
frontier02243,1701023077,1701023097,20
frontier02244,1701023080,1701023099,19
frontier02245,1701023101,1701023112,11
frontier02250,1701023011,1701023015,4
frontier02251,1701023078,1701023095,17
frontier02253,1701023098,1701023110,12
frontier02254,1701023079,1701023097,18
frontier02255,1701023099,1701023111,12
frontier02256,1701023058,1701023067,9
frontier02257,1701023076,1701023095,19
frontier02258,1701023112,1701023114,2
frontier02259,1701023099,1701023111,12
frontier02260,1701023058,1701023066,8
frontier02261,1701023101,1701023111,10
frontier02262,1701023098,1701023108,10
frontier02263,1701023079,1701023097,18
frontier02264,1701023075,1701023096,21
frontier02265,1701023020,1701023032,12
frontier02266,1701023083,1701023097,14
frontier02348,1701023069,1701023089,20
frontier02351,1701023099,1701023110,11
frontier02353,1701023076,1701023094,18
frontier02355,1701023075,1701023095,20
frontier02358,1701023070,1701023095,25
frontier02359,1701023098,1701023110,12
frontier02360,1701023069,1701023089,20
frontier02361,1701023100,1701023111,11
frontier02362,1701023098,1701023110,12
frontier02363,1701023098,1701023109,11
frontier02364,1701023070,1701023094,24
frontier02365,1701023099,1701023111,12
frontier02366,1701023100,1701023111,11
frontier02367,1701023079,1701023096,17
frontier02368,1701023099,1701023111,12
frontier02369,1701023098,1701023111,13
frontier02370,1701023058,1701023066,8
frontier02371,1701023075,1701023095,20
frontier02372,1701023037,1701023044,7
frontier02373,1701023076,1701023095,19
frontier02374,1701023099,1701023110,11
frontier02375,1701023070,1701023093,23
frontier02376,1701023100,1701023111,11
frontier02377,1701023099,1701023111,12
frontier02378,1701023079,1701023097,18
frontier02379,1701023098,1701023109,11
frontier02380,1701023112,1701023114,2
frontier02381,1701023091,1701023104,13
frontier02382,1701023020,1701023031,11
frontier02383,1701023034,1701023043,9
frontier02384,1701023050,1701023066,16
frontier02385,1701023075,1701023095,20
frontier02386,1701023013,1701023019,6
frontier02387,1701023049,1701023059,10
frontier02388,1701023075,1701023094,19
frontier02389,1701023082,1701023097,15
frontier02390,1701023100,1701023111,11
frontier02391,1701023100,1701023111,11
frontier02392,1701023112,1701023114,2
frontier02393,1701023100,1701023112,12
frontier02394,1701023034,1701023044,10
frontier02466,1701023075,1701023093,18
frontier02467,1701023098,1701023109,11
frontier02468,1701023079,1701023099,20
frontier02471,1701023098,1701023110,12
frontier02472,1701023071,1701023091,20
frontier02474,1701023076,1701023095,19
frontier02476,1701023111,1701023113,2
frontier02477,1701023098,1701023110,12
frontier02478,1701023080,1701023098,18
frontier02479,1701023100,1701023112,12
frontier02480,1701023078,1701023096,18
frontier02481,1701023101,1701023111,10
frontier02482,1701023110,1701023113,3
frontier02483,1701023079,1701023097,18
frontier02484,1701023076,1701023094,18
frontier02485,1701023088,1701023097,9
frontier02486,1701023056,1701023066,10
frontier02487,1701023099,1701023110,11
frontier02488,1701023079,1701023097,18
frontier02489,1701023099,1701023111,12
frontier02490,1701023099,1701023111,12
frontier02491,1701023099,1701023112,13
frontier02492,1701023076,1701023094,18
frontier02493,1701023097,1701023105,8
frontier02494,1701023079,1701023097,18
frontier02495,1701023034,1701023044,10
frontier02496,1701023043,1701023058,15
frontier02497,1701023057,1701023067,10
frontier02498,1701023100,1701023111,11
frontier02499,1701023087,1701023097,10
frontier02500,1701023098,1701023109,11
frontier02501,1701023032,1701023034,2
frontier02502,1701023083,1701023101,18
frontier02503,1701023101,1701023112,11
frontier02505,1701023079,1701023096,17
frontier02509,1701023100,1701023111,11
frontier02513,1701023098,1701023110,12
frontier02514,1701023069,1701023092,23
frontier02515,1701023101,1701023112,11
frontier02518,1701023048,1701023058,10
frontier02519,1701023077,1701023095,18
frontier02589,1701023101,1701023112,11
frontier02590,1701023099,1701023111,12
frontier02591,1701023077,1701023097,20
frontier02593,1701023099,1701023111,12
frontier02594,1701023099,1701023111,12
frontier02595,1701023112,1701023114,2
frontier02596,1701023076,1701023095,19
frontier02597,1701023079,1701023097,18
frontier02599,1701023075,1701023094,19
frontier02603,1701023099,1701023111,12
frontier02604,1701023100,1701023112,12
frontier02605,1701023100,1701023111,11
frontier02606,1701023076,1701023095,19
frontier02607,1701023015,1701023020,5
frontier02608,1701023069,1701023094,25
frontier02609,1701023102,1701023111,9
frontier02612,1701023079,1701023097,18
frontier02613,1701023101,1701023112,11
frontier02622,1701023099,1701023112,13
frontier02623,1701023075,1701023095,20
frontier02625,1701023102,1701023111,9
frontier02626,1701023101,1701023112,11
frontier02628,1701023078,1701023097,19
frontier02629,1701023038,1701023044,6
frontier02630,1701023078,1701023097,19
frontier02631,1701023057,1701023067,10
frontier02637,1701023112,1701023114,2
frontier02638,1701023098,1701023109,11
frontier02640,1701023101,1701023111,10
frontier02641,1701023069,1701023083,14
frontier02642,1701023064,1701023076,12
frontier02643,1701023098,1701023109,11
frontier02644,1701023099,1701023111,12
frontier02645,1701023108,1701023112,4
frontier02646,1701023031,1701023034,3
frontier02649,1701023043,1701023057,14
frontier02650,1701023079,1701023097,18
frontier02651,1701023020,1701023032,12
frontier02652,1701023083,1701023097,14
frontier02653,1701023031,1701023034,3
frontier02654,1701023083,1701023098,15
frontier02718,1701023101,1701023111,10
frontier02722,1701023098,1701023110,12
frontier02723,1701023074,1701023094,20
frontier02724,1701023076,1701023097,21
frontier02725,1701023076,1701023095,19
frontier02727,1701023104,1701023112,8
frontier02728,1701023100,1701023111,11
frontier02729,1701023100,1701023111,11
frontier02730,1701023100,1701023111,11
frontier02731,1701023111,1701023113,2
frontier02733,1701023098,1701023109,11
frontier02735,1701023071,1701023093,22
frontier02736,1701023099,1701023111,12
frontier02737,1701023079,1701023097,18
frontier02738,1701023098,1701023110,12
frontier02739,1701023098,1701023110,12
frontier02740,1701023099,1701023111,12
frontier02741,1701023059,1701023076,17
frontier02742,1701023074,1701023094,20
frontier02743,1701023079,1701023097,18
frontier02744,1701023077,1701023095,18
frontier02745,1701023075,1701023095,20
frontier02746,1701023079,1701023096,17
frontier02747,1701023100,1701023111,11
frontier02748,1701023101,1701023112,11
frontier02749,1701023070,1701023093,23
frontier02750,1701023069,1701023093,24
frontier02751,1701023079,1701023097,18
frontier02752,1701023076,1701023095,19
frontier02753,1701023006,1701023010,4
frontier02754,1701023075,1701023094,19
frontier02755,1701023079,1701023098,19
frontier02756,1701023098,1701023109,11
frontier02759,1701023070,1701023092,22
frontier02762,1701023098,1701023108,10
frontier02763,1701023074,1701023093,19
frontier02765,1701023101,1701023111,10
frontier02767,1701023098,1701023110,12
frontier02768,1701023099,1701023111,12
frontier02770,1701023101,1701023112,11
frontier02773,1701023076,1701023097,21
frontier02845,1701023079,1701023096,17
frontier02846,1701023079,1701023097,18
frontier02847,1701023102,1701023112,10
frontier02848,1701023069,1701023080,11
frontier02849,1701023057,1701023066,9
frontier02850,1701023101,1701023112,11
frontier02851,1701023076,1701023097,21
frontier02852,1701023074,1701023093,19
frontier02853,1701023098,1701023109,11
frontier02854,1701023079,1701023096,17
frontier02855,1701023056,1701023066,10
frontier02856,1701023076,1701023095,19
frontier02857,1701023101,1701023111,10
frontier02858,1701023057,1701023066,9
frontier02859,1701023099,1701023111,12
frontier02860,1701023079,1701023096,17
frontier02861,1701023051,1701023066,15
frontier02862,1701023080,1701023099,19
frontier02863,1701023064,1701023079,15
frontier02864,1701023099,1701023111,12
frontier02865,1701023031,1701023034,3
frontier02866,1701023068,1701023084,16
frontier02867,1701023112,1701023113,1
frontier02868,1701023064,1701023076,12
frontier02869,1701023111,1701023113,2
frontier02871,1701023064,1701023076,12
frontier02875,1701022994,1701022999,5
frontier02876,1701023079,1701023096,17
frontier02879,1701023111,1701023113,2
frontier02880,1701023101,1701023112,11
frontier02881,1701023098,1701023109,11
frontier02882,1701023076,1701023097,21
frontier02883,1701023099,1701023111,12
frontier02884,1701023101,1701023111,10
frontier02886,1701023098,1701023109,11
frontier02888,1701023099,1701023110,11
frontier02890,1701023098,1701023110,12
frontier02891,1701023069,1701023092,23
frontier02892,1701023101,1701023112,11
frontier02897,1701023112,1701023114,2
frontier02900,1701022996,1701023003,7
frontier02977,1701023029,1701023033,4
frontier02978,1701023029,1701023033,4
frontier02979,1701023069,1701023089,20
frontier02980,1701023074,1701023094,20
frontier02982,1701023100,1701023111,11
frontier02984,1701023101,1701023112,11
frontier02986,1701023069,1701023092,23
frontier02987,1701023075,1701023094,19
frontier02989,1701023076,1701023095,19
frontier02990,1701023057,1701023066,9
frontier02991,1701023079,1701023097,18
frontier02992,1701023079,1701023097,18
frontier02995,1701023099,1701023111,12
frontier02996,1701023076,1701023097,21
frontier02997,1701023077,1701023096,19
frontier02999,1701023079,1701023097,18
frontier03000,1701023098,1701023109,11
frontier03001,1701023071,1701023091,20
frontier03002,1701023077,1701023097,20
frontier03003,1701023077,1701023097,20
frontier03004,1701023100,1701023112,12
frontier03005,1701023079,1701023097,18
frontier03006,1701023100,1701023111,11
frontier03007,1701023079,1701023096,17
frontier03008,1701023079,1701023097,18
frontier03009,1701023075,1701023095,20
frontier03010,1701023098,1701023110,12
frontier03011,1701023058,1701023066,8
frontier03012,1701023098,1701023109,11
frontier03013,1701023076,1701023095,19
frontier03016,1701023098,1701023110,12
frontier03017,1701023092,1701023101,9
frontier03019,1701023098,1701023109,11
frontier03020,1701023057,1701023066,9
frontier03021,1701023098,1701023109,11
frontier03023,1701023031,1701023034,3
frontier03024,1701023034,1701023043,9
frontier03025,1701023037,1701023044,7
frontier03026,1701023031,1701023034,3
frontier03028,1701023064,1701023078,14
frontier03029,1701023064,1701023077,13
frontier03101,1701023079,1701023097,18
frontier03102,1701023100,1701023111,11
frontier03103,1701023075,1701023094,19
frontier03104,1701023112,1701023114,2
frontier03105,1701023098,1701023110,12
frontier03106,1701023076,1701023094,18
frontier03107,1701023079,1701023097,18
frontier03108,1701023079,1701023096,17
frontier03109,1701023100,1701023111,11
frontier03110,1701023099,1701023111,12
frontier03111,1701023099,1701023110,11
frontier03112,1701023042,1701023056,14
frontier03113,1701023101,1701023111,10
frontier03114,1701023070,1701023092,22
frontier03115,1701023056,1701023066,10
frontier03116,1701023110,1701023113,3
frontier03117,1701023079,1701023097,18
frontier03118,1701023100,1701023111,11
frontier03119,1701023079,1701023096,17
frontier03120,1701023076,1701023095,19
frontier03121,1701023099,1701023112,13
frontier03122,1701023075,1701023094,19
frontier03123,1701023069,1701023083,14
frontier03124,1701023075,1701023097,22
frontier03125,1701023098,1701023110,12
frontier03126,1701023101,1701023112,11
frontier03127,1701023079,1701023096,17
frontier03128,1701023074,1701023093,19
frontier03129,1701023099,1701023111,12
frontier03130,1701023075,1701023094,19
frontier03131,1701023076,1701023095,19
frontier03132,1701023069,1701023084,15
frontier03133,1701023069,1701023091,22
frontier03134,1701023098,1701023110,12
frontier03135,1701023099,1701023110,11
frontier03136,1701023099,1701023111,12
frontier03137,1701023071,1701023092,21
frontier03138,1701023098,1701023111,13
frontier03139,1701023076,1701023097,21
frontier03140,1701023076,1701023096,20
frontier03141,1701023098,1701023110,12
frontier03229,1701023069,1701023088,19
frontier03230,1701023075,1701023094,19
frontier03231,1701023098,1701023110,12
frontier03232,1701023098,1701023109,11
frontier03233,1701023079,1701023096,17
frontier03234,1701023101,1701023111,10
frontier03235,1701023079,1701023096,17
frontier03236,1701023076,1701023095,19
frontier03237,1701023099,1701023110,11
frontier03238,1701023080,1701023097,17
frontier03239,1701023071,1701023094,23
frontier03240,1701023080,1701023097,17
frontier03241,1701023069,1701023092,23
frontier03242,1701023076,1701023095,19
frontier03243,1701023098,1701023109,11
frontier03244,1701023075,1701023095,20
frontier03245,1701023099,1701023110,11
frontier03246,1701023112,1701023114,2
frontier03247,1701023098,1701023111,13
frontier03248,1701023112,1701023114,2
frontier03249,1701023079,1701023096,17
frontier03250,1701023099,1701023111,12
frontier03251,1701023076,1701023097,21
frontier03252,1701023079,1701023097,18
frontier03253,1701023079,1701023097,18
frontier03254,1701023076,1701023095,19
frontier03255,1701023098,1701023109,11
frontier03256,1701023079,1701023096,17
frontier03257,1701023079,1701023096,17
frontier03258,1701023112,1701023114,2
frontier03259,1701023099,1701023111,12
frontier03260,1701023102,1701023112,10
frontier03261,1701023076,1701023095,19
frontier03262,1701023101,1701023111,10
frontier03263,1701023076,1701023095,19
frontier03264,1701023010,1701023013,3
frontier03265,1701023076,1701023095,19
frontier03266,1701023076,1701023095,19
frontier03267,1701023101,1701023111,10
frontier03268,1701023042,1701023057,15
frontier03269,1701023098,1701023109,11
frontier03357,1701023045,1701023051,6
frontier03358,1701023083,1701023097,14
frontier03359,1701023076,1701023097,21
frontier03360,1701023101,1701023112,11
frontier03361,1701023098,1701023110,12
frontier03362,1701023098,1701023110,12
frontier03363,1701023077,1701023095,18
frontier03364,1701023112,1701023114,2
frontier03365,1701023076,1701023095,19
frontier03366,1701023074,1701023094,20
frontier03367,1701023076,1701023095,19
frontier03368,1701023101,1701023111,10
frontier03369,1701023098,1701023109,11
frontier03370,1701023101,1701023112,11
frontier03371,1701023077,1701023096,19
frontier03372,1701023075,1701023096,21
frontier03373,1701023076,1701023096,20
frontier03374,1701023098,1701023109,11
frontier03375,1701023070,1701023091,21
frontier03376,1701023074,1701023093,19
frontier03377,1701023082,1701023098,16
frontier03378,1701023058,1701023066,8
frontier03379,1701023069,1701023082,13
frontier03380,1701023079,1701023097,18
frontier03381,1701023083,1701023097,14
frontier03382,1701023104,1701023112,8
frontier03383,1701023079,1701023097,18
frontier03384,1701023075,1701023095,20
frontier03385,1701023099,1701023111,12
frontier03386,1701023076,1701023095,19
frontier03387,1701023014,1701023019,5
frontier03388,1701023077,1701023095,18
frontier03389,1701023079,1701023097,18
frontier03390,1701023098,1701023110,12
frontier03391,1701023056,1701023066,10
frontier03392,1701023057,1701023066,9
frontier03393,1701023099,1701023110,11
frontier03394,1701023077,1701023097,20
frontier03395,1701023101,1701023111,10
frontier03396,1701023098,1701023109,11
frontier03397,1701023098,1701023110,12
frontier03485,1701023098,1701023110,12
frontier03486,1701023098,1701023110,12
frontier03487,1701023076,1701023095,19
frontier03488,1701023098,1701023110,12
frontier03489,1701023075,1701023094,19
frontier03490,1701023077,1701023097,20
frontier03491,1701023098,1701023109,11
frontier03492,1701023098,1701023109,11
frontier03493,1701023098,1701023110,12
frontier03494,1701023100,1701023112,12
frontier03495,1701023099,1701023111,12
frontier03496,1701023098,1701023110,12
frontier03497,1701023101,1701023111,10
frontier03498,1701023079,1701023098,19
frontier03499,1701023098,1701023109,11
frontier03500,1701023072,1701023092,20
frontier03501,1701023075,1701023094,19
frontier03502,1701023101,1701023111,10
frontier03503,1701023076,1701023095,19
frontier03504,1701023076,1701023097,21
frontier03505,1701023077,1701023095,18
frontier03506,1701023102,1701023111,9
frontier03507,1701023099,1701023111,12
frontier03508,1701023076,1701023097,21
frontier03509,1701023099,1701023111,12
frontier03510,1701023079,1701023097,18
frontier03511,1701023080,1701023096,16
frontier03512,1701023069,1701023088,19
frontier03513,1701023076,1701023094,18
frontier03514,1701023079,1701023097,18
frontier03515,1701023076,1701023097,21
frontier03516,1701023101,1701023112,11
frontier03517,1701023100,1701023112,12
frontier03518,1701023094,1701023097,3
frontier03519,1701023042,1701023057,15
frontier03520,1701023085,1701023097,12
frontier03521,1701023079,1701023097,18
frontier03522,1701023086,1701023097,11
frontier03523,1701023058,1701023068,10
frontier03524,1701023083,1701023100,17
frontier03525,1701023017,1701023031,14
frontier03613,1701023079,1701023096,17
frontier03614,1701023099,1701023111,12
frontier03615,1701023079,1701023096,17
frontier03616,1701023095,1701023109,14
frontier03617,1701023082,1701023097,15
frontier03618,1701023064,1701023083,19
frontier03619,1701023086,1701023098,12
frontier03620,1701023098,1701023110,12
frontier03621,1701023032,1701023034,2
frontier03622,1701023079,1701023097,18
frontier03623,1701023020,1701023031,11
frontier03624,1701023066,1701023081,15
frontier03625,1701023098,1701023110,12
frontier03626,1701023079,1701023097,18
frontier03627,1701023032,1701023034,2
frontier03628,1701023079,1701023096,17
frontier03629,1701023064,1701023075,11
frontier03630,1701023079,1701023097,18
frontier03631,1701023102,1701023112,10
frontier03632,1701023094,1701023105,11
frontier03633,1701023079,1701023096,17
frontier03634,1701023101,1701023112,11
frontier03635,1701023029,1701023033,4
frontier03636,1701023100,1701023111,11
frontier03637,1701023076,1701023095,19
frontier03638,1701023071,1701023093,22
frontier03639,1701023070,1701023095,25
frontier03640,1701023079,1701023097,18
frontier03641,1701023098,1701023109,11
frontier03642,1701023099,1701023111,12
frontier03643,1701023079,1701023097,18
frontier03644,1701023078,1701023097,19
frontier03645,1701023074,1701023092,18
frontier03646,1701023048,1701023056,8
frontier03647,1701023091,1701023102,11
frontier03648,1701023032,1701023034,2
frontier03649,1701023079,1701023096,17
frontier03650,1701023086,1701023101,15
frontier03651,1701023069,1701023092,23
frontier03652,1701023095,1701023101,6
frontier03653,1701023079,1701023097,18
frontier03741,1701023074,1701023094,20
frontier03742,1701023076,1701023094,18
frontier03743,1701023076,1701023095,19
frontier03744,1701023100,1701023111,11
frontier03745,1701023112,1701023113,1
frontier03746,1701023078,1701023096,18
frontier03747,1701023100,1701023111,11
frontier03748,1701023101,1701023111,10
frontier03749,1701023076,1701023094,18
frontier03750,1701023076,1701023095,19
frontier03751,1701023099,1701023111,12
frontier03752,1701023101,1701023112,11
frontier03753,1701023056,1701023066,10
frontier03754,1701023079,1701023097,18
frontier03755,1701023076,1701023095,19
frontier03756,1701023076,1701023097,21
frontier03757,1701023072,1701023093,21
frontier03758,1701023101,1701023112,11
frontier03759,1701023075,1701023095,20
frontier03760,1701023094,1701023098,4
frontier03761,1701023076,1701023095,19
frontier03762,1701023074,1701023093,19
frontier03763,1701023076,1701023095,19
frontier03764,1701023079,1701023097,18
frontier03765,1701023102,1701023112,10
frontier03766,1701023079,1701023097,18
frontier03767,1701023076,1701023095,19
frontier03768,1701023100,1701023111,11
frontier03769,1701023111,1701023113,2
frontier03770,1701023049,1701023059,10
frontier03771,1701023100,1701023111,11
frontier03772,1701023098,1701023110,12
frontier03773,1701023069,1701023092,23
frontier03774,1701023076,1701023096,20
frontier03775,1701023111,1701023113,2
frontier03776,1701023100,1701023111,11
frontier03777,1701023074,1701023094,20
frontier03778,1701023098,1701023110,12
frontier03779,1701023079,1701023097,18
frontier03780,1701023076,1701023095,19
frontier03781,1701023076,1701023097,21
frontier03869,1701023014,1701023019,5
frontier03870,1701023064,1701023084,20
frontier03871,1701023076,1701023095,19
frontier03872,1701023100,1701023111,11
frontier03873,1701023069,1701023091,22
frontier03874,1701023069,1701023092,23
frontier03875,1701023064,1701023084,20
frontier03876,1701023101,1701023112,11
frontier03877,1701023079,1701023097,18
frontier03878,1701023076,1701023096,20
frontier03879,1701023111,1701023113,2
frontier03880,1701023064,1701023076,12
frontier03881,1701023094,1701023097,3
frontier03882,1701023056,1701023066,10
frontier03883,1701023045,1701023050,5
frontier03884,1701023020,1701023031,11
frontier03885,1701023084,1701023098,14
frontier03886,1701023100,1701023111,11
frontier03887,1701023098,1701023109,11
frontier03888,1701023084,1701023097,13
frontier03889,1701023091,1701023100,9
frontier03890,1701023079,1701023096,17
frontier03891,1701023031,1701023034,3
frontier03892,1701023079,1701023098,19
frontier03893,1701023018,1701023032,14
frontier03894,1701023020,1701023032,12
frontier03895,1701023049,1701023064,15
frontier03896,1701023082,1701023098,16
frontier03897,1701023109,1701023112,3
frontier03898,1701023076,1701023097,21
frontier03899,1701023089,1701023099,10
frontier03900,1701023098,1701023109,11
frontier03901,1701023076,1701023095,19
frontier03902,1701023081,1701023096,15
frontier03903,1701023043,1701023051,8
frontier03904,1701023076,1701023095,19
frontier03905,1701023081,1701023096,15
frontier03906,1701023079,1701023096,17
frontier03907,1701023098,1701023109,11
frontier03908,1701023100,1701023112,12
frontier03909,1701023082,1701023097,15
frontier03997,1701023076,1701023095,19
frontier03998,1701023099,1701023111,12
frontier03999,1701023075,1701023097,22
frontier04000,1701023051,1701023066,15
frontier04001,1701023098,1701023109,11
frontier04002,1701023100,1701023111,11
frontier04003,1701023100,1701023111,11
frontier04004,1701023079,1701023096,17
frontier04005,1701023111,1701023113,2
frontier04006,1701023058,1701023066,8
frontier04007,1701023100,1701023112,12
frontier04008,1701023077,1701023095,18
frontier04009,1701023058,1701023067,9
frontier04010,1701023101,1701023112,11
frontier04011,1701023080,1701023097,17
frontier04012,1701023079,1701023096,17
frontier04013,1701023049,1701023058,9
frontier04014,1701023081,1701023097,16
frontier04015,1701023098,1701023109,11
frontier04016,1701023070,1701023092,22
frontier04017,1701023079,1701023096,17
frontier04018,1701023098,1701023110,12
frontier04019,1701023084,1701023097,13
frontier04020,1701023099,1701023111,12
frontier04021,1701023079,1701023097,18
frontier04022,1701023099,1701023111,12
frontier04023,1701023058,1701023066,8
frontier04024,1701023043,1701023057,14
frontier04025,1701023064,1701023082,18
frontier04027,1701023098,1701023109,11
frontier04028,1701023076,1701023095,19
frontier04029,1701023109,1701023112,3
frontier04030,1701023097,1701023108,11
frontier04031,1701023088,1701023100,12
frontier04032,1701023044,1701023051,7
frontier04033,1701023112,1701023114,2
frontier04034,1701023098,1701023110,12
frontier04035,1701023101,1701023112,11
frontier04036,1701023101,1701023111,10
frontier04037,1701023098,1701023108,10
frontier04038,1701023079,1701023097,18
frontier04125,1701023099,1701023111,12
frontier04126,1701023099,1701023110,11
frontier04127,1701023098,1701023110,12
frontier04128,1701023077,1701023097,20
frontier04129,1701023076,1701023096,20
frontier04130,1701023079,1701023096,17
frontier04131,1701023101,1701023112,11
frontier04132,1701023101,1701023112,11
frontier04133,1701023075,1701023095,20
frontier04134,1701023074,1701023093,19
frontier04135,1701023098,1701023106,8
frontier04136,1701023079,1701023097,18
frontier04137,1701023095,1701023100,5
frontier04138,1701023071,1701023093,22
frontier04139,1701023098,1701023109,11
frontier04140,1701023034,1701023044,10
frontier04141,1701023085,1701023097,12
frontier04142,1701023069,1701023083,14
frontier04143,1701023095,1701023101,6
frontier04144,1701023064,1701023076,12
frontier04145,1701023043,1701023051,8
frontier04146,1701023112,1701023114,2
frontier04147,1701023032,1701023034,2
frontier04148,1701023064,1701023076,12
frontier04149,1701023064,1701023077,13
frontier04150,1701023079,1701023097,18
frontier04151,1701023080,1701023098,18
frontier04152,1701023079,1701023097,18
frontier04153,1701023079,1701023097,18
frontier04154,1701023082,1701023098,16
frontier04155,1701023082,1701023097,15
frontier04156,1701023031,1701023034,3
frontier04157,1701023049,1701023064,15
frontier04158,1701023032,1701023034,2
frontier04159,1701023069,1701023093,24
frontier04160,1701023020,1701023032,12
frontier04161,1701023095,1701023098,3
frontier04162,1701023083,1701023100,17
frontier04163,1701023077,1701023097,20
frontier04164,1701023100,1701023111,11
frontier04165,1701023098,1701023110,12
frontier04253,1701023101,1701023112,11
frontier04254,1701023079,1701023097,18
frontier04255,1701023112,1701023114,2
frontier04256,1701023101,1701023111,10
frontier04257,1701023057,1701023066,9
frontier04258,1701023099,1701023111,12
frontier04259,1701023098,1701023110,12
frontier04260,1701023098,1701023109,11
frontier04261,1701023076,1701023094,18
frontier04262,1701023076,1701023096,20
frontier04263,1701023100,1701023111,11
frontier04264,1701023076,1701023097,21
frontier04265,1701023099,1701023111,12
frontier04266,1701023101,1701023112,11
frontier04267,1701023099,1701023111,12
frontier04268,1701023101,1701023111,10
frontier04269,1701023076,1701023095,19
frontier04270,1701023100,1701023111,11
frontier04271,1701023099,1701023110,11
frontier04272,1701023077,1701023097,20
frontier04273,1701023079,1701023097,18
frontier04274,1701023071,1701023093,22
frontier04275,1701023101,1701023111,10
frontier04276,1701023099,1701023111,12
frontier04277,1701023102,1701023112,10
frontier04278,1701023079,1701023097,18
frontier04279,1701023080,1701023097,17
frontier04280,1701023092,1701023097,5
frontier04281,1701023100,1701023111,11
frontier04282,1701023076,1701023095,19
frontier04283,1701023098,1701023109,11
frontier04284,1701023103,1701023112,9
frontier04285,1701023076,1701023097,21
frontier04286,1701023099,1701023110,11
frontier04287,1701023100,1701023112,12
frontier04288,1701023076,1701023095,19
frontier04289,1701023099,1701023111,12
frontier04290,1701023079,1701023097,18
frontier04291,1701023080,1701023096,16
frontier04292,1701023076,1701023096,20
frontier04293,1701023079,1701023098,19
frontier04381,1701023058,1701023081,23
frontier04382,1701023070,1701023092,22
frontier04383,1701023080,1701023097,17
frontier04384,1701023076,1701023095,19
frontier04385,1701023099,1701023110,11
frontier04386,1701023098,1701023110,12
frontier04387,1701023098,1701023109,11
frontier04388,1701023109,1701023112,3
frontier04389,1701023079,1701023097,18
frontier04390,1701023100,1701023111,11
frontier04391,1701023069,1701023092,23
frontier04392,1701023098,1701023109,11
frontier04393,1701023075,1701023094,19
frontier04394,1701023069,1701023091,22
frontier04395,1701023100,1701023111,11
frontier04396,1701023098,1701023110,12
frontier04397,1701023101,1701023112,11
frontier04398,1701023112,1701023114,2
frontier04399,1701023079,1701023096,17
frontier04400,1701023071,1701023091,20
frontier04401,1701023099,1701023111,12
frontier04402,1701023079,1701023096,17
frontier04403,1701023101,1701023112,11
frontier04404,1701023075,1701023094,19
frontier04405,1701023077,1701023097,20
frontier04406,1701023099,1701023110,11
frontier04407,1701023058,1701023066,8
frontier04408,1701023101,1701023112,11
frontier04409,1701023076,1701023095,19
frontier04410,1701023091,1701023101,10
frontier04411,1701023101,1701023112,11
frontier04413,1701023075,1701023094,19
frontier04414,1701023099,1701023110,11
frontier04415,1701023080,1701023097,17
frontier04416,1701023079,1701023097,18
frontier04417,1701023058,1701023067,9
frontier04418,1701023101,1701023111,10
frontier04419,1701023101,1701023111,10
frontier04420,1701023078,1701023097,19
frontier04421,1701023075,1701023095,20
frontier04422,1701023112,1701023114,2
frontier04509,1701023112,1701023114,2
frontier04510,1701023101,1701023112,11
frontier04511,1701023079,1701023097,18
frontier04512,1701023099,1701023110,11
frontier04513,1701023079,1701023096,17
frontier04514,1701023099,1701023111,12
frontier04515,1701023101,1701023112,11
frontier04516,1701023098,1701023109,11
frontier04517,1701023097,1701023106,9
frontier04518,1701023101,1701023111,10
frontier04519,1701023076,1701023096,20
frontier04520,1701023079,1701023097,18
frontier04521,1701023101,1701023111,10
frontier04522,1701023112,1701023114,2
frontier04523,1701023098,1701023110,12
frontier04524,1701023099,1701023111,12
frontier04525,1701023075,1701023094,19
frontier04526,1701023078,1701023095,17
frontier04527,1701023002,1701023004,2
frontier04528,1701023075,1701023094,19
frontier04529,1701023076,1701023095,19
frontier04530,1701023079,1701023097,18
frontier04531,1701023076,1701023094,18
frontier04532,1701023070,1701023091,21
frontier04533,1701023099,1701023111,12
frontier04534,1701023101,1701023112,11
frontier04535,1701023098,1701023110,12
frontier04536,1701023070,1701023093,23
frontier04537,1701023079,1701023097,18
frontier04538,1701023079,1701023096,17
frontier04539,1701023051,1701023066,15
frontier04540,1701023086,1701023097,11
frontier04541,1701023044,1701023050,6
frontier04542,1701023079,1701023097,18
frontier04543,1701023099,1701023111,12
frontier04544,1701023075,1701023094,19
frontier04545,1701023101,1701023111,10
frontier04546,1701023079,1701023097,18
frontier04547,1701023081,1701023097,16
frontier04548,1701023074,1701023093,19
frontier04549,1701023077,1701023097,20
frontier04637,1701023100,1701023111,11
frontier04638,1701023071,1701023094,23
frontier04639,1701023064,1701023077,13
frontier04640,1701023076,1701023095,19
frontier04641,1701023075,1701023094,19
frontier04642,1701023079,1701023096,17
frontier04643,1701023071,1701023093,22
frontier04644,1701023070,1701023091,21
frontier04645,1701023076,1701023097,21
frontier04646,1701023100,1701023112,12
frontier04647,1701023099,1701023111,12
frontier04648,1701023074,1701023093,19
frontier04649,1701023098,1701023109,11
frontier04650,1701023079,1701023097,18
frontier04651,1701023076,1701023095,19
frontier04652,1701023042,1701023059,17
frontier04653,1701023029,1701023033,4
frontier04654,1701023080,1701023096,16
frontier04655,1701023098,1701023110,12
frontier04656,1701023079,1701023097,18
frontier04657,1701023102,1701023112,10
frontier04658,1701023074,1701023093,19
frontier04659,1701023076,1701023095,19
frontier04660,1701023057,1701023066,9
frontier04661,1701023075,1701023094,19
frontier04662,1701023075,1701023095,20
frontier04663,1701023099,1701023110,11
frontier04664,1701023098,1701023110,12
frontier04665,1701023075,1701023094,19
frontier04666,1701023076,1701023095,19
frontier04667,1701023098,1701023109,11
frontier04668,1701023099,1701023111,12
frontier04669,1701023076,1701023097,21
frontier04670,1701023011,1701023014,3
frontier04671,1701023099,1701023110,11
frontier04672,1701023098,1701023109,11
frontier04673,1701023075,1701023097,22
frontier04674,1701023079,1701023096,17
frontier04675,1701023057,1701023067,10
frontier04676,1701023080,1701023097,17
frontier04677,1701023006,1701023010,4
frontier04765,1701023099,1701023111,12
frontier04766,1701023079,1701023097,18
frontier04767,1701023098,1701023111,13
frontier04768,1701023079,1701023096,17
frontier04769,1701023075,1701023095,20
frontier04770,1701023076,1701023096,20
frontier04771,1701023079,1701023097,18
frontier04772,1701023100,1701023111,11
frontier04773,1701023079,1701023096,17
frontier04774,1701023075,1701023094,19
frontier04775,1701023111,1701023113,2
frontier04776,1701023056,1701023066,10
frontier04777,1701023100,1701023111,11
frontier04778,1701023082,1701023098,16
frontier04779,1701023112,1701023114,2
frontier04780,1701023031,1701023034,3
frontier04781,1701023058,1701023067,9
frontier04782,1701023079,1701023097,18
frontier04783,1701023076,1701023097,21
frontier04784,1701023047,1701023058,11
frontier04785,1701023079,1701023097,18
frontier04786,1701023100,1701023111,11
frontier04787,1701023045,1701023051,6
frontier04788,1701023049,1701023064,15
frontier04789,1701023098,1701023110,12
frontier04790,1701023075,1701023097,22
frontier04791,1701023083,1701023098,15
frontier04792,1701023079,1701023096,17
frontier04793,1701023098,1701023109,11
frontier04794,1701023084,1701023097,13
frontier04795,1701022995,1701023000,5
frontier04796,1701023070,1701023093,23
frontier04797,1701023075,1701023094,19
frontier04798,1701023043,1701023051,8
frontier04799,1701023074,1701023095,21
frontier04800,1701023079,1701023097,18
frontier04801,1701023099,1701023110,11
frontier04802,1701023099,1701023111,12
frontier04803,1701023064,1701023077,13
frontier04804,1701023098,1701023110,12
frontier04805,1701023076,1701023094,18
frontier04893,1701023079,1701023096,17
frontier04894,1701023076,1701023094,18
frontier04895,1701023100,1701023111,11
frontier04896,1701023071,1701023092,21
frontier04897,1701023075,1701023096,21
frontier04898,1701023020,1701023031,11
frontier04899,1701023075,1701023094,19
frontier04900,1701023056,1701023066,10
frontier04901,1701023101,1701023112,11
frontier04902,1701023099,1701023110,11
frontier04903,1701023079,1701023097,18
frontier04904,1701023102,1701023112,10
frontier04905,1701023077,1701023096,19
frontier04906,1701023049,1701023064,15
frontier04907,1701023075,1701023094,19
frontier04908,1701023077,1701023097,20
frontier04909,1701023101,1701023111,10
frontier04910,1701023075,1701023095,20
frontier04911,1701023101,1701023112,11
frontier04912,1701023079,1701023096,17
frontier04913,1701023080,1701023096,16
frontier04914,1701023099,1701023111,12
frontier04915,1701023076,1701023095,19
frontier04916,1701023079,1701023097,18
frontier04917,1701023077,1701023095,18
frontier04918,1701023098,1701023106,8
frontier04919,1701023086,1701023097,11
frontier04920,1701023100,1701023111,11
frontier04921,1701023074,1701023094,20
frontier04922,1701023100,1701023112,12
frontier04923,1701023099,1701023111,12
frontier04924,1701023079,1701023096,17
frontier04925,1701023098,1701023110,12
frontier04926,1701023079,1701023096,17
frontier04927,1701023076,1701023095,19
frontier04928,1701023076,1701023096,20
frontier04929,1701023079,1701023097,18
frontier04930,1701023098,1701023109,11
frontier04931,1701023101,1701023111,10
frontier04932,1701023075,1701023094,19
frontier04933,1701023098,1701023109,11
frontier05021,1701023101,1701023111,10
frontier05022,1701023098,1701023109,11
frontier05023,1701023076,1701023096,20
frontier05024,1701023099,1701023111,12
frontier05025,1701023099,1701023111,12
frontier05026,1701023098,1701023110,12
frontier05027,1701023098,1701023110,12
frontier05028,1701023042,1701023058,16
frontier05029,1701023091,1701023099,8
frontier05030,1701023076,1701023095,19
frontier05031,1701023091,1701023097,6
frontier05032,1701023069,1701023092,23
frontier05033,1701023079,1701023097,18
frontier05034,1701023099,1701023111,12
frontier05035,1701023076,1701023095,19
frontier05036,1701023076,1701023095,19
frontier05037,1701023101,1701023112,11
frontier05038,1701023075,1701023094,19
frontier05039,1701023080,1701023097,17
frontier05040,1701023077,1701023097,20
frontier05041,1701023076,1701023095,19
frontier05042,1701023079,1701023097,18
frontier05043,1701023076,1701023095,19
frontier05044,1701023098,1701023110,12
frontier05045,1701023099,1701023111,12
frontier05046,1701023100,1701023111,11
frontier05047,1701023099,1701023111,12
frontier05048,1701023099,1701023111,12
frontier05049,1701023079,1701023097,18
frontier05050,1701023098,1701023109,11
frontier05051,1701023070,1701023094,24
frontier05052,1701023098,1701023109,11
frontier05053,1701023111,1701023113,2
frontier05054,1701023101,1701023112,11
frontier05055,1701023079,1701023097,18
frontier05056,1701023088,1701023100,12
frontier05057,1701023098,1701023109,11
frontier05058,1701023101,1701023112,11
frontier05059,1701023098,1701023111,13
frontier05060,1701023079,1701023097,18
frontier05061,1701023099,1701023111,12
frontier05149,1701023079,1701023096,17
frontier05150,1701023029,1701023033,4
frontier05151,1701023099,1701023110,11
frontier05152,1701023101,1701023111,10
frontier05153,1701023078,1701023097,19
frontier05154,1701023075,1701023094,19
frontier05155,1701023014,1701023019,5
frontier05156,1701023056,1701023066,10
frontier05157,1701023076,1701023095,19
frontier05158,1701023075,1701023095,20
frontier05159,1701023069,1701023092,23
frontier05160,1701023076,1701023095,19
frontier05161,1701023098,1701023109,11
frontier05162,1701023101,1701023111,10
frontier05163,1701023098,1701023109,11
frontier05164,1701023101,1701023111,10
frontier05165,1701023099,1701023111,12
frontier05166,1701023075,1701023097,22
frontier05167,1701023077,1701023096,19
frontier05168,1701023101,1701023112,11
frontier05169,1701023081,1701023096,15
frontier05170,1701023076,1701023097,21
frontier05171,1701023076,1701023097,21
frontier05172,1701023079,1701023097,18
frontier05173,1701023064,1701023078,14
frontier05174,1701023079,1701023097,18
frontier05175,1701023100,1701023111,11
frontier05176,1701023112,1701023113,1
frontier05177,1701023100,1701023111,11
frontier05178,1701023077,1701023096,19
frontier05179,1701023079,1701023097,18
frontier05180,1701023076,1701023095,19
frontier05181,1701023101,1701023112,11
frontier05182,1701023099,1701023110,11
frontier05183,1701023076,1701023095,19
frontier05184,1701023051,1701023066,15
frontier05185,1701023094,1701023103,9
frontier05186,1701023075,1701023094,19
frontier05187,1701023076,1701023096,20
frontier05188,1701023056,1701023068,12
frontier05277,1701023076,1701023095,19
frontier05278,1701023100,1701023111,11
frontier05279,1701023075,1701023095,20
frontier05280,1701023079,1701023097,18
frontier05281,1701023077,1701023095,18
frontier05282,1701023076,1701023097,21
frontier05283,1701023079,1701023097,18
frontier05284,1701023098,1701023110,12
frontier05285,1701023101,1701023112,11
frontier05286,1701023079,1701023096,17
frontier05287,1701023098,1701023109,11
frontier05288,1701023098,1701023110,12
frontier05289,1701023079,1701023097,18
frontier05290,1701023099,1701023111,12
frontier05291,1701023100,1701023112,12
frontier05292,1701023101,1701023112,11
frontier05293,1701023098,1701023110,12
frontier05294,1701023102,1701023111,9
frontier05295,1701023079,1701023097,18
frontier05296,1701023098,1701023109,11
frontier05297,1701023101,1701023112,11
frontier05298,1701023069,1701023088,19
frontier05299,1701023100,1701023111,11
frontier05300,1701023080,1701023097,17
frontier05301,1701023088,1701023101,13
frontier05302,1701023112,1701023114,2
frontier05303,1701023099,1701023111,12
frontier05304,1701023076,1701023097,21
frontier05305,1701023101,1701023112,11
frontier05306,1701023080,1701023097,17
frontier05307,1701023076,1701023095,19
frontier05308,1701023111,1701023113,2
frontier05309,1701023077,1701023095,18
frontier05310,1701023042,1701023056,14
frontier05311,1701023098,1701023110,12
frontier05312,1701023098,1701023109,11
frontier05313,1701023098,1701023109,11
frontier05314,1701023078,1701023097,19
frontier05315,1701023098,1701023110,12
frontier05316,1701023079,1701023096,17
frontier05405,1701023076,1701023097,21
frontier05406,1701023079,1701023097,18
frontier05407,1701023102,1701023111,9
frontier05408,1701023076,1701023097,21
frontier05409,1701023098,1701023110,12
frontier05410,1701023075,1701023094,19
frontier05411,1701023079,1701023097,18
frontier05412,1701023098,1701023109,11
frontier05413,1701023098,1701023109,11
frontier05414,1701023101,1701023111,10
frontier05415,1701023101,1701023112,11
frontier05416,1701023098,1701023110,12
frontier05417,1701023098,1701023110,12
frontier05418,1701023100,1701023111,11
frontier05419,1701023101,1701023111,10
frontier05420,1701023074,1701023093,19
frontier05421,1701023070,1701023091,21
frontier05422,1701023079,1701023097,18
frontier05423,1701023101,1701023112,11
frontier05424,1701023079,1701023097,18
frontier05425,1701023076,1701023095,19
frontier05426,1701023075,1701023094,19
frontier05427,1701023018,1701023032,14
frontier05428,1701023099,1701023111,12
frontier05429,1701023101,1701023112,11
frontier05430,1701023098,1701023109,11
frontier05431,1701023079,1701023096,17
frontier05432,1701023005,1701023007,2
frontier05433,1701023101,1701023111,10
frontier05434,1701023070,1701023092,22
frontier05435,1701023057,1701023066,9
frontier05436,1701023093,1701023102,9
frontier05437,1701023077,1701023096,19
frontier05438,1701023087,1701023097,10
frontier05439,1701023100,1701023111,11
frontier05440,1701023099,1701023111,12
frontier05441,1701023101,1701023112,11
frontier05442,1701023099,1701023110,11
frontier05443,1701023069,1701023092,23
frontier05444,1701023099,1701023110,11
frontier05533,1701023099,1701023110,11
frontier05534,1701023099,1701023111,12
frontier05535,1701023079,1701023097,18
frontier05536,1701023098,1701023110,12
frontier05537,1701023098,1701023109,11
frontier05538,1701023076,1701023095,19
frontier05539,1701023098,1701023111,13
frontier05540,1701023080,1701023096,16
frontier05541,1701023077,1701023097,20
frontier05542,1701023076,1701023095,19
frontier05543,1701023076,1701023095,19
frontier05544,1701023076,1701023094,18
frontier05545,1701023100,1701023111,11
frontier05546,1701023099,1701023111,12
frontier05547,1701023071,1701023094,23
frontier05548,1701023098,1701023110,12
frontier05549,1701023079,1701023097,18
frontier05550,1701023101,1701023112,11
frontier05551,1701023071,1701023094,23
frontier05552,1701023069,1701023088,19
frontier05553,1701023042,1701023058,16
frontier05554,1701023102,1701023112,10
frontier05555,1701023100,1701023111,11
frontier05556,1701023079,1701023096,17
frontier05557,1701023076,1701023096,20
frontier05558,1701023079,1701023097,18
frontier05559,1701023083,1701023097,14
frontier05560,1701023070,1701023094,24
frontier05561,1701023099,1701023110,11
frontier05562,1701023079,1701023097,18
frontier05563,1701023101,1701023112,11
frontier05564,1701023057,1701023068,11
frontier05565,1701023094,1701023097,3
frontier05566,1701023079,1701023097,18
frontier05567,1701023076,1701023095,19
frontier05568,1701023099,1701023111,12
frontier05570,1701023100,1701023111,11
frontier05571,1701023075,1701023095,20
frontier05572,1701023098,1701023110,12
frontier05573,1701023098,1701023110,12
frontier05657,1701023093,1701023098,5
frontier05662,1701023076,1701023095,19
frontier05663,1701023070,1701023092,22
frontier05664,1701023079,1701023097,18
frontier05665,1701023098,1701023110,12
frontier05666,1701023098,1701023108,10
frontier05667,1701023098,1701023108,10
frontier05668,1701023100,1701023111,11
frontier05669,1701023098,1701023109,11
frontier05670,1701023101,1701023112,11
frontier05671,1701023099,1701023111,12
frontier05672,1701023080,1701023097,17
frontier05673,1701023099,1701023111,12
frontier05674,1701023075,1701023093,18
frontier05675,1701023058,1701023067,9
frontier05676,1701023100,1701023111,11
frontier05677,1701023098,1701023110,12
frontier05678,1701023098,1701023110,12
frontier05679,1701023098,1701023110,12
frontier05680,1701023069,1701023092,23
frontier05681,1701023112,1701023113,1
frontier05682,1701023056,1701023066,10
frontier05683,1701023079,1701023097,18
frontier05684,1701023100,1701023111,11
frontier05685,1701023099,1701023111,12
frontier05686,1701023044,1701023056,12
frontier05687,1701023077,1701023097,20
frontier05688,1701023098,1701023110,12
frontier05689,1701023099,1701023110,11
frontier05690,1701023079,1701023097,18
frontier05691,1701023079,1701023096,17
frontier05692,1701023099,1701023111,12
frontier05693,1701023064,1701023067,3
frontier05694,1701023100,1701023111,11
frontier05695,1701023099,1701023111,12
frontier05696,1701023098,1701023109,11
frontier05697,1701023098,1701023109,11
frontier05698,1701023100,1701023112,12
frontier05699,1701023075,1701023096,21
frontier05700,1701023100,1701023111,11
frontier05789,1701023098,1701023110,12
frontier05790,1701023101,1701023111,10
frontier05791,1701023100,1701023111,11
frontier05792,1701023057,1701023066,9
frontier05793,1701023034,1701023044,10
frontier05794,1701023099,1701023110,11
frontier05795,1701023080,1701023097,17
frontier05796,1701023099,1701023111,12
frontier05797,1701023074,1701023093,19
frontier05798,1701023074,1701023094,20
frontier05799,1701023075,1701023095,20
frontier05800,1701023051,1701023066,15
frontier05801,1701023075,1701023093,18
frontier05802,1701023099,1701023110,11
frontier05803,1701023076,1701023095,19
frontier05804,1701023079,1701023097,18
frontier05805,1701023112,1701023114,2
frontier05806,1701023098,1701023109,11
frontier05807,1701023058,1701023068,10
frontier05808,1701023101,1701023111,10
frontier05809,1701023079,1701023097,18
frontier05810,1701023059,1701023074,15
frontier05811,1701023079,1701023097,18
frontier05812,1701023099,1701023110,11
frontier05813,1701023011,1701023015,4
frontier05814,1701023077,1701023095,18
frontier05815,1701023101,1701023111,10
frontier05816,1701023099,1701023111,12
frontier05817,1701023112,1701023114,2
frontier05818,1701023098,1701023110,12
frontier05819,1701023076,1701023097,21
frontier05820,1701023100,1701023111,11
frontier05821,1701023098,1701023109,11
frontier05822,1701023075,1701023095,20
frontier05823,1701023101,1701023111,10
frontier05824,1701023079,1701023097,18
frontier05825,1701023100,1701023111,11
frontier05826,1701023075,1701023094,19
frontier05827,1701023102,1701023111,9
frontier05828,1701023079,1701023097,18
frontier05917,1701023077,1701023095,18
frontier05918,1701023009,1701023012,3
frontier05919,1701023056,1701023066,10
frontier05920,1701023074,1701023093,19
frontier05921,1701023077,1701023098,21
frontier05922,1701023101,1701023112,11
frontier05923,1701023101,1701023112,11
frontier05924,1701023076,1701023095,19
frontier05925,1701023070,1701023091,21
frontier05926,1701023098,1701023110,12
frontier05927,1701023064,1701023078,14
frontier05928,1701023077,1701023095,18
frontier05929,1701023079,1701023097,18
frontier05930,1701023077,1701023097,20
frontier05931,1701023099,1701023111,12
frontier05932,1701023099,1701023110,11
frontier05933,1701023013,1701023019,6
frontier05934,1701023098,1701023109,11
frontier05935,1701023076,1701023095,19
frontier05936,1701023099,1701023112,13
frontier05937,1701023098,1701023109,11
frontier05938,1701023076,1701023095,19
frontier05939,1701023098,1701023109,11
frontier05940,1701023075,1701023095,20
frontier05941,1701023057,1701023067,10
frontier05942,1701023101,1701023111,10
frontier05943,1701023077,1701023096,19
frontier05944,1701023080,1701023096,16
frontier05945,1701023101,1701023111,10
frontier05946,1701023098,1701023109,11
frontier05947,1701023101,1701023111,10
frontier05948,1701023074,1701023095,21
frontier05949,1701023079,1701023097,18
frontier05950,1701023079,1701023096,17
frontier05951,1701023099,1701023111,12
frontier05952,1701023070,1701023091,21
frontier05953,1701023079,1701023097,18
frontier05955,1701023112,1701023114,2
frontier05956,1701023098,1701023109,11
frontier05957,1701023098,1701023109,11
frontier06046,1701023098,1701023109,11
frontier06047,1701023070,1701023089,19
frontier06048,1701023056,1701023066,10
frontier06049,1701023101,1701023111,10
frontier06050,1701023076,1701023095,19
frontier06051,1701023102,1701023112,10
frontier06052,1701023099,1701023111,12
frontier06053,1701023096,1701023105,9
frontier06054,1701023069,1701023092,23
frontier06055,1701023100,1701023110,10
frontier06056,1701023099,1701023110,11
frontier06057,1701023076,1701023095,19
frontier06058,1701023094,1701023097,3
frontier06059,1701023088,1701023097,9
frontier06060,1701023101,1701023112,11
frontier06061,1701023101,1701023111,10
frontier06062,1701023098,1701023110,12
frontier06063,1701023112,1701023113,1
frontier06064,1701023080,1701023097,17
frontier06065,1701023098,1701023110,12
frontier06066,1701023098,1701023110,12
frontier06067,1701023101,1701023112,11
frontier06068,1701023079,1701023096,17
frontier06069,1701022995,1701023002,7
frontier06070,1701023070,1701023093,23
frontier06071,1701023101,1701023111,10
frontier06072,1701023101,1701023112,11
frontier06073,1701023101,1701023112,11
frontier06074,1701023079,1701023097,18
frontier06075,1701023112,1701023114,2
frontier06076,1701023098,1701023109,11
frontier06077,1701023111,1701023113,2
frontier06078,1701023098,1701023109,11
frontier06079,1701023098,1701023110,12
frontier06080,1701023100,1701023111,11
frontier06081,1701023075,1701023094,19
frontier06082,1701023079,1701023097,18
frontier06083,1701023079,1701023096,17
frontier06084,1701023076,1701023095,19
frontier06085,1701023101,1701023112,11
frontier06173,1701023099,1701023111,12
frontier06174,1701023095,1701023101,6
frontier06175,1701023079,1701023096,17
frontier06176,1701023064,1701023077,13
frontier06177,1701023099,1701023111,12
frontier06178,1701023079,1701023096,17
frontier06179,1701023099,1701023111,12
frontier06180,1701023079,1701023096,17
frontier06181,1701023100,1701023111,11
frontier06182,1701023079,1701023097,18
frontier06183,1701023100,1701023111,11
frontier06184,1701023077,1701023097,20
frontier06185,1701023078,1701023097,19
frontier06186,1701023079,1701023097,18
frontier06187,1701023101,1701023112,11
frontier06188,1701023098,1701023109,11
frontier06189,1701023079,1701023097,18
frontier06190,1701023075,1701023094,19
frontier06191,1701023098,1701023110,12
frontier06192,1701023079,1701023097,18
frontier06193,1701023098,1701023110,12
frontier06194,1701023100,1701023111,11
frontier06195,1701023100,1701023111,11
frontier06196,1701023112,1701023114,2
frontier06197,1701023099,1701023111,12
frontier06198,1701023079,1701023097,18
frontier06199,1701023098,1701023110,12
frontier06200,1701023079,1701023096,17
frontier06201,1701023076,1701023095,19
frontier06202,1701023058,1701023066,8
frontier06204,1701023076,1701023095,19
frontier06205,1701023079,1701023097,18
frontier06206,1701023070,1701023094,24
frontier06207,1701023080,1701023097,17
frontier06208,1701023038,1701023044,6
frontier06209,1701023099,1701023112,13
frontier06210,1701023075,1701023095,20
frontier06211,1701023079,1701023097,18
frontier06212,1701023044,1701023057,13
frontier06213,1701023075,1701023094,19
frontier06301,1701023101,1701023111,10
frontier06302,1701023100,1701023111,11
frontier06303,1701023034,1701023044,10
frontier06304,1701023080,1701023097,17
frontier06305,1701023100,1701023111,11
frontier06306,1701023098,1701023110,12
frontier06307,1701023075,1701023094,19
frontier06308,1701023080,1701023097,17
frontier06309,1701023069,1701023094,25
frontier06310,1701023101,1701023112,11
frontier06311,1701023079,1701023096,17
frontier06312,1701023101,1701023111,10
frontier06313,1701023098,1701023109,11
frontier06314,1701023069,1701023089,20
frontier06315,1701023098,1701023109,11
frontier06316,1701023098,1701023110,12
frontier06317,1701023098,1701023110,12
frontier06318,1701023079,1701023096,17
frontier06319,1701023064,1701023077,13
frontier06320,1701023080,1701023099,19
frontier06321,1701023099,1701023111,12
frontier06322,1701023101,1701023112,11
frontier06323,1701023095,1701023101,6
frontier06324,1701023049,1701023064,15
frontier06325,1701023087,1701023097,10
frontier06326,1701023070,1701023091,21
frontier06327,1701023076,1701023095,19
frontier06328,1701023101,1701023112,11
frontier06329,1701023100,1701023112,12
frontier06330,1701023077,1701023097,20
frontier06331,1701023056,1701023066,10
frontier06332,1701023079,1701023096,17
frontier06333,1701023098,1701023109,11
frontier06334,1701023099,1701023110,11
frontier06335,1701023077,1701023097,20
frontier06336,1701023081,1701023097,16
frontier06337,1701023099,1701023110,11
frontier06338,1701023080,1701023096,16
frontier06339,1701023032,1701023034,2
frontier06340,1701023077,1701023097,20
frontier06428,1701023099,1701023111,12
frontier06429,1701023079,1701023097,18
frontier06430,1701023091,1701023100,9
frontier06431,1701023111,1701023113,2
frontier06432,1701023044,1701023051,7
frontier06434,1701023070,1701023095,25
frontier06435,1701023099,1701023111,12
frontier06436,1701023076,1701023095,19
frontier06437,1701023070,1701023091,21
frontier06438,1701023080,1701023097,17
frontier06439,1701023098,1701023109,11
frontier06440,1701023098,1701023111,13
frontier06441,1701023079,1701023096,17
frontier06443,1701023101,1701023112,11
frontier06444,1701023098,1701023109,11
frontier06445,1701023098,1701023109,11
frontier06446,1701023094,1701023098,4
frontier06447,1701023015,1701023019,4
frontier06448,1701023099,1701023110,11
frontier06449,1701023074,1701023093,19
frontier06450,1701023051,1701023064,13
frontier06451,1701023098,1701023108,10
frontier06452,1701023077,1701023095,18
frontier06453,1701023099,1701023111,12
frontier06454,1701023112,1701023114,2
frontier06455,1701023075,1701023095,20
frontier06456,1701023075,1701023095,20
frontier06457,1701023098,1701023110,12
frontier06458,1701023012,1701023019,7
frontier06459,1701023034,1701023043,9
frontier06460,1701023076,1701023095,19
frontier06461,1701023099,1701023111,12
frontier06462,1701023079,1701023097,18
frontier06463,1701023101,1701023112,11
frontier06464,1701023077,1701023097,20
frontier06465,1701023076,1701023096,20
frontier06466,1701023101,1701023112,11
frontier06467,1701023101,1701023112,11
frontier06468,1701023098,1701023108,10
frontier06469,1701023099,1701023112,13
frontier06558,1701023101,1701023111,10
frontier06559,1701023100,1701023111,11
frontier06560,1701023077,1701023097,20
frontier06561,1701023064,1701023076,12
frontier06562,1701023101,1701023111,10
frontier06563,1701023098,1701023109,11
frontier06564,1701023076,1701023095,19
frontier06565,1701023084,1701023097,13
frontier06566,1701023077,1701023097,20
frontier06567,1701023079,1701023097,18
frontier06568,1701023074,1701023093,19
frontier06569,1701023098,1701023109,11
frontier06570,1701023098,1701023109,11
frontier06571,1701023079,1701023096,17
frontier06572,1701023079,1701023096,17
frontier06573,1701023100,1701023112,12
frontier06574,1701023098,1701023110,12
frontier06576,1701023029,1701023033,4
frontier06577,1701023101,1701023112,11
frontier06578,1701023058,1701023066,8
frontier06579,1701023079,1701023097,18
frontier06580,1701023079,1701023097,18
frontier06581,1701023098,1701023110,12
frontier06582,1701023080,1701023097,17
frontier06583,1701023101,1701023111,10
frontier06584,1701023078,1701023097,19
frontier06585,1701023079,1701023097,18
frontier06586,1701023100,1701023111,11
frontier06587,1701023099,1701023110,11
frontier06588,1701023028,1701023033,5
frontier06589,1701023101,1701023112,11
frontier06590,1701023076,1701023094,18
frontier06591,1701023094,1701023105,11
frontier06592,1701023098,1701023110,12
frontier06593,1701023099,1701023112,13
frontier06594,1701023079,1701023097,18
frontier06595,1701023058,1701023066,8
frontier06596,1701023098,1701023110,12
frontier06597,1701023081,1701023097,16
frontier06598,1701023084,1701023097,13
frontier06685,1701023099,1701023111,12
frontier06686,1701023112,1701023114,2
frontier06687,1701023079,1701023097,18
frontier06688,1701023101,1701023111,10
frontier06689,1701023076,1701023097,21
frontier06690,1701023099,1701023111,12
frontier06691,1701023079,1701023097,18
frontier06692,1701023079,1701023096,17
frontier06693,1701023098,1701023109,11
frontier06694,1701023098,1701023110,12
frontier06695,1701023057,1701023066,9
frontier06696,1701023056,1701023066,10
frontier06697,1701023099,1701023110,11
frontier06698,1701023101,1701023112,11
frontier06699,1701023099,1701023111,12
frontier06700,1701023100,1701023111,11
frontier06701,1701023079,1701023097,18
frontier06702,1701023076,1701023097,21
frontier06703,1701023076,1701023097,21
frontier06704,1701023079,1701023097,18
frontier06705,1701023058,1701023067,9
frontier06706,1701023101,1701023111,10
frontier06707,1701023098,1701023110,12
frontier06708,1701023098,1701023110,12
frontier06709,1701023077,1701023097,20
frontier06710,1701023076,1701023097,21
frontier06711,1701023099,1701023111,12
frontier06712,1701023100,1701023111,11
frontier06713,1701023079,1701023096,17
frontier06715,1701023112,1701023113,1
frontier06716,1701023099,1701023110,11
frontier06719,1701023101,1701023112,11
frontier06723,1701023079,1701023097,18
frontier06724,1701023101,1701023112,11
frontier06726,1701023079,1701023096,17
frontier06728,1701023098,1701023109,11
frontier06729,1701023034,1701023044,10
frontier06730,1701023098,1701023111,13
frontier06731,1701023112,1701023114,2
frontier06733,1701023112,1701023114,2
frontier06813,1701023099,1701023110,11
frontier06814,1701023042,1701023058,16
frontier06815,1701023100,1701023111,11
frontier06816,1701023100,1701023111,11
frontier06817,1701023099,1701023111,12
frontier06818,1701023076,1701023094,18
frontier06819,1701023051,1701023066,15
frontier06820,1701023099,1701023110,11
frontier06821,1701023099,1701023110,11
frontier06822,1701023069,1701023093,24
frontier06823,1701023074,1701023093,19
frontier06824,1701023075,1701023097,22
frontier06825,1701023101,1701023112,11
frontier06826,1701023098,1701023106,8
frontier06827,1701023014,1701023019,5
frontier06828,1701023025,1701023032,7
frontier06829,1701023102,1701023111,9
frontier06830,1701023101,1701023112,11
frontier06831,1701023076,1701023096,20
frontier06832,1701023064,1701023076,12
frontier06833,1701023099,1701023110,11
frontier06834,1701023020,1701023032,12
frontier06835,1701023100,1701023112,12
frontier06836,1701023043,1701023057,14
frontier06837,1701023064,1701023077,13
frontier06838,1701023056,1701023067,11
frontier06839,1701023099,1701023110,11
frontier06840,1701023085,1701023097,12
frontier06841,1701023071,1701023094,23
frontier06842,1701023101,1701023112,11
frontier06843,1701023101,1701023111,10
frontier06844,1701023058,1701023066,8
frontier06845,1701023079,1701023097,18
frontier06846,1701023075,1701023095,20
frontier06847,1701023076,1701023096,20
frontier06848,1701023101,1701023111,10
frontier06849,1701023098,1701023110,12
frontier06850,1701023098,1701023109,11
frontier06851,1701023079,1701023096,17
frontier06852,1701023100,1701023111,11
frontier06941,1701023070,1701023092,22
frontier06942,1701023101,1701023111,10
frontier06943,1701023101,1701023111,10
frontier06944,1701023099,1701023111,12
frontier06945,1701023098,1701023110,12
frontier06946,1701023069,1701023088,19
frontier06947,1701023093,1701023097,4
frontier06948,1701023076,1701023097,21
frontier06949,1701023079,1701023097,18
frontier06950,1701023100,1701023111,11
frontier06951,1701023079,1701023097,18
frontier06954,1701023079,1701023097,18
frontier06956,1701023099,1701023110,11
frontier06958,1701023100,1701023111,11
frontier06960,1701023099,1701023110,11
frontier06961,1701023079,1701023096,17
frontier06962,1701023098,1701023109,11
frontier06963,1701023094,1701023098,4
frontier06964,1701023098,1701023109,11
frontier06965,1701023110,1701023113,3
frontier06966,1701023101,1701023112,11
frontier06967,1701023098,1701023110,12
frontier06968,1701023098,1701023110,12
frontier06969,1701023069,1701023091,22
frontier06970,1701023101,1701023111,10
frontier06971,1701023079,1701023097,18
frontier06972,1701023098,1701023109,11
frontier06973,1701023079,1701023097,18
frontier06974,1701023098,1701023110,12
frontier06975,1701023100,1701023111,11
frontier06976,1701023098,1701023110,12
frontier06977,1701023077,1701023097,20
frontier06978,1701023101,1701023112,11
frontier06979,1701023099,1701023111,12
frontier06980,1701023100,1701023111,11
frontier06981,1701023079,1701023097,18
frontier06982,1701023100,1701023111,11
frontier06983,1701023075,1701023095,20
frontier06984,1701023098,1701023109,11
frontier06985,1701023112,1701023113,1
frontier07070,1701023103,1701023112,9
frontier07071,1701023100,1701023111,11
frontier07072,1701023078,1701023097,19
frontier07073,1701023076,1701023094,18
frontier07075,1701023099,1701023110,11
frontier07077,1701023069,1701023092,23
frontier07078,1701023101,1701023112,11
frontier07081,1701023079,1701023097,18
frontier07082,1701023076,1701023095,19
frontier07083,1701023100,1701023111,11
frontier07084,1701023075,1701023095,20
frontier07085,1701023100,1701023111,11
frontier07086,1701023099,1701023111,12
frontier07087,1701023112,1701023114,2
frontier07088,1701023079,1701023097,18
frontier07089,1701023111,1701023113,2
frontier07090,1701023101,1701023112,11
frontier07091,1701023099,1701023111,12
frontier07092,1701023099,1701023111,12
frontier07093,1701023100,1701023111,11
frontier07094,1701023095,1701023105,10
frontier07095,1701023098,1701023109,11
frontier07096,1701023076,1701023095,19
frontier07097,1701023057,1701023066,9
frontier07098,1701023100,1701023111,11
frontier07099,1701023099,1701023111,12
frontier07100,1701023079,1701023097,18
frontier07101,1701023079,1701023097,18
frontier07102,1701023100,1701023111,11
frontier07103,1701023071,1701023092,21
frontier07104,1701023058,1701023066,8
frontier07105,1701023098,1701023110,12
frontier07106,1701023079,1701023097,18
frontier07107,1701023101,1701023111,10
frontier07108,1701023100,1701023111,11
frontier07109,1701023075,1701023093,18
frontier07110,1701023100,1701023112,12
frontier07111,1701023076,1701023095,19
frontier07112,1701023098,1701023110,12
frontier07113,1701023080,1701023097,17
frontier07196,1701023085,1701023097,12
frontier07197,1701023099,1701023111,12
frontier07198,1701023101,1701023112,11
frontier07200,1701023080,1701023097,17
frontier07201,1701023079,1701023096,17
frontier07203,1701023101,1701023111,10
frontier07205,1701023044,1701023051,7
frontier07207,1701023058,1701023066,8
frontier07209,1701023101,1701023111,10
frontier07210,1701023099,1701023111,12
frontier07212,1701023098,1701023110,12
frontier07213,1701023099,1701023111,12
frontier07214,1701023100,1701023111,11
frontier07216,1701023075,1701023094,19
frontier07217,1701023099,1701023110,11
frontier07218,1701023075,1701023095,20
frontier07219,1701023075,1701023094,19
frontier07220,1701023075,1701023094,19
frontier07221,1701023076,1701023095,19
frontier07222,1701023101,1701023112,11
frontier07223,1701023101,1701023112,11
frontier07224,1701023079,1701023097,18
frontier07225,1701023079,1701023097,18
frontier07226,1701023101,1701023111,10
frontier07227,1701023101,1701023111,10
frontier07228,1701023101,1701023111,10
frontier07229,1701023079,1701023097,18
frontier07230,1701023111,1701023113,2
frontier07231,1701023100,1701023111,11
frontier07232,1701023076,1701023095,19
frontier07233,1701023098,1701023110,12
frontier07234,1701023097,1701023108,11
frontier07235,1701023069,1701023092,23
frontier07236,1701023098,1701023109,11
frontier07237,1701023074,1701023094,20
frontier07238,1701023058,1701023067,9
frontier07239,1701023100,1701023111,11
frontier07240,1701023100,1701023111,11
frontier07241,1701023101,1701023111,10
frontier07242,1701023076,1701023097,21
frontier07329,1701023101,1701023111,10
frontier07330,1701023098,1701023108,10
frontier07331,1701023074,1701023094,20
frontier07332,1701023102,1701023111,9
frontier07333,1701023079,1701023097,18
frontier07334,1701023079,1701023097,18
frontier07335,1701023101,1701023112,11
frontier07336,1701023076,1701023097,21
frontier07337,1701023100,1701023111,11
frontier07338,1701023079,1701023096,17
frontier07339,1701023100,1701023111,11
frontier07340,1701023051,1701023066,15
frontier07341,1701023070,1701023091,21
frontier07342,1701023099,1701023111,12
frontier07343,1701023098,1701023110,12
frontier07344,1701023112,1701023114,2
frontier07345,1701023075,1701023094,19
frontier07346,1701023101,1701023112,11
frontier07347,1701023101,1701023112,11
frontier07348,1701023076,1701023097,21
frontier07349,1701023098,1701023110,12
frontier07350,1701023098,1701023109,11
frontier07352,1701023076,1701023096,20
frontier07353,1701023098,1701023110,12
frontier07354,1701023079,1701023097,18
frontier07355,1701023100,1701023111,11
frontier07356,1701023099,1701023111,12
frontier07357,1701023099,1701023111,12
frontier07358,1701023079,1701023096,17
frontier07359,1701023100,1701023111,11
frontier07360,1701023099,1701023110,11
frontier07361,1701023099,1701023111,12
frontier07362,1701023076,1701023094,18
frontier07363,1701023075,1701023093,18
frontier07364,1701023080,1701023096,16
frontier07365,1701023085,1701023097,12
frontier07366,1701023099,1701023110,11
frontier07367,1701023051,1701023066,15
frontier07368,1701023076,1701023096,20
frontier07369,1701023099,1701023111,12
frontier07454,1701023099,1701023111,12
frontier07455,1701023112,1701023114,2
frontier07459,1701023101,1701023112,11
frontier07460,1701023079,1701023097,18
frontier07461,1701023079,1701023096,17
frontier07462,1701023058,1701023066,8
frontier07464,1701023098,1701023109,11
frontier07465,1701023098,1701023109,11
frontier07466,1701023101,1701023111,10
frontier07467,1701023101,1701023112,11
frontier07468,1701023079,1701023097,18
frontier07469,1701023099,1701023111,12
frontier07470,1701023075,1701023095,20
frontier07471,1701023088,1701023097,9
frontier07472,1701023011,1701023015,4
frontier07473,1701023100,1701023111,11
frontier07474,1701023076,1701023096,20
frontier07475,1701023099,1701023111,12
frontier07476,1701023076,1701023094,18
frontier07477,1701023076,1701023095,19
frontier07478,1701023098,1701023110,12
frontier07479,1701023077,1701023097,20
frontier07480,1701023075,1701023095,20
frontier07481,1701023076,1701023096,20
frontier07482,1701023074,1701023095,21
frontier07483,1701023075,1701023095,20
frontier07484,1701023058,1701023067,9
frontier07485,1701023095,1701023105,10
frontier07486,1701023076,1701023095,19
frontier07487,1701023076,1701023096,20
frontier07488,1701023079,1701023097,18
frontier07489,1701023042,1701023057,15
frontier07490,1701023101,1701023111,10
frontier07491,1701023077,1701023095,18
frontier07492,1701023074,1701023094,20
frontier07493,1701023100,1701023111,11
frontier07494,1701023108,1701023112,4
frontier07495,1701023079,1701023096,17
frontier07496,1701023078,1701023097,19
frontier07497,1701023057,1701023067,10
frontier07582,1701023098,1701023109,11
frontier07584,1701023098,1701023109,11
frontier07585,1701023079,1701023097,18
frontier07587,1701023093,1701023102,9
frontier07590,1701023076,1701023096,20
frontier07591,1701023099,1701023111,12
frontier07592,1701023079,1701023097,18
frontier07593,1701023098,1701023110,12
frontier07594,1701023077,1701023097,20
frontier07595,1701023079,1701023097,18
frontier07596,1701023079,1701023096,17
frontier07597,1701023070,1701023093,23
frontier07598,1701023076,1701023097,21
frontier07601,1701023080,1701023096,16
frontier07602,1701023070,1701023091,21
frontier07603,1701023079,1701023097,18
frontier07604,1701023098,1701023110,12
frontier07605,1701023076,1701023096,20
frontier07606,1701023094,1701023099,5
frontier07607,1701023095,1701023105,10
frontier07608,1701023100,1701023111,11
frontier07609,1701023076,1701023096,20
frontier07610,1701023042,1701023057,15
frontier07611,1701023098,1701023110,12
frontier07612,1701023076,1701023097,21
frontier07613,1701023100,1701023111,11
frontier07614,1701023076,1701023095,19
frontier07615,1701023075,1701023095,20
frontier07616,1701023100,1701023111,11
frontier07617,1701023101,1701023111,10
frontier07618,1701023079,1701023097,18
frontier07619,1701023099,1701023111,12
frontier07620,1701023102,1701023111,9
frontier07621,1701023098,1701023110,12
frontier07622,1701023029,1701023033,4
frontier07623,1701023098,1701023110,12
frontier07624,1701023098,1701023110,12
frontier07625,1701023077,1701023096,19
frontier07626,1701023079,1701023097,18
frontier07627,1701023098,1701023110,12
frontier07708,1701023075,1701023093,18
frontier07714,1701023079,1701023096,17
frontier07715,1701023100,1701023111,11
frontier07716,1701023100,1701023111,11
frontier07717,1701023059,1701023077,18
frontier07718,1701023100,1701023111,11
frontier07721,1701023059,1701023075,16
frontier07722,1701023057,1701023066,9
frontier07723,1701023079,1701023098,19
frontier07724,1701023101,1701023112,11
frontier07725,1701023076,1701023096,20
frontier07726,1701023069,1701023080,11
frontier07727,1701023079,1701023097,18
frontier07728,1701023079,1701023097,18
frontier07729,1701023098,1701023111,13
frontier07730,1701023100,1701023111,11
frontier07731,1701023058,1701023067,9
frontier07732,1701023100,1701023111,11
frontier07733,1701023076,1701023094,18
frontier07734,1701023071,1701023094,23
frontier07735,1701023101,1701023111,10
frontier07736,1701023101,1701023112,11
frontier07737,1701023099,1701023111,12
frontier07738,1701023098,1701023110,12
frontier07739,1701023075,1701023094,19
frontier07740,1701023079,1701023096,17
frontier07741,1701023077,1701023095,18
frontier07742,1701023098,1701023110,12
frontier07743,1701023100,1701023111,11
frontier07744,1701023077,1701023096,19
frontier07745,1701023098,1701023110,12
frontier07746,1701023076,1701023095,19
frontier07747,1701023100,1701023111,11
frontier07748,1701023077,1701023096,19
frontier07749,1701023083,1701023100,17
frontier07750,1701023082,1701023097,15
frontier07751,1701023084,1701023097,13
frontier07752,1701023064,1701023077,13
frontier07753,1701023034,1701023043,9
frontier07754,1701023064,1701023077,13
frontier07836,1701023084,1701023097,13
frontier07837,1701023064,1701023077,13
frontier07838,1701023091,1701023100,9
frontier07839,1701023101,1701023112,11
frontier07842,1701023101,1701023112,11
frontier07846,1701023071,1701023093,22
frontier07847,1701023111,1701023113,2
frontier07848,1701023100,1701023111,11
frontier07849,1701023079,1701023096,17
frontier07850,1701023099,1701023111,12
frontier07851,1701023112,1701023114,2
frontier07852,1701023051,1701023064,13
frontier07853,1701023071,1701023092,21
frontier07854,1701023099,1701023111,12
frontier07855,1701023100,1701023111,11
frontier07856,1701023099,1701023111,12
frontier07857,1701023043,1701023051,8
frontier07858,1701023067,1701023082,15
frontier07859,1701023043,1701023058,15
frontier07860,1701023031,1701023034,3
frontier07861,1701023085,1701023097,12
frontier07862,1701023085,1701023097,12
frontier07863,1701023034,1701023044,10
frontier07864,1701023098,1701023109,11
frontier07865,1701023079,1701023097,18
frontier07866,1701023076,1701023096,20
frontier07867,1701023077,1701023097,20
frontier07868,1701023099,1701023111,12
frontier07869,1701023070,1701023092,22
frontier07870,1701023080,1701023097,17
frontier07871,1701023099,1701023111,12
frontier07872,1701023076,1701023095,19
frontier07873,1701023099,1701023111,12
frontier07874,1701023079,1701023097,18
frontier07875,1701023076,1701023097,21
frontier07876,1701023089,1701023097,8
frontier07877,1701023070,1701023091,21
frontier07878,1701023098,1701023110,12
frontier07879,1701023058,1701023066,8
frontier07880,1701023100,1701023111,11
frontier07966,1701023013,1701023019,6
frontier07967,1701023082,1701023097,15
frontier07968,1701023013,1701023018,5
frontier07969,1701023109,1701023112,3
frontier07970,1701023094,1701023101,7
frontier07971,1701023080,1701023097,17
frontier07972,1701023064,1701023078,14
frontier07973,1701023091,1701023100,9
frontier07974,1701023042,1701023057,15
frontier07976,1701023085,1701023097,12
frontier07977,1701023064,1701023079,15
frontier07978,1701023098,1701023109,11
frontier07979,1701023075,1701023093,18
frontier07980,1701023079,1701023097,18
frontier07981,1701023046,1701023057,11
frontier07982,1701023096,1701023101,5
frontier07983,1701023031,1701023034,3
frontier07984,1701023093,1701023102,9
frontier07985,1701023081,1701023097,16
frontier07986,1701023031,1701023034,3
frontier07987,1701023043,1701023057,14
frontier07988,1701023082,1701023097,15
frontier07991,1701023085,1701023097,12
frontier07992,1701023080,1701023097,17
frontier07993,1701023111,1701023113,2
frontier07994,1701023043,1701023050,7
frontier07995,1701023064,1701023077,13
frontier07996,1701023100,1701023111,11
frontier07997,1701023079,1701023096,17
frontier07998,1701023079,1701023097,18
frontier07999,1701023098,1701023110,12
frontier08000,1701023077,1701023097,20
frontier08001,1701023070,1701023091,21
frontier08002,1701023076,1701023094,18
frontier08003,1701023076,1701023095,19
frontier08004,1701023076,1701023096,20
frontier08005,1701023099,1701023111,12
frontier08006,1701023075,1701023095,20
frontier08007,1701023079,1701023098,19
frontier08008,1701023079,1701023096,17
frontier08093,1701023095,1701023103,8
frontier08097,1701023092,1701023101,9
frontier08099,1701023099,1701023111,12
frontier08100,1701023079,1701023098,19
frontier08101,1701023051,1701023066,15
frontier08102,1701023056,1701023066,10
frontier08103,1701023079,1701023096,17
frontier08104,1701023077,1701023096,19
frontier08105,1701023111,1701023113,2
frontier08106,1701023079,1701023097,18
frontier08107,1701023079,1701023097,18
frontier08108,1701023100,1701023111,11
frontier08109,1701023098,1701023109,11
frontier08110,1701023098,1701023110,12
frontier08111,1701023098,1701023109,11
frontier08112,1701023079,1701023097,18
frontier08113,1701023076,1701023097,21
frontier08114,1701023098,1701023109,11
frontier08115,1701023101,1701023111,10
frontier08116,1701023101,1701023112,11
frontier08117,1701023076,1701023095,19
frontier08118,1701023099,1701023111,12
frontier08119,1701023099,1701023111,12
frontier08120,1701023100,1701023111,11
frontier08121,1701023076,1701023097,21
frontier08122,1701023076,1701023095,19
frontier08123,1701023099,1701023110,11
frontier08124,1701023099,1701023111,12
frontier08125,1701023100,1701023111,11
frontier08126,1701023101,1701023112,11
frontier08127,1701023101,1701023112,11
frontier08128,1701023099,1701023111,12
frontier08129,1701023074,1701023094,20
frontier08130,1701023075,1701023096,21
frontier08131,1701023069,1701023088,19
frontier08132,1701023075,1701023095,20
frontier08133,1701023079,1701023097,18
frontier08134,1701023064,1701023083,19
frontier08135,1701023031,1701023034,3
frontier08136,1701023086,1701023098,12
frontier08225,1701023075,1701023094,19
frontier08226,1701023071,1701023092,21
frontier08227,1701023092,1701023097,5
frontier08228,1701023101,1701023112,11
frontier08229,1701023079,1701023097,18
frontier08230,1701023098,1701023110,12
frontier08231,1701023079,1701023097,18
frontier08232,1701023100,1701023111,11
frontier08233,1701023079,1701023097,18
frontier08234,1701023076,1701023094,18
frontier08235,1701023079,1701023096,17
frontier08236,1701023075,1701023097,22
frontier08237,1701023075,1701023095,20
frontier08238,1701023076,1701023095,19
frontier08239,1701023099,1701023110,11
frontier08240,1701023079,1701023097,18
frontier08241,1701023076,1701023097,21
frontier08242,1701023112,1701023114,2
frontier08243,1701023079,1701023097,18
frontier08244,1701023058,1701023066,8
frontier08245,1701023075,1701023094,19
frontier08246,1701023100,1701023111,11
frontier08247,1701023098,1701023110,12
frontier08248,1701023111,1701023113,2
frontier08249,1701023069,1701023092,23
frontier08250,1701023074,1701023097,23
frontier08251,1701023079,1701023096,17
frontier08252,1701023099,1701023110,11
frontier08253,1701023070,1701023093,23
frontier08254,1701023112,1701023114,2
frontier08255,1701023099,1701023110,11
frontier08256,1701023056,1701023066,10
frontier08257,1701023100,1701023111,11
frontier08258,1701023077,1701023097,20
frontier08259,1701023076,1701023095,19
frontier08260,1701023098,1701023111,13
frontier08261,1701023097,1701023109,12
frontier08262,1701023031,1701023034,3
frontier08263,1701023013,1701023018,5
frontier08264,1701023081,1701023097,16
frontier08348,1701023101,1701023112,11
frontier08349,1701023101,1701023112,11
frontier08350,1701023079,1701023096,17
frontier08351,1701023112,1701023114,2
frontier08353,1701023098,1701023110,12
frontier08354,1701023111,1701023113,2
frontier08355,1701023098,1701023110,12
frontier08357,1701023099,1701023110,11
frontier08358,1701023076,1701023095,19
frontier08359,1701023100,1701023111,11
frontier08363,1701023076,1701023097,21
frontier08364,1701023098,1701023110,12
frontier08365,1701023098,1701023109,11
frontier08366,1701023099,1701023110,11
frontier08367,1701023099,1701023110,11
frontier08368,1701023077,1701023095,18
frontier08369,1701023098,1701023109,11
frontier08370,1701023015,1701023019,4
frontier08371,1701023013,1701023019,6
frontier08372,1701023075,1701023094,19
frontier08373,1701023101,1701023112,11
frontier08374,1701023076,1701023097,21
frontier08375,1701023098,1701023110,12
frontier08376,1701023100,1701023111,11
frontier08377,1701023101,1701023111,10
frontier08378,1701023057,1701023066,9
frontier08379,1701023032,1701023044,12
frontier08380,1701023112,1701023113,1
frontier08381,1701023079,1701023098,19
frontier08382,1701023076,1701023097,21
frontier08383,1701023101,1701023112,11
frontier08384,1701023079,1701023096,17
frontier08385,1701023100,1701023111,11
frontier08386,1701023077,1701023096,19
frontier08387,1701023074,1701023094,20
frontier08388,1701023059,1701023079,20
frontier08389,1701023099,1701023111,12
frontier08390,1701023012,1701023018,6
frontier08391,1701023094,1701023097,3
frontier08392,1701023080,1701023096,16
frontier08479,1701023074,1701023093,19
frontier08480,1701023077,1701023096,19
frontier08481,1701023076,1701023095,19
frontier08482,1701023101,1701023111,10
frontier08483,1701023077,1701023097,20
frontier08484,1701023075,1701023097,22
frontier08485,1701023099,1701023111,12
frontier08487,1701023099,1701023111,12
frontier08488,1701023098,1701023108,10
frontier08489,1701023098,1701023109,11
frontier08490,1701023075,1701023094,19
frontier08491,1701023101,1701023111,10
frontier08492,1701023051,1701023066,15
frontier08493,1701023101,1701023112,11
frontier08494,1701023075,1701023097,22
frontier08495,1701023076,1701023095,19
frontier08496,1701023098,1701023110,12
frontier08497,1701023099,1701023111,12
frontier08498,1701023079,1701023096,17
frontier08499,1701023064,1701023078,14
frontier08500,1701023101,1701023112,11
frontier08501,1701023093,1701023102,9
frontier08502,1701023112,1701023113,1
frontier08503,1701023049,1701023064,15
frontier08504,1701023082,1701023097,15
frontier08505,1701023049,1701023059,10
frontier08506,1701023098,1701023110,12
frontier08507,1701023087,1701023097,10
frontier08512,1701023098,1701023110,12
frontier08513,1701023100,1701023112,12
frontier08514,1701023079,1701023096,17
frontier08515,1701023098,1701023109,11
frontier08516,1701023056,1701023066,10
frontier08517,1701023101,1701023112,11
frontier08518,1701023098,1701023109,11
frontier08519,1701023098,1701023109,11
frontier08520,1701023101,1701023112,11
frontier08521,1701023057,1701023064,7
frontier08522,1701023079,1701023097,18
frontier08523,1701023079,1701023096,17
frontier08611,1701023076,1701023096,20
frontier08612,1701023098,1701023109,11
frontier08613,1701023098,1701023109,11
frontier08614,1701023110,1701023113,3
frontier08615,1701023079,1701023096,17
frontier08616,1701023099,1701023110,11
frontier08617,1701023028,1701023033,5
frontier08618,1701023099,1701023111,12
frontier08619,1701023100,1701023112,12
frontier08620,1701023062,1701023068,6
frontier08621,1701023079,1701023096,17
frontier08622,1701023099,1701023110,11
frontier08623,1701023069,1701023093,24
frontier08624,1701023074,1701023093,19
frontier08625,1701023079,1701023096,17
frontier08626,1701023075,1701023095,20
frontier08627,1701023079,1701023096,17
frontier08628,1701023098,1701023109,11
frontier08629,1701023075,1701023095,20
frontier08630,1701023101,1701023112,11
frontier08631,1701023101,1701023112,11
frontier08632,1701023077,1701023097,20
frontier08633,1701023070,1701023092,22
frontier08634,1701023077,1701023095,18
frontier08635,1701023101,1701023111,10
frontier08636,1701023070,1701023092,22
frontier08637,1701023100,1701023111,11
frontier08638,1701023112,1701023114,2
frontier08639,1701023099,1701023111,12
frontier08640,1701023079,1701023097,18
frontier08641,1701023076,1701023097,21
frontier08642,1701023112,1701023114,2
frontier08643,1701023058,1701023077,19
frontier08644,1701023112,1701023114,2
frontier08645,1701023095,1701023097,2
frontier08646,1701023028,1701023033,5
frontier08647,1701023101,1701023111,10
frontier08648,1701023058,1701023066,8
frontier08649,1701023031,1701023034,3
frontier08650,1701023079,1701023096,17
frontier08736,1701023069,1701023093,24
frontier08737,1701023089,1701023097,8
frontier08738,1701023042,1701023058,16
frontier08739,1701023064,1701023074,10
frontier08740,1701023064,1701023079,15
frontier08741,1701023082,1701023097,15
frontier08742,1701023101,1701023111,10
frontier08743,1701023079,1701023097,18
frontier08744,1701023099,1701023111,12
frontier08745,1701023100,1701023111,11
frontier08746,1701023092,1701023097,5
frontier08747,1701023100,1701023111,11
frontier08748,1701023034,1701023044,10
frontier08749,1701023071,1701023092,21
frontier08750,1701023085,1701023098,13
frontier08751,1701023077,1701023096,19
frontier08752,1701023100,1701023111,11
frontier08753,1701023099,1701023111,12
frontier08754,1701023057,1701023066,9
frontier08755,1701023043,1701023058,15
frontier08756,1701023031,1701023034,3
frontier08757,1701023092,1701023100,8
frontier08758,1701023050,1701023064,14
frontier08759,1701023003,1701023006,3
frontier08760,1701023085,1701023097,12
frontier08761,1701023095,1701023098,3
frontier08762,1701023099,1701023112,13
frontier08763,1701023112,1701023114,2
frontier08764,1701023099,1701023111,12
frontier08765,1701023077,1701023096,19
frontier08766,1701023076,1701023097,21
frontier08768,1701023083,1701023097,14
frontier08769,1701023081,1701023097,16
frontier08770,1701023093,1701023102,9
frontier08771,1701023075,1701023095,20
frontier08772,1701023099,1701023110,11
frontier08773,1701023079,1701023096,17
frontier08774,1701023084,1701023099,15
frontier08775,1701023064,1701023077,13
frontier08776,1701023031,1701023034,3
frontier08867,1701023098,1701023110,12
frontier08868,1701023101,1701023112,11
frontier08869,1701023079,1701023096,17
frontier08870,1701023100,1701023111,11
frontier08871,1701023074,1701023094,20
frontier08872,1701023081,1701023097,16
frontier08873,1701023098,1701023110,12
frontier08874,1701023079,1701023097,18
frontier08875,1701023082,1701023097,15
frontier08876,1701023049,1701023057,8
frontier08877,1701023043,1701023051,8
frontier08878,1701023082,1701023097,15
frontier08879,1701023045,1701023051,6
frontier08880,1701023091,1701023097,6
frontier08881,1701023064,1701023078,14
frontier08882,1701023079,1701023098,19
frontier08883,1701023031,1701023034,3
frontier08884,1701023091,1701023097,6
frontier08885,1701023103,1701023112,9
frontier08886,1701023068,1701023083,15
frontier08887,1701023084,1701023097,13
frontier08888,1701023083,1701023097,14
frontier08889,1701023064,1701023081,17
frontier08890,1701023050,1701023064,14
frontier08891,1701023100,1701023111,11
frontier08892,1701023079,1701023096,17
frontier08893,1701023079,1701023097,18
frontier08894,1701023079,1701023097,18
frontier08895,1701023112,1701023114,2
frontier08896,1701023092,1701023099,7
frontier08897,1701023079,1701023096,17
frontier08898,1701023076,1701023097,21
frontier08899,1701023099,1701023111,12
frontier08900,1701023098,1701023110,12
frontier08901,1701023112,1701023114,2
frontier08902,1701023098,1701023109,11
frontier08903,1701023079,1701023097,18
frontier08904,1701023079,1701023096,17
frontier08905,1701023077,1701023095,18
frontier08906,1701023101,1701023112,11
frontier08992,1701023098,1701023109,11
frontier08993,1701023079,1701023098,19
frontier08994,1701023095,1701023099,4
frontier08995,1701023049,1701023056,7
frontier08996,1701023093,1701023102,9
frontier08997,1701023049,1701023059,10
frontier08998,1701023075,1701023095,20
frontier08999,1701023112,1701023114,2
frontier09000,1701023093,1701023102,9
frontier09001,1701023081,1701023097,16
frontier09002,1701023082,1701023096,14
frontier09003,1701023044,1701023051,7
frontier09004,1701023098,1701023110,12
frontier09005,1701023044,1701023051,7
frontier09006,1701023085,1701023097,12
frontier09007,1701023098,1701023111,13
frontier09008,1701023099,1701023111,12
frontier09009,1701023098,1701023110,12
frontier09010,1701023087,1701023100,13
frontier09011,1701023099,1701023111,12
frontier09012,1701023076,1701023095,19
frontier09013,1701023071,1701023092,21
frontier09014,1701023098,1701023109,11
frontier09015,1701023100,1701023111,11
frontier09016,1701023098,1701023109,11
frontier09017,1701023098,1701023109,11
frontier09018,1701023100,1701023111,11
frontier09019,1701023076,1701023097,21
frontier09020,1701023099,1701023111,12
frontier09021,1701023064,1701023076,12
frontier09022,1701023079,1701023096,17
frontier09023,1701023111,1701023113,2
frontier09024,1701023086,1701023097,11
frontier09025,1701023101,1701023112,11
frontier09026,1701023031,1701023034,3
frontier09027,1701023043,1701023051,8
frontier09028,1701023068,1701023079,11
frontier09029,1701023064,1701023077,13
frontier09030,1701023034,1701023043,9
frontier09031,1701023091,1701023103,12
frontier10144,1701023043,1701023057,14
frontier10145,1701023079,1701023097,18
frontier10146,1701023099,1701023111,12
frontier10147,1701023074,1701023094,20
frontier10148,1701023098,1701023110,12
frontier10149,1701023099,1701023111,12
frontier10150,1701023002,1701023004,2
frontier10151,1701023100,1701023110,10
frontier10152,1701023098,1701023109,11
frontier10153,1701023101,1701023111,10
frontier10154,1701023101,1701023112,11
frontier10155,1701023084,1701023097,13
frontier10156,1701023047,1701023057,10
frontier10157,1701023064,1701023077,13
frontier10158,1701023064,1701023076,12
frontier10159,1701023085,1701023097,12
frontier10160,1701023099,1701023110,11
frontier10161,1701023079,1701023096,17
frontier10162,1701023094,1701023098,4
frontier10163,1701023045,1701023051,6
frontier10164,1701023050,1701023064,14
frontier10165,1701023088,1701023097,9
frontier10166,1701023032,1701023034,2
frontier10167,1701023049,1701023064,15
frontier10168,1701023084,1701023097,13
frontier10169,1701023079,1701023097,18
frontier10170,1701023070,1701023091,21
frontier10171,1701023098,1701023109,11
frontier10172,1701023099,1701023110,11
frontier10173,1701023108,1701023112,4
frontier10174,1701023077,1701023096,19
frontier10175,1701023079,1701023097,18
frontier10176,1701023079,1701023096,17
frontier10177,1701023098,1701023109,11
frontier10178,1701023098,1701023110,12
frontier10179,1701023076,1701023097,21
frontier10180,1701023075,1701023094,19
frontier10181,1701023100,1701023112,12
frontier10182,1701023076,1701023095,19
frontier10183,1701023111,1701023113,2
frontier10272,1701023111,1701023113,2
frontier10273,1701023081,1701023098,17
frontier10274,1701023069,1701023083,14
frontier10275,1701023098,1701023109,11
frontier10276,1701023077,1701023097,20
frontier10277,1701023074,1701023093,19
frontier10278,1701023076,1701023095,19
frontier10279,1701023099,1701023111,12
frontier10280,1701023101,1701023112,11
frontier10281,1701023081,1701023097,16
frontier10282,1701023082,1701023097,15
frontier10283,1701023098,1701023109,11
frontier10284,1701023085,1701023097,12
frontier10285,1701023031,1701023034,3
frontier10286,1701023082,1701023097,15
frontier10287,1701023097,1701023109,12
frontier10288,1701023044,1701023056,12
frontier10289,1701023098,1701023109,11
frontier10290,1701023098,1701023110,12
frontier10291,1701023043,1701023057,14
frontier10292,1701023112,1701023114,2
frontier10294,1701023064,1701023076,12
frontier10295,1701023064,1701023076,12
frontier10296,1701023044,1701023051,7
frontier10297,1701023032,1701023034,2
frontier10298,1701023085,1701023097,12
frontier10299,1701023004,1701023007,3
frontier10300,1701023083,1701023097,14
frontier10301,1701023043,1701023057,14
frontier10302,1701023064,1701023075,11
frontier10303,1701023068,1701023079,11
frontier10304,1701023091,1701023097,6
frontier10305,1701023083,1701023098,15
frontier10306,1701023064,1701023074,10
frontier10307,1701023064,1701023074,10
frontier10308,1701023085,1701023097,12
frontier10309,1701023044,1701023051,7
frontier10310,1701023086,1701023097,11
frontier10311,1701023034,1701023044,10
frontier10312,1701023083,1701023098,15
frontier10396,1701023032,1701023034,2
frontier10397,1701023049,1701023058,9
frontier10398,1701023097,1701023109,12
frontier10399,1701023110,1701023113,3
frontier10400,1701023100,1701023112,12
frontier10401,1701023085,1701023097,12
frontier10402,1701023080,1701023097,17
frontier10403,1701023100,1701023111,11
frontier10404,1701023076,1701023095,19
frontier10405,1701023076,1701023095,19
frontier10406,1701023079,1701023097,18
frontier10407,1701023100,1701023111,11
frontier10408,1701023034,1701023044,10
frontier10409,1701023085,1701023097,12
frontier10410,1701023071,1701023094,23
frontier10411,1701023100,1701023112,12
frontier10412,1701023081,1701023097,16
frontier10413,1701023101,1701023112,11
frontier10414,1701023111,1701023113,2
frontier10415,1701023100,1701023111,11
frontier10416,1701023058,1701023067,9
frontier10417,1701023076,1701023097,21
frontier10418,1701023101,1701023112,11
frontier10419,1701023099,1701023112,13
frontier10420,1701023087,1701023097,10
frontier10421,1701023085,1701023097,12
frontier10422,1701023082,1701023097,15
frontier10424,1701023064,1701023077,13
frontier10426,1701023099,1701023111,12
frontier10427,1701023099,1701023111,12
frontier10428,1701023058,1701023067,9
frontier10429,1701023078,1701023096,18
frontier10432,1701023099,1701023111,12
frontier10433,1701023078,1701023097,19
frontier10434,1701023079,1701023097,18
frontier10435,1701023079,1701023096,17
frontier10436,1701023077,1701023096,19
frontier10437,1701023099,1701023110,11
frontier10438,1701023099,1701023111,12
frontier10439,1701023099,1701023111,12
