frontier00001,1714429616,1714429645,29
frontier00004,1714429572,1714429578,6
frontier00014,1714429616,1714429645,29
frontier00015,1714429616,1714429645,29
frontier00016,1714429531,1714429535,4
frontier00017,1714429652,1714429668,16
frontier00018,1714429625,1714429647,22
frontier00023,1714429614,1714429645,31
frontier00024,1714429645,1714429668,23
frontier00025,1714429643,1714429667,24
frontier00026,1714429542,1714429558,16
frontier00029,1714429586,1714429627,41
frontier00030,1714429550,1714429558,8
frontier00031,1714429640,1714429666,26
frontier00033,1714429616,1714429645,29
frontier00034,1714429645,1714429667,22
frontier00035,1714429543,1714429558,15
frontier00036,1714429638,1714429666,28
frontier00039,1714429643,1714429668,25
frontier00042,1714429652,1714429668,16
frontier00043,1714429639,1714429666,27
frontier00047,1714429647,1714429668,21
frontier00049,1714429616,1714429645,29
frontier00052,1714429652,1714429668,16
frontier00053,1714429630,1714429651,21
frontier00058,1714429643,1714429667,24
frontier00068,1714429616,1714429645,29
frontier00074,1714429539,1714429542,3
frontier00078,1714429616,1714429645,29
frontier00095,1714429573,1714429578,5
frontier00096,1714429613,1714429644,31
frontier00097,1714429643,1714429667,24
frontier00098,1714429617,1714429646,29
frontier00099,1714429605,1714429644,39
frontier00100,1714429548,1714429558,10
frontier00101,1714429572,1714429578,6
frontier00102,1714429644,1714429667,23
frontier00103,1714429616,1714429645,29
frontier00104,1714429552,1714429557,5
frontier00105,1714429616,1714429645,29
frontier00106,1714429588,1714429606,18
frontier00107,1714429572,1714429582,10
frontier00108,1714429616,1714429644,28
frontier00109,1714429616,1714429645,29
frontier00110,1714429645,1714429667,22
frontier00111,1714429616,1714429645,29
frontier00112,1714429616,1714429645,29
frontier00115,1714429644,1714429667,23
frontier00116,1714429643,1714429667,24
frontier00117,1714429588,1714429618,30
frontier00118,1714429588,1714429628,40
frontier00119,1714429605,1714429643,38
frontier00120,1714429644,1714429667,23
frontier00121,1714429616,1714429644,28
frontier00122,1714429645,1714429668,23
frontier00123,1714429618,1714429646,28
frontier00124,1714429586,1714429617,31
frontier00125,1714429616,1714429646,30
frontier00126,1714429645,1714429667,22
frontier00127,1714429648,1714429668,20
frontier00128,1714429572,1714429578,6
frontier00132,1714429572,1714429578,6
frontier00135,1714429618,1714429646,28
frontier00136,1714429616,1714429646,30
frontier00138,1714429634,1714429653,19
frontier00140,1714429639,1714429666,27
frontier00143,1714429645,1714429667,22
frontier00151,1714429641,1714429666,25
frontier00153,1714429652,1714429668,16
frontier00154,1714429616,1714429645,29
frontier00155,1714429645,1714429667,22
frontier00156,1714429616,1714429646,30
frontier00157,1714429558,1714429571,13
frontier00158,1714429587,1714429617,30
frontier00161,1714429616,1714429645,29
frontier00162,1714429646,1714429668,22
frontier00163,1714429645,1714429668,23
frontier00165,1714429617,1714429646,29
frontier00170,1714429626,1714429648,22
frontier00174,1714429613,1714429644,31
frontier00177,1714429645,1714429667,22
frontier00183,1714429616,1714429646,30
frontier00184,1714429644,1714429667,23
frontier00188,1714429616,1714429645,29
frontier00189,1714429605,1714429645,40
frontier00193,1714429616,1714429645,29
frontier00194,1714429613,1714429645,32
frontier00203,1714429647,1714429668,21
frontier00209,1714429642,1714429667,25
frontier00211,1714429588,1714429627,39
frontier00220,1714429636,1714429653,17
frontier00221,1714429616,1714429645,29
frontier00222,1714429652,1714429668,16
frontier00223,1714429643,1714429667,24
frontier00224,1714429647,1714429668,21
frontier00225,1714429638,1714429658,20
frontier00226,1714429563,1714429571,8
frontier00227,1714429652,1714429668,16
frontier00228,1714429616,1714429646,30
frontier00229,1714429651,1714429668,17
frontier00230,1714429577,1714429588,11
frontier00231,1714429588,1714429628,40
frontier00232,1714429644,1714429667,23
frontier00233,1714429578,1714429587,9
frontier00234,1714429570,1714429572,2
frontier00235,1714429630,1714429651,21
frontier00236,1714429643,1714429667,24
frontier00237,1714429645,1714429668,23
frontier00238,1714429616,1714429646,30
frontier00239,1714429589,1714429628,39
frontier00240,1714429572,1714429578,6
frontier00241,1714429616,1714429645,29
frontier00242,1714429641,1714429666,25
frontier00243,1714429645,1714429667,22
frontier00244,1714429616,1714429645,29
frontier00245,1714429573,1714429578,5
frontier00246,1714429581,1714429587,6
frontier00247,1714429616,1714429645,29
frontier00248,1714429616,1714429646,30
frontier00249,1714429645,1714429668,23
frontier00250,1714429634,1714429653,19
frontier00251,1714429613,1714429645,32
frontier00252,1714429644,1714429667,23
frontier00253,1714429548,1714429553,5
frontier00254,1714429628,1714429650,22
frontier00255,1714429616,1714429645,29
frontier00256,1714429586,1714429617,31
frontier00257,1714429616,1714429645,29
frontier00260,1714429616,1714429646,30
frontier00273,1714429534,1714429536,2
frontier00275,1714429558,1714429572,14
frontier00276,1714429616,1714429645,29
frontier00277,1714429564,1714429572,8
frontier00278,1714429558,1714429570,12
frontier00279,1714429616,1714429645,29
frontier00281,1714429645,1714429668,23
frontier00283,1714429616,1714429645,29
frontier00284,1714429572,1714429578,6
frontier00285,1714429644,1714429667,23
frontier00286,1714429542,1714429557,15
frontier00288,1714429645,1714429667,22
frontier00290,1714429613,1714429644,31
frontier00291,1714429588,1714429616,28
frontier00292,1714429651,1714429668,17
frontier00296,1714429645,1714429667,22
frontier00302,1714429616,1714429645,29
frontier00304,1714429628,1714429650,22
frontier00306,1714429643,1714429668,25
frontier00308,1714429645,1714429668,23
frontier00310,1714429652,1714429668,16
frontier00312,1714429645,1714429668,23
frontier00317,1714429539,1714429542,3
frontier00319,1714429616,1714429645,29
frontier00327,1714429616,1714429645,29
frontier00330,1714429616,1714429644,28
frontier00331,1714429570,1714429572,2
frontier00332,1714429652,1714429668,16
frontier00337,1714429548,1714429558,10
frontier00339,1714429558,1714429570,12
frontier00350,1714429616,1714429645,29
frontier00351,1714429605,1714429644,39
frontier00352,1714429646,1714429667,21
frontier00353,1714429647,1714429668,21
frontier00354,1714429588,1714429613,25
frontier00355,1714429616,1714429645,29
frontier00356,1714429588,1714429607,19
frontier00357,1714429588,1714429616,28
frontier00358,1714429536,1714429543,7
frontier00359,1714429645,1714429668,23
frontier00360,1714429627,1714429648,21
frontier00361,1714429652,1714429668,16
frontier00362,1714429616,1714429645,29
frontier00363,1714429616,1714429645,29
frontier00364,1714429616,1714429644,28
frontier00365,1714429616,1714429644,28
frontier00366,1714429546,1714429557,11
frontier00367,1714429557,1714429570,13
frontier00368,1714429640,1714429667,27
frontier00369,1714429588,1714429616,28
frontier00370,1714429616,1714429646,30
frontier00371,1714429644,1714429667,23
frontier00372,1714429616,1714429647,31
frontier00373,1714429548,1714429558,10
frontier00374,1714429616,1714429645,29
frontier00375,1714429542,1714429557,15
frontier00376,1714429570,1714429572,2
frontier00377,1714429578,1714429588,10
frontier00378,1714429578,1714429588,10
frontier00379,1714429584,1714429588,4
frontier00380,1714429564,1714429572,8
frontier00381,1714429616,1714429645,29
frontier00382,1714429558,1714429570,12
frontier00383,1714429633,1714429652,19
frontier00384,1714429616,1714429645,29
frontier00385,1714429638,1714429666,28
frontier00387,1714429570,1714429572,2
frontier00389,1714429625,1714429646,21
frontier00391,1714429572,1714429578,6
frontier00395,1714429645,1714429668,23
frontier00397,1714429616,1714429645,29
frontier00406,1714429616,1714429645,29
frontier00407,1714429539,1714429542,3
frontier00408,1714429614,1714429644,30
frontier00411,1714429616,1714429645,29
frontier00412,1714429616,1714429645,29
frontier00415,1714429644,1714429668,24
frontier00417,1714429614,1714429645,31
frontier00418,1714429645,1714429668,23
frontier00420,1714429645,1714429667,22
frontier00422,1714429588,1714429626,38
frontier00428,1714429640,1714429666,26
frontier00431,1714429613,1714429644,31
frontier00432,1714429644,1714429667,23
frontier00434,1714429616,1714429645,29
frontier00436,1714429616,1714429645,29
frontier00441,1714429645,1714429668,23
frontier00442,1714429588,1714429617,29
frontier00457,1714429548,1714429558,10
frontier00469,1714429616,1714429645,29
frontier00470,1714429558,1714429570,12
frontier00471,1714429645,1714429668,23
frontier00472,1714429645,1714429668,23
frontier00473,1714429570,1714429572,2
frontier00474,1714429635,1714429653,18
frontier00475,1714429542,1714429557,15
frontier00476,1714429588,1714429616,28
frontier00477,1714429588,1714429628,40
frontier00478,1714429645,1714429667,22
frontier00479,1714429616,1714429645,29
frontier00480,1714429590,1714429629,39
frontier00481,1714429588,1714429627,39
frontier00482,1714429617,1714429646,29
frontier00483,1714429645,1714429667,22
frontier00484,1714429616,1714429645,29
frontier00485,1714429633,1714429653,20
frontier00486,1714429616,1714429645,29
frontier00487,1714429558,1714429571,13
frontier00488,1714429640,1714429666,26
frontier00489,1714429616,1714429644,28
frontier00490,1714429616,1714429645,29
frontier00491,1714429645,1714429667,22
frontier00492,1714429616,1714429646,30
frontier00493,1714429586,1714429617,31
frontier00494,1714429617,1714429646,29
frontier00495,1714429616,1714429645,29
frontier00496,1714429642,1714429666,24
frontier00497,1714429609,1714429645,36
frontier00498,1714429588,1714429627,39
frontier00499,1714429614,1714429645,31
frontier00500,1714429616,1714429645,29
frontier00501,1714429616,1714429644,28
frontier00502,1714429572,1714429578,6
frontier00503,1714429633,1714429652,19
frontier00504,1714429645,1714429668,23
frontier00505,1714429616,1714429646,30
frontier00506,1714429616,1714429646,30
frontier00507,1714429616,1714429645,29
frontier00508,1714429616,1714429646,30
frontier00509,1714429644,1714429667,23
frontier00510,1714429588,1714429617,29
frontier00511,1714429614,1714429644,30
frontier00512,1714429605,1714429644,39
frontier00513,1714429616,1714429645,29
frontier00515,1714429616,1714429645,29
frontier00517,1714429626,1714429648,22
frontier00520,1714429645,1714429668,23
frontier00521,1714429572,1714429578,6
frontier00522,1714429644,1714429667,23
frontier00523,1714429548,1714429558,10
frontier00525,1714429645,1714429668,23
frontier00526,1714429645,1714429668,23
frontier00527,1714429616,1714429645,29
frontier00528,1714429647,1714429668,21
frontier00529,1714429644,1714429667,23
frontier00532,1714429646,1714429668,22
frontier00533,1714429644,1714429667,23
frontier00534,1714429616,1714429645,29
frontier00535,1714429612,1714429644,32
frontier00536,1714429558,1714429570,12
frontier00537,1714429616,1714429645,29
frontier00538,1714429616,1714429645,29
frontier00539,1714429644,1714429668,24
frontier00540,1714429616,1714429645,29
frontier00541,1714429572,1714429578,6
frontier00569,1714429645,1714429667,22
frontier00571,1714429652,1714429668,16
frontier00586,1714429577,1714429588,11
frontier00592,1714429645,1714429668,23
frontier00599,1714429613,1714429644,31
frontier00606,1714429616,1714429645,29
frontier00610,1714429548,1714429553,5
frontier00611,1714429643,1714429667,24
frontier00612,1714429558,1714429571,13
frontier00617,1714429643,1714429668,25
frontier00618,1714429643,1714429667,24
frontier00619,1714429643,1714429667,24
frontier00620,1714429644,1714429667,23
frontier00621,1714429616,1714429644,28
frontier00622,1714429651,1714429668,17
frontier00623,1714429616,1714429644,28
frontier00624,1714429614,1714429645,31
frontier00625,1714429573,1714429578,5
frontier00626,1714429616,1714429645,29
frontier00627,1714429534,1714429539,5
frontier00628,1714429642,1714429667,25
frontier00629,1714429616,1714429645,29
frontier00630,1714429651,1714429668,17
frontier00631,1714429641,1714429667,26
frontier00632,1714429643,1714429667,24
frontier00633,1714429605,1714429644,39
frontier00634,1714429635,1714429653,18
frontier00635,1714429616,1714429645,29
frontier00636,1714429628,1714429650,22
frontier00637,1714429587,1714429625,38
frontier00638,1714429645,1714429668,23
frontier00639,1714429616,1714429646,30
frontier00640,1714429588,1714429628,40
frontier00642,1714429536,1714429538,2
frontier00643,1714429645,1714429667,22
frontier00644,1714429588,1714429628,40
frontier00645,1714429616,1714429645,29
frontier00646,1714429644,1714429667,23
frontier00648,1714429652,1714429668,16
frontier00649,1714429613,1714429645,32
frontier00650,1714429645,1714429668,23
frontier00654,1714429640,1714429666,26
frontier00655,1714429605,1714429644,39
frontier00656,1714429644,1714429667,23
frontier00657,1714429644,1714429667,23
frontier00658,1714429616,1714429645,29
frontier00660,1714429616,1714429645,29
frontier00661,1714429643,1714429667,24
frontier00662,1714429616,1714429645,29
frontier00663,1714429538,1714429539,1
frontier00664,1714429605,1714429644,39
frontier00665,1714429577,1714429586,9
frontier00666,1714429642,1714429666,24
frontier00667,1714429572,1714429578,6
frontier00668,1714429588,1714429617,29
frontier00669,1714429583,1714429587,4
frontier00670,1714429540,1714429550,10
frontier00671,1714429552,1714429553,1
frontier00672,1714429647,1714429668,21
frontier00673,1714429651,1714429668,17
frontier00675,1714429647,1714429668,21
frontier00676,1714429644,1714429668,24
frontier00677,1714429647,1714429668,21
frontier00679,1714429587,1714429617,30
frontier00680,1714429645,1714429667,22
frontier00683,1714429616,1714429646,30
frontier00684,1714429616,1714429645,29
frontier00685,1714429570,1714429572,2
frontier00686,1714429616,1714429645,29
frontier00687,1714429637,1714429654,17
frontier00688,1714429614,1714429645,31
frontier00689,1714429645,1714429667,22
frontier00690,1714429616,1714429645,29
frontier00691,1714429550,1714429558,8
frontier00692,1714429616,1714429645,29
frontier00695,1714429647,1714429668,21
frontier00696,1714429577,1714429586,9
frontier00697,1714429645,1714429668,23
frontier00699,1714429616,1714429645,29
frontier00701,1714429645,1714429667,22
frontier00702,1714429588,1714429625,37
frontier00704,1714429616,1714429645,29
frontier00706,1714429557,1714429571,14
frontier00707,1714429645,1714429667,22
frontier00709,1714429645,1714429668,23
frontier00710,1714429571,1714429572,1
frontier00712,1714429536,1714429538,2
frontier00713,1714429652,1714429668,16
frontier00714,1714429643,1714429667,24
frontier00717,1714429588,1714429617,29
frontier00718,1714429616,1714429646,30
frontier00722,1714429616,1714429646,30
frontier00728,1714429645,1714429668,23
frontier00732,1714429573,1714429578,5
frontier00734,1714429645,1714429667,22
frontier00748,1714429643,1714429667,24
frontier00749,1714429645,1714429668,23
frontier00750,1714429616,1714429645,29
frontier00758,1714429587,1714429617,30
frontier00759,1714429605,1714429643,38
frontier00760,1714429652,1714429668,16
frontier00761,1714429645,1714429667,22
frontier00769,1714429644,1714429667,23
frontier00770,1714429650,1714429668,18
frontier00771,1714429616,1714429645,29
frontier00772,1714429652,1714429668,16
frontier00773,1714429578,1714429588,10
frontier00774,1714429586,1714429628,42
frontier00775,1714429645,1714429668,23
frontier00776,1714429650,1714429668,18
frontier00777,1714429616,1714429645,29
frontier00778,1714429614,1714429644,30
frontier00779,1714429644,1714429667,23
frontier00780,1714429549,1714429558,9
frontier00781,1714429644,1714429667,23
frontier00782,1714429652,1714429668,16
frontier00783,1714429645,1714429668,23
frontier00785,1714429558,1714429570,12
frontier00786,1714429644,1714429668,24
frontier00787,1714429616,1714429646,30
frontier00788,1714429588,1714429616,28
frontier00789,1714429572,1714429578,6
frontier00790,1714429644,1714429667,23
frontier00791,1714429581,1714429587,6
frontier00792,1714429586,1714429626,40
frontier00793,1714429642,1714429667,25
frontier00794,1714429652,1714429668,16
frontier00799,1714429644,1714429667,23
frontier00801,1714429613,1714429645,32
frontier00802,1714429542,1714429557,15
frontier00803,1714429616,1714429644,28
frontier00804,1714429616,1714429646,30
frontier00805,1714429616,1714429646,30
frontier00806,1714429588,1714429616,28
frontier00807,1714429605,1714429645,40
frontier00808,1714429573,1714429578,5
frontier00809,1714429614,1714429645,31
frontier00811,1714429558,1714429570,12
frontier00812,1714429540,1714429543,3
frontier00815,1714429635,1714429653,18
frontier00816,1714429643,1714429667,24
frontier00818,1714429645,1714429667,22
frontier00819,1714429572,1714429578,6
frontier00821,1714429558,1714429571,13
frontier00824,1714429613,1714429644,31
frontier00825,1714429645,1714429667,22
frontier00826,1714429645,1714429668,23
frontier00829,1714429589,1714429629,40
frontier00831,1714429643,1714429667,24
frontier00833,1714429643,1714429667,24
frontier00835,1714429605,1714429644,39
frontier00838,1714429548,1714429558,10
frontier00839,1714429543,1714429557,14
frontier00840,1714429643,1714429667,24
frontier00847,1714429572,1714429578,6
frontier00848,1714429645,1714429668,23
frontier00849,1714429605,1714429644,39
frontier00851,1714429616,1714429645,29
frontier00853,1714429645,1714429668,23
frontier00854,1714429577,1714429587,10
frontier00856,1714429572,1714429578,6
frontier00858,1714429643,1714429667,24
frontier00859,1714429616,1714429645,29
frontier00860,1714429558,1714429571,13
frontier00865,1714429586,1714429616,30
frontier00866,1714429616,1714429645,29
frontier00868,1714429645,1714429667,22
frontier00889,1714429616,1714429645,29
frontier00890,1714429558,1714429570,12
frontier00891,1714429572,1714429578,6
frontier00892,1714429616,1714429645,29
frontier00897,1714429588,1714429628,40
frontier00898,1714429616,1714429645,29
frontier00899,1714429645,1714429668,23
frontier00900,1714429616,1714429645,29
frontier00901,1714429605,1714429644,39
frontier00902,1714429616,1714429644,28
frontier00903,1714429587,1714429616,29
frontier00904,1714429587,1714429617,30
frontier00905,1714429578,1714429588,10
frontier00906,1714429653,1714429668,15
frontier00908,1714429605,1714429644,39
frontier00909,1714429563,1714429570,7
frontier00911,1714429578,1714429588,10
frontier00912,1714429642,1714429667,25
frontier00913,1714429586,1714429614,28
frontier00914,1714429616,1714429644,28
frontier00915,1714429616,1714429644,28
frontier00916,1714429616,1714429645,29
frontier00917,1714429578,1714429588,10
frontier00918,1714429645,1714429668,23
frontier00919,1714429587,1714429616,29
frontier00922,1714429570,1714429572,2
frontier00924,1714429644,1714429667,23
frontier00925,1714429616,1714429645,29
frontier00926,1714429572,1714429578,6
frontier00927,1714429588,1714429628,40
frontier00928,1714429616,1714429645,29
frontier00929,1714429616,1714429645,29
frontier00930,1714429588,1714429620,32
frontier00931,1714429652,1714429668,16
frontier00933,1714429644,1714429667,23
frontier00934,1714429616,1714429645,29
frontier00935,1714429581,1714429587,6
frontier00936,1714429645,1714429667,22
frontier00938,1714429642,1714429667,25
frontier00939,1714429645,1714429667,22
frontier00940,1714429645,1714429667,22
frontier00941,1714429616,1714429645,29
frontier00943,1714429651,1714429668,17
frontier00946,1714429616,1714429645,29
frontier00947,1714429616,1714429645,29
frontier00948,1714429639,1714429658,19
frontier00949,1714429616,1714429645,29
frontier00951,1714429616,1714429645,29
frontier00954,1714429616,1714429645,29
frontier00956,1714429588,1714429616,28
frontier00957,1714429588,1714429628,40
frontier00961,1714429641,1714429666,25
frontier00965,1714429645,1714429668,23
frontier00967,1714429616,1714429646,30
frontier00969,1714429642,1714429666,24
frontier00972,1714429645,1714429668,23
frontier00973,1714429645,1714429668,23
frontier00978,1714429558,1714429570,12
frontier00979,1714429616,1714429645,29
frontier00980,1714429587,1714429606,19
frontier00981,1714429616,1714429644,28
frontier00982,1714429644,1714429667,23
frontier00983,1714429645,1714429667,22
frontier00984,1714429647,1714429668,21
frontier00985,1714429652,1714429668,16
frontier00989,1714429573,1714429578,5
frontier00990,1714429589,1714429629,40
frontier00991,1714429651,1714429668,17
frontier01008,1714429543,1714429558,15
frontier01014,1714429588,1714429617,29
frontier01017,1714429536,1714429550,14
frontier01018,1714429645,1714429668,23
frontier01021,1714429642,1714429666,24
frontier01022,1714429643,1714429667,24
frontier01025,1714429585,1714429588,3
frontier01026,1714429605,1714429643,38
frontier01027,1714429626,1714429648,22
frontier01028,1714429588,1714429617,29
frontier01029,1714429652,1714429668,16
frontier01031,1714429627,1714429650,23
frontier01035,1714429646,1714429667,21
frontier01036,1714429578,1714429588,10
frontier01037,1714429616,1714429645,29
frontier01038,1714429613,1714429645,32
frontier01050,1714429616,1714429646,30
frontier01051,1714429548,1714429558,10
frontier01053,1714429616,1714429645,29
frontier01055,1714429616,1714429645,29
frontier01056,1714429645,1714429667,22
frontier01058,1714429581,1714429586,5
frontier01059,1714429616,1714429645,29
frontier01060,1714429616,1714429645,29
frontier01061,1714429605,1714429644,39
frontier01063,1714429616,1714429645,29
frontier01064,1714429577,1714429586,9
frontier01066,1714429558,1714429571,13
frontier01068,1714429616,1714429644,28
frontier01073,1714429644,1714429667,23
frontier01076,1714429577,1714429586,9
frontier01080,1714429651,1714429668,17
frontier01082,1714429616,1714429645,29
frontier01089,1714429572,1714429585,13
frontier01095,1714429588,1714429617,29
frontier01096,1714429652,1714429668,16
frontier01100,1714429549,1714429558,9
frontier01101,1714429617,1714429646,29
frontier01103,1714429642,1714429666,24
frontier01106,1714429616,1714429645,29
frontier01107,1714429616,1714429645,29
frontier01108,1714429645,1714429668,23
frontier01114,1714429648,1714429668,20
frontier01119,1714429616,1714429645,29
frontier01120,1714429585,1714429587,2
frontier01124,1714429644,1714429667,23
frontier01125,1714429645,1714429667,22
frontier01126,1714429558,1714429570,12
frontier01127,1714429648,1714429668,20
frontier01128,1714429646,1714429668,22
frontier01129,1714429645,1714429668,23
frontier01130,1714429616,1714429645,29
frontier01133,1714429571,1714429572,1
frontier01136,1714429616,1714429645,29
frontier01137,1714429616,1714429645,29
frontier01138,1714429578,1714429587,9
frontier01140,1714429558,1714429570,12
frontier01141,1714429616,1714429645,29
frontier01143,1714429616,1714429645,29
frontier01144,1714429645,1714429667,22
frontier01145,1714429535,1714429538,3
frontier01146,1714429549,1714429558,9
frontier01147,1714429605,1714429643,38
frontier01148,1714429616,1714429646,30
frontier01149,1714429616,1714429645,29
frontier01150,1714429572,1714429578,6
frontier01151,1714429651,1714429668,17
frontier01152,1714429613,1714429645,32
frontier01153,1714429652,1714429668,16
frontier01155,1714429645,1714429668,23
frontier01156,1714429554,1714429555,1
frontier01157,1714429616,1714429645,29
frontier01158,1714429568,1714429572,4
frontier01161,1714429642,1714429667,25
frontier01164,1714429644,1714429667,23
frontier01169,1714429605,1714429644,39
frontier01172,1714429570,1714429572,2
frontier01175,1714429616,1714429646,30
frontier01177,1714429558,1714429572,14
frontier01181,1714429616,1714429644,28
frontier01182,1714429616,1714429645,29
frontier01184,1714429616,1714429645,29
frontier01187,1714429588,1714429616,28
frontier01188,1714429652,1714429668,16
frontier01189,1714429616,1714429645,29
frontier01190,1714429644,1714429667,23
frontier01193,1714429578,1714429587,9
frontier01196,1714429616,1714429646,30
frontier01197,1714429645,1714429668,23
frontier01198,1714429616,1714429645,29
frontier01199,1714429643,1714429667,24
frontier01200,1714429588,1714429628,40
frontier01202,1714429536,1714429539,3
frontier01203,1714429616,1714429645,29
frontier01204,1714429588,1714429617,29
frontier01205,1714429644,1714429667,23
frontier01206,1714429616,1714429645,29
frontier01207,1714429616,1714429646,30
frontier01208,1714429645,1714429668,23
frontier01211,1714429616,1714429646,30
frontier01216,1714429586,1714429625,39
frontier01221,1714429647,1714429668,21
frontier01222,1714429558,1714429571,13
frontier01223,1714429645,1714429668,23
frontier01224,1714429540,1714429542,2
frontier01227,1714429616,1714429645,29
frontier01228,1714429587,1714429625,38
frontier01229,1714429572,1714429578,6
frontier01230,1714429616,1714429646,30
frontier01231,1714429585,1714429587,2
frontier01232,1714429616,1714429645,29
frontier01234,1714429585,1714429587,2
frontier01235,1714429647,1714429668,21
frontier01237,1714429543,1714429558,15
frontier01238,1714429582,1714429588,6
frontier01239,1714429548,1714429558,10
frontier01240,1714429587,1714429618,31
frontier01244,1714429552,1714429558,6
frontier01247,1714429572,1714429578,6
frontier01249,1714429605,1714429644,39
frontier01250,1714429644,1714429667,23
frontier01252,1714429616,1714429645,29
frontier01256,1714429645,1714429668,23
frontier01258,1714429616,1714429644,28
frontier01259,1714429644,1714429667,23
frontier01260,1714429638,1714429655,17
frontier01261,1714429616,1714429645,29
frontier01262,1714429572,1714429578,6
frontier01263,1714429586,1714429617,31
frontier01265,1714429589,1714429627,38
frontier01266,1714429616,1714429645,29
frontier01267,1714429645,1714429668,23
frontier01268,1714429616,1714429645,29
frontier01269,1714429588,1714429616,28
frontier01270,1714429645,1714429667,22
frontier01271,1714429644,1714429667,23
frontier01272,1714429587,1714429618,31
frontier01273,1714429616,1714429645,29
frontier01274,1714429645,1714429667,22
frontier01275,1714429652,1714429668,16
frontier01281,1714429651,1714429668,17
frontier01282,1714429521,1714429524,3
frontier01283,1714429578,1714429586,8
frontier01284,1714429572,1714429578,6
frontier01286,1714429616,1714429646,30
frontier01288,1714429644,1714429667,23
frontier01290,1714429525,1714429531,6
frontier01292,1714429605,1714429644,39
frontier01293,1714429616,1714429645,29
frontier01294,1714429645,1714429667,22
frontier01296,1714429616,1714429645,29
frontier01298,1714429587,1714429617,30
frontier01309,1714429616,1714429647,31
frontier01310,1714429587,1714429628,41
frontier01313,1714429616,1714429645,29
frontier01315,1714429645,1714429667,22
frontier01316,1714429635,1714429652,17
frontier01319,1714429616,1714429646,30
frontier01320,1714429577,1714429585,8
frontier01322,1714429616,1714429645,29
frontier01323,1714429612,1714429644,32
frontier01324,1714429644,1714429667,23
frontier01325,1714429642,1714429666,24
frontier01328,1714429653,1714429668,15
frontier01329,1714429578,1714429587,9
frontier01333,1714429644,1714429668,24
frontier01334,1714429616,1714429645,29
frontier01337,1714429540,1714429541,1
frontier01338,1714429644,1714429667,23
frontier01339,1714429588,1714429628,40
frontier01346,1714429645,1714429668,23
frontier01348,1714429587,1714429606,19
frontier01350,1714429616,1714429645,29
frontier01352,1714429645,1714429668,23
frontier01353,1714429616,1714429645,29
frontier01354,1714429616,1714429645,29
frontier01355,1714429616,1714429645,29
frontier01356,1714429572,1714429578,6
frontier01357,1714429548,1714429558,10
frontier01358,1714429645,1714429667,22
frontier01359,1714429643,1714429667,24
frontier01360,1714429616,1714429645,29
frontier01361,1714429642,1714429666,24
frontier01362,1714429652,1714429668,16
frontier01363,1714429578,1714429588,10
frontier01364,1714429645,1714429667,22
frontier01368,1714429616,1714429645,29
frontier01369,1714429605,1714429643,38
frontier01370,1714429644,1714429667,23
frontier01371,1714429616,1714429645,29
frontier01372,1714429642,1714429667,25
frontier01374,1714429590,1714429630,40
frontier01375,1714429572,1714429578,6
frontier01378,1714429626,1714429648,22
frontier01379,1714429616,1714429645,29
frontier01382,1714429616,1714429644,28
frontier01383,1714429582,1714429588,6
frontier01384,1714429616,1714429645,29
frontier01386,1714429616,1714429646,30
frontier01387,1714429645,1714429668,23
frontier01388,1714429616,1714429645,29
frontier01389,1714429638,1714429666,28
frontier01391,1714429648,1714429668,20
frontier01392,1714429616,1714429645,29
frontier01395,1714429572,1714429578,6
frontier01396,1714429644,1714429667,23
frontier01397,1714429644,1714429667,23
frontier01399,1714429653,1714429668,15
frontier01409,1714429589,1714429629,40
frontier01411,1714429616,1714429645,29
frontier01412,1714429645,1714429668,23
frontier01417,1714429651,1714429668,17
frontier01421,1714429616,1714429645,29
frontier01423,1714429548,1714429558,10
frontier01424,1714429578,1714429588,10
frontier01428,1714429542,1714429550,8
frontier01440,1714429652,1714429668,16
frontier01441,1714429616,1714429645,29
frontier01442,1714429616,1714429646,30
frontier01443,1714429578,1714429587,9
frontier01444,1714429643,1714429667,24
frontier01446,1714429616,1714429645,29
frontier01448,1714429616,1714429644,28
frontier01449,1714429616,1714429645,29
frontier01450,1714429652,1714429668,16
frontier01452,1714429652,1714429668,16
frontier01454,1714429572,1714429578,6
frontier01455,1714429642,1714429666,24
frontier01456,1714429616,1714429645,29
frontier01458,1714429572,1714429578,6
frontier01459,1714429645,1714429667,22
frontier01461,1714429616,1714429645,29
frontier01462,1714429634,1714429653,19
frontier01463,1714429647,1714429668,21
frontier01464,1714429572,1714429578,6
frontier01466,1714429616,1714429645,29
frontier01467,1714429643,1714429667,24
frontier01468,1714429643,1714429667,24
frontier01469,1714429616,1714429645,29
frontier01470,1714429651,1714429668,17
frontier01472,1714429645,1714429668,23
frontier01473,1714429588,1714429616,28
frontier01477,1714429645,1714429668,23
frontier01478,1714429587,1714429606,19
frontier01479,1714429645,1714429667,22
frontier01481,1714429645,1714429668,23
frontier01484,1714429587,1714429625,38
frontier01487,1714429558,1714429570,12
frontier01488,1714429572,1714429578,6
frontier01489,1714429616,1714429645,29
frontier01492,1714429616,1714429645,29
frontier01493,1714429578,1714429588,10
frontier01494,1714429616,1714429645,29
frontier01499,1714429646,1714429668,22
frontier01500,1714429616,1714429645,29
frontier01501,1714429616,1714429645,29
frontier01502,1714429578,1714429587,9
frontier01505,1714429634,1714429653,19
frontier01506,1714429588,1714429628,40
frontier01507,1714429616,1714429645,29
frontier01508,1714429645,1714429667,22
frontier01509,1714429644,1714429667,23
frontier01510,1714429588,1714429628,40
frontier01511,1714429551,1714429558,7
frontier01512,1714429587,1714429614,27
frontier01513,1714429643,1714429667,24
frontier01514,1714429564,1714429572,8
frontier01515,1714429605,1714429643,38
frontier01517,1714429651,1714429668,17
frontier01518,1714429646,1714429668,22
frontier01519,1714429643,1714429667,24
frontier01524,1714429605,1714429644,39
frontier01527,1714429548,1714429558,10
frontier01528,1714429642,1714429667,25
frontier01530,1714429570,1714429572,2
frontier01531,1714429645,1714429668,23
frontier01532,1714429645,1714429667,22
frontier01533,1714429616,1714429645,29
frontier01534,1714429542,1714429543,1
frontier01535,1714429643,1714429667,24
frontier01536,1714429578,1714429586,8
frontier01537,1714429626,1714429648,22
frontier01538,1714429616,1714429645,29
frontier01540,1714429645,1714429667,22
frontier01546,1714429616,1714429645,29
frontier01548,1714429642,1714429666,24
frontier01550,1714429616,1714429645,29
frontier01556,1714429618,1714429646,28
frontier01560,1714429606,1714429644,38
frontier01564,1714429616,1714429645,29
frontier01566,1714429616,1714429645,29
frontier01568,1714429616,1714429645,29
frontier01575,1714429616,1714429645,29
frontier01576,1714429616,1714429645,29
frontier01587,1714429643,1714429667,24
frontier01588,1714429616,1714429645,29
frontier01613,1714429616,1714429645,29
frontier01614,1714429642,1714429666,24
frontier01615,1714429549,1714429558,9
frontier01616,1714429644,1714429667,23
frontier01617,1714429628,1714429650,22
frontier01618,1714429578,1714429587,9
frontier01619,1714429618,1714429645,27
frontier01621,1714429652,1714429668,16
frontier01622,1714429588,1714429629,41
frontier01624,1714429572,1714429584,12
frontier01625,1714429652,1714429668,16
frontier01626,1714429616,1714429644,28
frontier01627,1714429588,1714429616,28
frontier01628,1714429626,1714429647,21
frontier01629,1714429637,1714429655,18
frontier01630,1714429617,1714429647,30
frontier01631,1714429616,1714429646,30
frontier01632,1714429643,1714429667,24
frontier01633,1714429616,1714429645,29
frontier01634,1714429653,1714429668,15
frontier01635,1714429616,1714429645,29
frontier01636,1714429572,1714429578,6
frontier01637,1714429605,1714429644,39
frontier01638,1714429616,1714429644,28
frontier01639,1714429616,1714429644,28
frontier01640,1714429585,1714429588,3
frontier01641,1714429549,1714429558,9
frontier01642,1714429647,1714429668,21
frontier01643,1714429553,1714429554,1
frontier01644,1714429645,1714429667,22
frontier01645,1714429550,1714429551,1
frontier01646,1714429616,1714429645,29
frontier01647,1714429587,1714429606,19
frontier01648,1714429616,1714429645,29
frontier01649,1714429572,1714429578,6
frontier01650,1714429563,1714429572,9
frontier01651,1714429616,1714429645,29
frontier01652,1714429540,1714429542,2
frontier01653,1714429577,1714429587,10
frontier01654,1714429616,1714429646,30
frontier01655,1714429645,1714429668,23
frontier01656,1714429646,1714429668,22
frontier01657,1714429548,1714429558,10
frontier01658,1714429572,1714429578,6
frontier01659,1714429578,1714429586,8
frontier01660,1714429577,1714429588,11
frontier01661,1714429558,1714429570,12
frontier01662,1714429577,1714429587,10
frontier01663,1714429643,1714429667,24
frontier01664,1714429616,1714429646,30
frontier01666,1714429652,1714429668,16
frontier01669,1714429587,1714429618,31
frontier01682,1714429616,1714429645,29
frontier01690,1714429650,1714429668,18
frontier01691,1714429616,1714429645,29
frontier01697,1714429605,1714429608,3
frontier01705,1714429588,1714429628,40
frontier01718,1714429627,1714429648,21
frontier01722,1714429616,1714429645,29
frontier01724,1714429525,1714429528,3
frontier01728,1714429590,1714429632,42
frontier01731,1714429578,1714429588,10
frontier01735,1714429645,1714429668,23
frontier01740,1714429616,1714429645,29
frontier01741,1714429644,1714429667,23
frontier01742,1714429616,1714429646,30
frontier01743,1714429653,1714429668,15
frontier01744,1714429616,1714429645,29
frontier01745,1714429652,1714429668,16
frontier01746,1714429587,1714429629,42
frontier01747,1714429643,1714429667,24
frontier01748,1714429643,1714429667,24
frontier01749,1714429548,1714429558,10
frontier01750,1714429605,1714429643,38
frontier01754,1714429588,1714429628,40
frontier01755,1714429616,1714429646,30
frontier01756,1714429645,1714429667,22
frontier01758,1714429578,1714429587,9
frontier01759,1714429616,1714429645,29
frontier01760,1714429642,1714429666,24
frontier01761,1714429645,1714429667,22
frontier01762,1714429549,1714429558,9
frontier01763,1714429588,1714429616,28
frontier01764,1714429616,1714429645,29
frontier01765,1714429644,1714429667,23
frontier01766,1714429645,1714429668,23
frontier01767,1714429583,1714429588,5
frontier01768,1714429572,1714429578,6
frontier01769,1714429632,1714429651,19
frontier01770,1714429635,1714429653,18
frontier01771,1714429616,1714429645,29
frontier01772,1714429643,1714429667,24
frontier01773,1714429578,1714429586,8
frontier01774,1714429645,1714429668,23
frontier01775,1714429564,1714429572,8
frontier01776,1714429640,1714429666,26
frontier01777,1714429616,1714429645,29
frontier01778,1714429652,1714429668,16
frontier01779,1714429616,1714429645,29
frontier01780,1714429558,1714429570,12
frontier01781,1714429646,1714429668,22
frontier01782,1714429628,1714429650,22
frontier01783,1714429616,1714429646,30
frontier01784,1714429645,1714429667,22
frontier01785,1714429572,1714429578,6
frontier01786,1714429616,1714429645,29
frontier01787,1714429643,1714429667,24
frontier01788,1714429645,1714429668,23
frontier01789,1714429549,1714429558,9
frontier01790,1714429642,1714429667,25
frontier01791,1714429616,1714429645,29
frontier01792,1714429587,1714429616,29
frontier01793,1714429643,1714429667,24
frontier01794,1714429536,1714429543,7
frontier01795,1714429585,1714429588,3
frontier01796,1714429616,1714429645,29
frontier01797,1714429558,1714429570,12
frontier01810,1714429616,1714429645,29
frontier01813,1714429563,1714429572,9
frontier01815,1714429585,1714429588,3
frontier01823,1714429536,1714429538,2
frontier01824,1714429645,1714429667,22
frontier01825,1714429653,1714429668,15
frontier01830,1714429572,1714429578,6
frontier01832,1714429563,1714429572,9
frontier01837,1714429616,1714429645,29
frontier01845,1714429626,1714429647,21
frontier01847,1714429616,1714429645,29
frontier01849,1714429645,1714429668,23
frontier01850,1714429630,1714429650,20
frontier01852,1714429572,1714429578,6
frontier01856,1714429605,1714429643,38
frontier01857,1714429616,1714429645,29
frontier01858,1714429647,1714429668,21
frontier01861,1714429616,1714429645,29
frontier01862,1714429630,1714429650,20
frontier01864,1714429616,1714429645,29
frontier01867,1714429640,1714429666,26
frontier01883,1714429643,1714429666,23
frontier01884,1714429616,1714429644,28
frontier01885,1714429651,1714429668,17
frontier01886,1714429616,1714429645,29
frontier01887,1714429616,1714429645,29
frontier01888,1714429651,1714429668,17
frontier01890,1714429616,1714429645,29
frontier01892,1714429646,1714429668,22
frontier01894,1714429648,1714429668,20
frontier01895,1714429521,1714429524,3
frontier01896,1714429644,1714429667,23
frontier01897,1714429642,1714429667,25
frontier01898,1714429635,1714429653,18
frontier01899,1714429588,1714429628,40
frontier01900,1714429645,1714429668,23
frontier01901,1714429616,1714429645,29
frontier01903,1714429642,1714429667,25
frontier01905,1714429571,1714429572,1
frontier01907,1714429616,1714429645,29
frontier01909,1714429613,1714429645,32
frontier01910,1714429616,1714429645,29
frontier01911,1714429587,1714429617,30
frontier01912,1714429652,1714429668,16
frontier01913,1714429605,1714429645,40
frontier01916,1714429616,1714429645,29
frontier01917,1714429587,1714429617,30
frontier01919,1714429616,1714429645,29
frontier01922,1714429616,1714429645,29
frontier01930,1714429616,1714429646,30
frontier01941,1714429632,1714429651,19
frontier01949,1714429522,1714429524,2
frontier01950,1714429645,1714429667,22
frontier01953,1714429616,1714429645,29
frontier01954,1714429645,1714429667,22
frontier01957,1714429653,1714429668,15
frontier01958,1714429616,1714429645,29
frontier01959,1714429645,1714429668,23
frontier01968,1714429639,1714429666,27
frontier01975,1714429652,1714429668,16
frontier01976,1714429548,1714429558,10
frontier01979,1714429616,1714429645,29
frontier01995,1714429644,1714429667,23
frontier01997,1714429643,1714429667,24
frontier02002,1714429616,1714429646,30
frontier02006,1714429578,1714429587,9
frontier02008,1714429616,1714429645,29
frontier02010,1714429645,1714429668,23
frontier02011,1714429645,1714429668,23
frontier02013,1714429577,1714429587,10
frontier02014,1714429542,1714429558,16
frontier02015,1714429605,1714429643,38
frontier02016,1714429578,1714429588,10
frontier02017,1714429548,1714429558,10
frontier02019,1714429548,1714429558,10
frontier02022,1714429645,1714429668,23
frontier02023,1714429645,1714429667,22
frontier02027,1714429642,1714429666,24
frontier02029,1714429645,1714429667,22
frontier02031,1714429616,1714429646,30
frontier02038,1714429536,1714429548,12
frontier02042,1714429588,1714429617,29
frontier02043,1714429643,1714429667,24
frontier02044,1714429652,1714429668,16
frontier02045,1714429635,1714429654,19
frontier02046,1714429645,1714429668,23
frontier02047,1714429642,1714429667,25
frontier02048,1714429588,1714429616,28
frontier02050,1714429616,1714429645,29
frontier02058,1714429645,1714429668,23
frontier02066,1714429616,1714429645,29
frontier02067,1714429642,1714429666,24
frontier02076,1714429616,1714429645,29
frontier02077,1714429548,1714429558,10
frontier02082,1714429605,1714429645,40
frontier02087,1714429578,1714429587,9
frontier02093,1714429543,1714429558,15
frontier02101,1714429616,1714429645,29
frontier02113,1714429644,1714429667,23
frontier02124,1714429552,1714429558,6
frontier02125,1714429578,1714429587,9
frontier02132,1714429572,1714429578,6
frontier02138,1714429543,1714429544,1
frontier02143,1714429647,1714429668,21
frontier02145,1714429648,1714429668,20
frontier02146,1714429645,1714429668,23
frontier02147,1714429645,1714429668,23
frontier02151,1714429605,1714429644,39
frontier02153,1714429616,1714429645,29
frontier02155,1714429651,1714429668,17
frontier02157,1714429616,1714429646,30
frontier02158,1714429572,1714429578,6
frontier02159,1714429641,1714429666,25
frontier02160,1714429578,1714429587,9
frontier02162,1714429616,1714429645,29
frontier02165,1714429572,1714429578,6
frontier02166,1714429625,1714429647,22
frontier02167,1714429645,1714429667,22
frontier02168,1714429616,1714429646,30
frontier02169,1714429616,1714429645,29
frontier02170,1714429616,1714429645,29
frontier02171,1714429577,1714429587,10
frontier02172,1714429616,1714429645,29
frontier02174,1714429577,1714429587,10
frontier02175,1714429652,1714429668,16
frontier02176,1714429587,1714429625,38
frontier02177,1714429642,1714429666,24
frontier02178,1714429616,1714429645,29
frontier02179,1714429644,1714429667,23
frontier02180,1714429572,1714429578,6
frontier02190,1714429616,1714429645,29
frontier02193,1714429616,1714429645,29
frontier02195,1714429616,1714429645,29
frontier02196,1714429605,1714429644,39
frontier02199,1714429642,1714429667,25
frontier02202,1714429616,1714429645,29
frontier02206,1714429563,1714429572,9
frontier02208,1714429605,1714429644,39
frontier02215,1714429605,1714429644,39
frontier02220,1714429645,1714429667,22
frontier02225,1714429587,1714429617,30
frontier02229,1714429577,1714429586,9
frontier02230,1714429578,1714429588,10
frontier02232,1714429645,1714429667,22
frontier02234,1714429653,1714429668,15
frontier02235,1714429645,1714429668,23
frontier02236,1714429645,1714429668,23
frontier02238,1714429588,1714429628,40
frontier02242,1714429569,1714429572,3
frontier02251,1714429644,1714429667,23
frontier02262,1714429605,1714429644,39
frontier02266,1714429645,1714429668,23
frontier02276,1714429616,1714429644,28
frontier02277,1714429643,1714429667,24
frontier02280,1714429634,1714429654,20
frontier02283,1714429616,1714429645,29
frontier02284,1714429616,1714429644,28
frontier02287,1714429652,1714429668,16
frontier02288,1714429572,1714429578,6
frontier02290,1714429645,1714429667,22
frontier02291,1714429614,1714429645,31
frontier02292,1714429572,1714429578,6
frontier02293,1714429558,1714429570,12
frontier02294,1714429605,1714429643,38
frontier02295,1714429651,1714429668,17
frontier02296,1714429616,1714429645,29
frontier02297,1714429605,1714429644,39
frontier02298,1714429588,1714429629,41
frontier02299,1714429643,1714429667,24
frontier02300,1714429540,1714429550,10
frontier02302,1714429616,1714429645,29
frontier02303,1714429641,1714429667,26
frontier02306,1714429548,1714429558,10
frontier02309,1714429616,1714429645,29
frontier02310,1714429587,1714429621,34
frontier02314,1714429644,1714429668,24
frontier02318,1714429616,1714429645,29
frontier02320,1714429588,1714429629,41
frontier02321,1714429587,1714429628,41
frontier02322,1714429614,1714429644,30
frontier02333,1714429639,1714429666,27
frontier02334,1714429637,1714429665,28
frontier02335,1714429647,1714429668,21
frontier02337,1714429548,1714429558,10
frontier02338,1714429652,1714429668,16
frontier02339,1714429572,1714429578,6
frontier02349,1714429616,1714429645,29
frontier02350,1714429648,1714429668,20
frontier02352,1714429650,1714429668,18
frontier02368,1714429645,1714429668,23
frontier02370,1714429646,1714429668,22
frontier02373,1714429588,1714429628,40
frontier02375,1714429578,1714429588,10
frontier02376,1714429616,1714429645,29
frontier02382,1714429558,1714429570,12
frontier02383,1714429558,1714429570,12
frontier02388,1714429616,1714429644,28
frontier02390,1714429645,1714429668,23
frontier02394,1714429616,1714429645,29
frontier02403,1714429616,1714429646,30
frontier02408,1714429630,1714429650,20
frontier02409,1714429651,1714429668,17
frontier02412,1714429645,1714429668,23
frontier02413,1714429646,1714429668,22
frontier02416,1714429588,1714429616,28
frontier02420,1714429542,1714429558,16
frontier02421,1714429616,1714429644,28
frontier02422,1714429583,1714429588,5
frontier02423,1714429605,1714429644,39
frontier02424,1714429616,1714429646,30
frontier02425,1714429645,1714429668,23
frontier02426,1714429616,1714429645,29
frontier02427,1714429543,1714429557,14
frontier02429,1714429584,1714429588,4
frontier02431,1714429548,1714429558,10
frontier02433,1714429645,1714429667,22
frontier02434,1714429548,1714429558,10
frontier02435,1714429614,1714429644,30
frontier02437,1714429616,1714429647,31
frontier02448,1714429589,1714429628,39
frontier02449,1714429652,1714429668,16
frontier02451,1714429646,1714429668,22
frontier02476,1714429652,1714429668,16
frontier02491,1714429529,1714429530,1
frontier02493,1714429642,1714429667,25
frontier02496,1714429548,1714429558,10
frontier02500,1714429588,1714429628,40
frontier02512,1714429652,1714429668,16
frontier02514,1714429643,1714429667,24
frontier02516,1714429614,1714429645,31
frontier02517,1714429616,1714429645,29
frontier02520,1714429572,1714429578,6
frontier02521,1714429588,1714429628,40
frontier02522,1714429651,1714429668,17
frontier02528,1714429644,1714429667,23
frontier02530,1714429635,1714429653,18
frontier02531,1714429645,1714429667,22
frontier02532,1714429644,1714429667,23
frontier02533,1714429644,1714429667,23
frontier02534,1714429578,1714429588,10
frontier02535,1714429648,1714429668,20
frontier02536,1714429577,1714429586,9
frontier02537,1714429616,1714429646,30
frontier02538,1714429616,1714429645,29
frontier02540,1714429522,1714429524,2
frontier02541,1714429540,1714429548,8
frontier02542,1714429578,1714429588,10
frontier02543,1714429629,1714429648,19
frontier02544,1714429616,1714429645,29
frontier02547,1714429616,1714429645,29
frontier02548,1714429588,1714429629,41
frontier02551,1714429616,1714429645,29
frontier02553,1714429549,1714429553,4
frontier02554,1714429643,1714429667,24
frontier02557,1714429616,1714429645,29
frontier02560,1714429651,1714429668,17
frontier02561,1714429587,1714429618,31
frontier02563,1714429585,1714429587,2
frontier02564,1714429616,1714429645,29
frontier02565,1714429642,1714429666,24
frontier02568,1714429616,1714429645,29
frontier02576,1714429558,1714429571,13
frontier02583,1714429645,1714429668,23
frontier02594,1714429616,1714429645,29
frontier02599,1714429588,1714429616,28
frontier02604,1714429558,1714429571,13
frontier02613,1714429616,1714429645,29
frontier02616,1714429587,1714429629,42
frontier02620,1714429616,1714429644,28
frontier02626,1714429642,1714429667,25
frontier02627,1714429647,1714429668,21
frontier02629,1714429630,1714429651,21
frontier02636,1714429643,1714429667,24
frontier02642,1714429585,1714429588,3
frontier02645,1714429652,1714429668,16
frontier02648,1714429616,1714429646,30
frontier02650,1714429573,1714429578,5
frontier02652,1714429616,1714429645,29
frontier02654,1714429616,1714429645,29
frontier02655,1714429651,1714429668,17
frontier02659,1714429578,1714429587,9
frontier02660,1714429540,1714429541,1
frontier02662,1714429616,1714429645,29
frontier02668,1714429646,1714429668,22
frontier02670,1714429653,1714429668,15
frontier02671,1714429587,1714429625,38
frontier02672,1714429643,1714429668,25
frontier02673,1714429577,1714429587,10
frontier02674,1714429587,1714429618,31
frontier02675,1714429616,1714429645,29
frontier02676,1714429546,1714429558,12
frontier02677,1714429542,1714429557,15
frontier02679,1714429536,1714429538,2
frontier02680,1714429645,1714429668,23
frontier02681,1714429645,1714429668,23
frontier02683,1714429643,1714429668,25
frontier02684,1714429616,1714429644,28
frontier02685,1714429605,1714429643,38
frontier02687,1714429644,1714429667,23
frontier02688,1714429616,1714429645,29
frontier02689,1714429533,1714429536,3
frontier02691,1714429616,1714429645,29
frontier02693,1714429645,1714429668,23
frontier02694,1714429616,1714429645,29
frontier02703,1714429646,1714429668,22
frontier02705,1714429645,1714429667,22
frontier02708,1714429616,1714429645,29
frontier02713,1714429645,1714429667,22
frontier02718,1714429645,1714429667,22
frontier02719,1714429642,1714429666,24
frontier02727,1714429652,1714429668,16
frontier02737,1714429616,1714429644,28
frontier02743,1714429645,1714429667,22
frontier02746,1714429617,1714429646,29
frontier02747,1714429643,1714429667,24
frontier02748,1714429640,1714429667,27
frontier02749,1714429616,1714429645,29
frontier02752,1714429613,1714429644,31
frontier02768,1714429645,1714429668,23
frontier02769,1714429644,1714429667,23
frontier02771,1714429645,1714429667,22
frontier02775,1714429605,1714429644,39
frontier02777,1714429616,1714429645,29
frontier02779,1714429645,1714429667,22
frontier02783,1714429616,1714429646,30
frontier02785,1714429572,1714429578,6
frontier02787,1714429645,1714429668,23
frontier02788,1714429641,1714429666,25
frontier02789,1714429642,1714429666,24
frontier02792,1714429636,1714429654,18
frontier02797,1714429583,1714429588,5
frontier02798,1714429616,1714429644,28
frontier02799,1714429578,1714429587,9
frontier02802,1714429652,1714429668,16
frontier02803,1714429549,1714429558,9
frontier02805,1714429616,1714429645,29
frontier02806,1714429643,1714429667,24
frontier02807,1714429549,1714429558,9
frontier02809,1714429645,1714429667,22
frontier02813,1714429644,1714429667,23
frontier02814,1714429616,1714429645,29
frontier02817,1714429616,1714429645,29
frontier02820,1714429616,1714429645,29
frontier02827,1714429585,1714429588,3
frontier02830,1714429588,1714429627,39
frontier02856,1714429642,1714429667,25
frontier02867,1714429558,1714429570,12
frontier02871,1714429645,1714429668,23
frontier02872,1714429616,1714429645,29
frontier02876,1714429614,1714429644,30
frontier02879,1714429652,1714429668,16
frontier02880,1714429642,1714429667,25
frontier02882,1714429616,1714429645,29
frontier02891,1714429645,1714429668,23
frontier02899,1714429587,1714429616,29
frontier02903,1714429588,1714429625,37
frontier02905,1714429645,1714429668,23
frontier02908,1714429605,1714429644,39
frontier02911,1714429643,1714429667,24
frontier02923,1714429632,1714429651,19
frontier02925,1714429616,1714429645,29
frontier02926,1714429616,1714429645,29
frontier02927,1714429616,1714429645,29
frontier02928,1714429645,1714429668,23
frontier02929,1714429621,1714429646,25
frontier02930,1714429605,1714429644,39
frontier02931,1714429645,1714429668,23
frontier02932,1714429573,1714429578,5
frontier02933,1714429548,1714429558,10
frontier02934,1714429644,1714429667,23
frontier02935,1714429637,1714429655,18
frontier02936,1714429646,1714429668,22
frontier02939,1714429587,1714429616,29
frontier02940,1714429616,1714429645,29
frontier02941,1714429616,1714429646,30
frontier02943,1714429643,1714429666,23
frontier02944,1714429614,1714429645,31
frontier02945,1714429644,1714429667,23
frontier02950,1714429643,1714429667,24
frontier02954,1714429644,1714429667,23
frontier02961,1714429616,1714429645,29
frontier02964,1714429652,1714429668,16
frontier02978,1714429616,1714429644,28
frontier02988,1714429642,1714429666,24
frontier03018,1714429644,1714429667,23
frontier03025,1714429616,1714429644,28
frontier03026,1714429548,1714429558,10
frontier03029,1714429645,1714429668,23
frontier03031,1714429616,1714429645,29
frontier03033,1714429558,1714429570,12
frontier03036,1714429647,1714429668,21
frontier03040,1714429616,1714429645,29
frontier03042,1714429645,1714429668,23
frontier03043,1714429605,1714429644,39
frontier03045,1714429614,1714429644,30
frontier03046,1714429540,1714429550,10
frontier03048,1714429616,1714429646,30
frontier03050,1714429605,1714429644,39
frontier03052,1714429616,1714429645,29
frontier03053,1714429572,1714429578,6
frontier03054,1714429644,1714429667,23
frontier03055,1714429587,1714429617,30
frontier03056,1714429652,1714429668,16
frontier03057,1714429550,1714429558,8
frontier03058,1714429642,1714429666,24
frontier03059,1714429616,1714429645,29
frontier03060,1714429616,1714429645,29
frontier03062,1714429587,1714429616,29
frontier03063,1714429616,1714429645,29
frontier03065,1714429644,1714429667,23
frontier03066,1714429648,1714429668,20
frontier03067,1714429605,1714429643,38
frontier03068,1714429616,1714429645,29
frontier03069,1714429616,1714429645,29
frontier03070,1714429645,1714429668,23
frontier03071,1714429616,1714429645,29
frontier03072,1714429542,1714429543,1
frontier03074,1714429616,1714429646,30
frontier03076,1714429572,1714429586,14
frontier03079,1714429616,1714429645,29
frontier03081,1714429616,1714429645,29
frontier03089,1714429525,1714429531,6
frontier03097,1714429644,1714429667,23
frontier03099,1714429651,1714429668,17
frontier03112,1714429570,1714429572,2
frontier03117,1714429645,1714429668,23
frontier03127,1714429572,1714429578,6
frontier03149,1714429548,1714429558,10
frontier03150,1714429613,1714429645,32
frontier03151,1714429616,1714429645,29
frontier03152,1714429645,1714429667,22
frontier03153,1714429616,1714429646,30
frontier03154,1714429644,1714429667,23
frontier03163,1714429643,1714429667,24
frontier03164,1714429638,1714429666,28
frontier03165,1714429616,1714429645,29
frontier03166,1714429642,1714429666,24
frontier03167,1714429616,1714429645,29
frontier03169,1714429614,1714429645,31
frontier03170,1714429644,1714429667,23
frontier03173,1714429616,1714429645,29
frontier03174,1714429642,1714429666,24
frontier03177,1714429529,1714429535,6
frontier03185,1714429644,1714429667,23
frontier03186,1714429645,1714429668,23
frontier03189,1714429587,1714429627,40
frontier03191,1714429616,1714429644,28
frontier03192,1714429616,1714429645,29
frontier03195,1714429642,1714429667,25
frontier03196,1714429616,1714429645,29
frontier03197,1714429645,1714429668,23
frontier03198,1714429616,1714429644,28
frontier03199,1714429616,1714429645,29
frontier03200,1714429616,1714429645,29
frontier03201,1714429616,1714429646,30
frontier03203,1714429643,1714429666,23
frontier03204,1714429572,1714429578,6
frontier03207,1714429616,1714429646,30
frontier03219,1714429652,1714429668,16
frontier03232,1714429644,1714429667,23
frontier03238,1714429616,1714429645,29
frontier03240,1714429616,1714429646,30
frontier03242,1714429616,1714429645,29
frontier03244,1714429616,1714429645,29
frontier03246,1714429652,1714429668,16
frontier03249,1714429614,1714429644,30
frontier03250,1714429638,1714429666,28
frontier03253,1714429558,1714429570,12
frontier03282,1714429548,1714429558,10
frontier03286,1714429645,1714429668,23
frontier03287,1714429578,1714429587,9
frontier03290,1714429644,1714429667,23
frontier03291,1714429572,1714429578,6
frontier03292,1714429616,1714429645,29
frontier03293,1714429645,1714429667,22
frontier03294,1714429616,1714429645,29
frontier03301,1714429550,1714429558,8
frontier03302,1714429616,1714429645,29
frontier03303,1714429633,1714429652,19
frontier03304,1714429572,1714429578,6
frontier03307,1714429645,1714429668,23
frontier03308,1714429644,1714429667,23
frontier03309,1714429644,1714429667,23
frontier03310,1714429578,1714429587,9
frontier03311,1714429578,1714429588,10
frontier03313,1714429588,1714429627,39
frontier03316,1714429632,1714429651,19
frontier03317,1714429640,1714429666,26
frontier03318,1714429616,1714429646,30
frontier03320,1714429548,1714429558,10
frontier03326,1714429617,1714429646,29
frontier03328,1714429570,1714429572,2
frontier03329,1714429652,1714429668,16
frontier03330,1714429645,1714429668,23
frontier03333,1714429542,1714429543,1
frontier03337,1714429616,1714429645,29
frontier03345,1714429641,1714429667,26
frontier03351,1714429645,1714429668,23
frontier03355,1714429616,1714429645,29
frontier03358,1714429558,1714429570,12
frontier03359,1714429549,1714429553,4
frontier03361,1714429616,1714429645,29
frontier03363,1714429616,1714429645,29
frontier03367,1714429616,1714429645,29
frontier03375,1714429645,1714429667,22
frontier03383,1714429616,1714429645,29
frontier03399,1714429640,1714429666,26
frontier03400,1714429645,1714429667,22
frontier03402,1714429644,1714429667,23
frontier03403,1714429572,1714429578,6
frontier03407,1714429605,1714429645,40
frontier03420,1714429605,1714429644,39
frontier03422,1714429644,1714429667,23
frontier03424,1714429588,1714429620,32
frontier03428,1714429613,1714429644,31
frontier03429,1714429643,1714429667,24
frontier03430,1714429641,1714429667,26
frontier03433,1714429645,1714429668,23
frontier03436,1714429644,1714429667,23
frontier03440,1714429616,1714429645,29
frontier03442,1714429572,1714429578,6
frontier03443,1714429614,1714429645,31
frontier03445,1714429643,1714429667,24
frontier03446,1714429578,1714429587,9
frontier03447,1714429616,1714429644,28
frontier03449,1714429616,1714429645,29
frontier03451,1714429652,1714429668,16
frontier03452,1714429645,1714429668,23
frontier03453,1714429605,1714429644,39
frontier03454,1714429587,1714429617,30
frontier03455,1714429616,1714429645,29
frontier03456,1714429558,1714429571,13
frontier03467,1714429645,1714429668,23
frontier03476,1714429540,1714429543,3
frontier03483,1714429643,1714429667,24
frontier03484,1714429640,1714429666,26
frontier03485,1714429616,1714429645,29
frontier03487,1714429616,1714429645,29
frontier03488,1714429588,1714429617,29
frontier03492,1714429588,1714429617,29
frontier03497,1714429645,1714429668,23
frontier03502,1714429637,1714429654,17
frontier03504,1714429616,1714429646,30
frontier03506,1714429651,1714429668,17
frontier03507,1714429614,1714429645,31
frontier03513,1714429519,1714429521,2
frontier03514,1714429644,1714429667,23
frontier03517,1714429616,1714429646,30
frontier03519,1714429645,1714429667,22
frontier03522,1714429605,1714429644,39
frontier03527,1714429643,1714429667,24
frontier03528,1714429652,1714429668,16
frontier03538,1714429616,1714429644,28
frontier03548,1714429652,1714429668,16
frontier03553,1714429605,1714429644,39
frontier03558,1714429587,1714429614,27
frontier03559,1714429558,1714429572,14
frontier03560,1714429616,1714429646,30
frontier03563,1714429616,1714429645,29
frontier03565,1714429572,1714429578,6
frontier03566,1714429616,1714429645,29
frontier03568,1714429644,1714429667,23
frontier03569,1714429616,1714429645,29
frontier03570,1714429605,1714429643,38
frontier03571,1714429572,1714429578,6
frontier03572,1714429642,1714429666,24
frontier03576,1714429642,1714429667,25
frontier03579,1714429642,1714429666,24
frontier03580,1714429643,1714429667,24
frontier03581,1714429588,1714429616,28
frontier03582,1714429572,1714429578,6
frontier03584,1714429614,1714429645,31
frontier03590,1714429550,1714429558,8
frontier03598,1714429618,1714429646,28
frontier03604,1714429588,1714429616,28
frontier03606,1714429616,1714429646,30
frontier03610,1714429614,1714429645,31
frontier03612,1714429616,1714429645,29
frontier03614,1714429616,1714429646,30
frontier03615,1714429616,1714429645,29
frontier03616,1714429647,1714429668,21
frontier03623,1714429536,1714429538,2
frontier03629,1714429616,1714429646,30
frontier03635,1714429642,1714429667,25
frontier03636,1714429639,1714429655,16
frontier03637,1714429549,1714429558,9
frontier03639,1714429652,1714429668,16
frontier03640,1714429634,1714429653,19
frontier03641,1714429645,1714429667,22
frontier03642,1714429643,1714429667,24
frontier03644,1714429616,1714429645,29
frontier03647,1714429644,1714429667,23
frontier03648,1714429588,1714429617,29
frontier03649,1714429644,1714429667,23
frontier03660,1714429634,1714429653,19
frontier03662,1714429643,1714429667,24
frontier03666,1714429616,1714429645,29
frontier03667,1714429578,1714429586,8
frontier03681,1714429548,1714429558,10
frontier03685,1714429616,1714429645,29
frontier03686,1714429643,1714429667,24
frontier03691,1714429613,1714429644,31
frontier03693,1714429637,1714429654,17
frontier03694,1714429652,1714429668,16
frontier03695,1714429616,1714429645,29
frontier03696,1714429616,1714429645,29
frontier03697,1714429583,1714429587,4
frontier03698,1714429645,1714429668,23
frontier03699,1714429616,1714429645,29
frontier03700,1714429586,1714429617,31
frontier03702,1714429616,1714429645,29
frontier03703,1714429644,1714429667,23
frontier03708,1714429616,1714429646,30
frontier03709,1714429614,1714429645,31
frontier03710,1714429588,1714429628,40
frontier03711,1714429616,1714429645,29
frontier03712,1714429578,1714429587,9
frontier03715,1714429643,1714429667,24
frontier03717,1714429549,1714429558,9
frontier03718,1714429542,1714429558,16
frontier03719,1714429635,1714429654,19
frontier03721,1714429616,1714429645,29
frontier03726,1714429652,1714429668,16
frontier03728,1714429616,1714429646,30
frontier03730,1714429645,1714429667,22
frontier03736,1714429616,1714429645,29
frontier03737,1714429616,1714429645,29
frontier03739,1714429639,1714429665,26
frontier03740,1714429652,1714429668,16
frontier03741,1714429540,1714429551,11
frontier03745,1714429652,1714429668,16
frontier03746,1714429645,1714429668,23
frontier03748,1714429643,1714429667,24
frontier03754,1714429643,1714429667,24
frontier03758,1714429616,1714429645,29
frontier03760,1714429616,1714429646,30
frontier03761,1714429644,1714429667,23
frontier03762,1714429549,1714429558,9
frontier03764,1714429645,1714429667,22
frontier03765,1714429652,1714429668,16
frontier03766,1714429641,1714429666,25
frontier03771,1714429616,1714429645,29
frontier03773,1714429616,1714429645,29
frontier03774,1714429645,1714429668,23
frontier03778,1714429645,1714429668,23
frontier03782,1714429616,1714429644,28
frontier03793,1714429616,1714429645,29
frontier03813,1714429645,1714429667,22
frontier03814,1714429642,1714429666,24
frontier03815,1714429616,1714429644,28
frontier03819,1714429614,1714429645,31
frontier03820,1714429652,1714429668,16
frontier03822,1714429644,1714429667,23
frontier03828,1714429648,1714429668,20
frontier03833,1714429643,1714429667,24
frontier03839,1714429588,1714429617,29
frontier03843,1714429644,1714429667,23
frontier03845,1714429616,1714429645,29
frontier03849,1714429572,1714429578,6
frontier03853,1714429558,1714429570,12
frontier03854,1714429534,1714429535,1
frontier03861,1714429540,1714429549,9
frontier03862,1714429616,1714429645,29
frontier03863,1714429563,1714429572,9
frontier03866,1714429605,1714429645,40
frontier03867,1714429616,1714429645,29
frontier03869,1714429522,1714429525,3
frontier03870,1714429613,1714429644,31
frontier03871,1714429533,1714429536,3
frontier03880,1714429617,1714429645,28
frontier03882,1714429616,1714429645,29
frontier03889,1714429540,1714429541,1
frontier03892,1714429589,1714429628,39
frontier03893,1714429524,1714429533,9
frontier03895,1714429641,1714429666,25
frontier03898,1714429558,1714429571,13
frontier03900,1714429616,1714429646,30
frontier03902,1714429578,1714429587,9
frontier03906,1714429616,1714429644,28
frontier03908,1714429616,1714429645,29
frontier03910,1714429543,1714429557,14
frontier03913,1714429645,1714429667,22
frontier03914,1714429589,1714429628,39
frontier03916,1714429578,1714429587,9
frontier03918,1714429616,1714429645,29
frontier03919,1714429634,1714429654,20
frontier03921,1714429572,1714429578,6
frontier03922,1714429572,1714429578,6
frontier03923,1714429616,1714429646,30
frontier03924,1714429616,1714429645,29
frontier03931,1714429651,1714429668,17
frontier03932,1714429572,1714429578,6
frontier03942,1714429653,1714429668,15
frontier03943,1714429616,1714429645,29
frontier03946,1714429548,1714429550,2
frontier03947,1714429645,1714429667,22
frontier03957,1714429605,1714429644,39
frontier03958,1714429642,1714429666,24
frontier03959,1714429645,1714429667,22
frontier03960,1714429616,1714429644,28
frontier03961,1714429588,1714429616,28
frontier03962,1714429645,1714429667,22
frontier03963,1714429635,1714429653,18
frontier03964,1714429636,1714429655,19
frontier03965,1714429616,1714429646,30
frontier03968,1714429616,1714429645,29
frontier03969,1714429616,1714429646,30
frontier03971,1714429642,1714429667,25
frontier03972,1714429645,1714429667,22
frontier03973,1714429581,1714429587,6
frontier03981,1714429588,1714429617,29
frontier03983,1714429588,1714429617,29
frontier03984,1714429611,1714429645,34
frontier03987,1714429616,1714429645,29
frontier03991,1714429616,1714429645,29
frontier03992,1714429542,1714429550,8
frontier03996,1714429616,1714429645,29
frontier03998,1714429645,1714429668,23
frontier04000,1714429548,1714429558,10
frontier04001,1714429643,1714429667,24
frontier04002,1714429616,1714429645,29
frontier04004,1714429536,1714429543,7
frontier04009,1714429650,1714429668,18
frontier04011,1714429645,1714429668,23
frontier04014,1714429613,1714429644,31
frontier04017,1714429605,1714429644,39
frontier04024,1714429558,1714429570,12
frontier04027,1714429558,1714429570,12
frontier04029,1714429651,1714429668,17
frontier04031,1714429616,1714429645,29
frontier04032,1714429616,1714429645,29
frontier04033,1714429652,1714429668,16
frontier04034,1714429558,1714429571,13
frontier04035,1714429647,1714429668,21
frontier04037,1714429588,1714429627,39
frontier04039,1714429648,1714429668,20
frontier04042,1714429643,1714429668,25
frontier04044,1714429616,1714429645,29
frontier04053,1714429616,1714429645,29
frontier04071,1714429577,1714429588,11
frontier04072,1714429614,1714429644,30
frontier04073,1714429614,1714429644,30
frontier04074,1714429643,1714429667,24
frontier04076,1714429616,1714429647,31
frontier04079,1714429572,1714429578,6
frontier04086,1714429652,1714429668,16
frontier04088,1714429645,1714429668,23
frontier04092,1714429642,1714429666,24
frontier04094,1714429616,1714429645,29
frontier04097,1714429616,1714429645,29
frontier04100,1714429583,1714429588,5
frontier04107,1714429614,1714429645,31
frontier04108,1714429588,1714429629,41
frontier04109,1714429590,1714429630,40
frontier04111,1714429652,1714429668,16
frontier04112,1714429645,1714429667,22
frontier04115,1714429630,1714429651,21
frontier04119,1714429652,1714429668,16
frontier04120,1714429617,1714429646,29
frontier04121,1714429587,1714429617,30
frontier04123,1714429616,1714429645,29
frontier04124,1714429605,1714429643,38
frontier04127,1714429643,1714429667,24
frontier04130,1714429578,1714429587,9
frontier04136,1714429616,1714429645,29
frontier04148,1714429616,1714429645,29
frontier04149,1714429525,1714429531,6
frontier04153,1714429540,1714429551,11
frontier04159,1714429605,1714429644,39
frontier04161,1714429647,1714429668,21
frontier04162,1714429572,1714429587,15
frontier04163,1714429613,1714429644,31
frontier04170,1714429605,1714429644,39
frontier04172,1714429616,1714429645,29
frontier04175,1714429633,1714429653,20
frontier04178,1714429616,1714429645,29
frontier04190,1714429616,1714429645,29
frontier04194,1714429558,1714429571,13
frontier04199,1714429588,1714429629,41
frontier04205,1714429588,1714429628,40
frontier04206,1714429645,1714429667,22
frontier04210,1714429644,1714429667,23
frontier04214,1714429587,1714429628,41
frontier04216,1714429564,1714429572,8
frontier04217,1714429650,1714429668,18
frontier04218,1714429616,1714429646,30
frontier04223,1714429616,1714429645,29
frontier04230,1714429616,1714429646,30
frontier04239,1714429644,1714429667,23
frontier04240,1714429630,1714429651,21
frontier04241,1714429558,1714429570,12
frontier04242,1714429578,1714429588,10
frontier04245,1714429605,1714429644,39
frontier04246,1714429538,1714429539,1
frontier04250,1714429563,1714429570,7
frontier04251,1714429644,1714429667,23
frontier04253,1714429616,1714429645,29
frontier04257,1714429616,1714429646,30
frontier04263,1714429617,1714429645,28
frontier04268,1714429643,1714429667,24
frontier04272,1714429584,1714429588,4
frontier04279,1714429647,1714429668,21
frontier04280,1714429616,1714429645,29
frontier04290,1714429645,1714429667,22
frontier04307,1714429572,1714429578,6
frontier04308,1714429638,1714429654,16
frontier04320,1714429563,1714429572,9
frontier04322,1714429633,1714429652,19
frontier04324,1714429645,1714429668,23
frontier04335,1714429544,1714429558,14
frontier04336,1714429616,1714429645,29
frontier04337,1714429616,1714429645,29
frontier04339,1714429643,1714429667,24
frontier04341,1714429641,1714429666,25
frontier04342,1714429548,1714429558,10
frontier04343,1714429652,1714429668,16
frontier04344,1714429644,1714429667,23
frontier04345,1714429645,1714429668,23
frontier04346,1714429645,1714429667,22
frontier04347,1714429643,1714429667,24
frontier04348,1714429645,1714429667,22
frontier04349,1714429639,1714429655,16
frontier04350,1714429616,1714429645,29
frontier04351,1714429628,1714429648,20
frontier04352,1714429644,1714429667,23
frontier04354,1714429587,1714429620,33
frontier04358,1714429644,1714429667,23
frontier04360,1714429616,1714429645,29
frontier04364,1714429644,1714429667,23
frontier04366,1714429588,1714429618,30
frontier04367,1714429641,1714429667,26
frontier04368,1714429640,1714429666,26
frontier04369,1714429614,1714429645,31
frontier04373,1714429605,1714429644,39
frontier04374,1714429578,1714429587,9
frontier04379,1714429616,1714429646,30
frontier04383,1714429613,1714429644,31
frontier04384,1714429616,1714429645,29
frontier04393,1714429639,1714429666,27
frontier04394,1714429605,1714429643,38
frontier04395,1714429644,1714429667,23
frontier04398,1714429653,1714429668,15
frontier04401,1714429614,1714429645,31
frontier04404,1714429644,1714429667,23
frontier04406,1714429605,1714429644,39
frontier04414,1714429645,1714429668,23
frontier04415,1714429588,1714429617,29
frontier04420,1714429572,1714429578,6
frontier04423,1714429616,1714429646,30
frontier04428,1714429616,1714429644,28
frontier04431,1714429616,1714429645,29
frontier04436,1714429653,1714429668,15
frontier04450,1714429577,1714429586,9
frontier04451,1714429616,1714429645,29
frontier04453,1714429648,1714429668,20
frontier04457,1714429644,1714429668,24
frontier04459,1714429581,1714429584,3
frontier04470,1714429638,1714429655,17
frontier04471,1714429616,1714429646,30
frontier04473,1714429605,1714429643,38
frontier04476,1714429616,1714429645,29
frontier04478,1714429645,1714429667,22
frontier04480,1714429643,1714429667,24
frontier04489,1714429652,1714429668,16
frontier04494,1714429578,1714429587,9
frontier04496,1714429588,1714429629,41
frontier04501,1714429645,1714429668,23
frontier04502,1714429645,1714429668,23
frontier04503,1714429613,1714429645,32
frontier04504,1714429587,1714429628,41
frontier04506,1714429645,1714429667,22
frontier04508,1714429578,1714429587,9
frontier04514,1714429642,1714429667,25
frontier04516,1714429558,1714429571,13
frontier04519,1714429572,1714429578,6
frontier04522,1714429653,1714429668,15
frontier04525,1714429605,1714429644,39
frontier04526,1714429616,1714429645,29
frontier04527,1714429642,1714429666,24
frontier04528,1714429616,1714429645,29
frontier04533,1714429616,1714429645,29
frontier04534,1714429645,1714429668,23
frontier04535,1714429572,1714429578,6
frontier04537,1714429588,1714429617,29
frontier04538,1714429616,1714429645,29
frontier04540,1714429634,1714429653,19
frontier04541,1714429532,1714429534,2
frontier04542,1714429616,1714429645,29
frontier04548,1714429616,1714429646,30
frontier04576,1714429616,1714429645,29
frontier04578,1714429644,1714429667,23
frontier04584,1714429616,1714429645,29
frontier04586,1714429635,1714429653,18
frontier04594,1714429645,1714429668,23
frontier04595,1714429613,1714429645,32
frontier04596,1714429542,1714429557,15
frontier04597,1714429642,1714429666,24
frontier04602,1714429572,1714429578,6
frontier04603,1714429627,1714429648,21
frontier04604,1714429644,1714429667,23
frontier04605,1714429616,1714429645,29
frontier04607,1714429652,1714429668,16
frontier04608,1714429644,1714429667,23
frontier04609,1714429644,1714429667,23
frontier04610,1714429644,1714429667,23
frontier04613,1714429645,1714429667,22
frontier04620,1714429652,1714429668,16
frontier04622,1714429625,1714429647,22
frontier04623,1714429605,1714429644,39
frontier04624,1714429616,1714429645,29
frontier04626,1714429616,1714429647,31
frontier04635,1714429617,1714429646,29
frontier04639,1714429587,1714429616,29
frontier04641,1714429616,1714429645,29
frontier04643,1714429644,1714429667,23
frontier04647,1714429645,1714429668,23
frontier04650,1714429588,1714429628,40
frontier04651,1714429643,1714429666,23
frontier04652,1714429616,1714429645,29
frontier04653,1714429570,1714429572,2
frontier04654,1714429616,1714429645,29
frontier04661,1714429645,1714429667,22
frontier04664,1714429572,1714429578,6
frontier04699,1714429614,1714429645,31
frontier04705,1714429585,1714429626,41
frontier04707,1714429645,1714429668,23
frontier04712,1714429558,1714429570,12
frontier04713,1714429616,1714429645,29
frontier04714,1714429646,1714429668,22
frontier04715,1714429616,1714429645,29
frontier04717,1714429558,1714429571,13
frontier04718,1714429616,1714429645,29
frontier04719,1714429542,1714429557,15
frontier04720,1714429572,1714429578,6
frontier04721,1714429587,1714429617,30
frontier04722,1714429616,1714429645,29
frontier04723,1714429587,1714429617,30
frontier04724,1714429645,1714429668,23
frontier04725,1714429616,1714429645,29
frontier04726,1714429616,1714429646,30
frontier04727,1714429636,1714429654,18
frontier04728,1714429645,1714429667,22
frontier04729,1714429616,1714429646,30
frontier04730,1714429650,1714429668,18
frontier04732,1714429616,1714429645,29
frontier04733,1714429616,1714429645,29
frontier04734,1714429585,1714429588,3
frontier04735,1714429645,1714429668,23
frontier04736,1714429616,1714429645,29
frontier04739,1714429645,1714429668,23
frontier04746,1714429647,1714429668,21
frontier04756,1714429588,1714429617,29
frontier04757,1714429645,1714429667,22
frontier04758,1714429638,1714429666,28
frontier04762,1714429614,1714429644,30
frontier04764,1714429650,1714429668,18
frontier04767,1714429531,1714429535,4
frontier04769,1714429588,1714429627,39
frontier04771,1714429645,1714429668,23
frontier04774,1714429642,1714429666,24
frontier04782,1714429616,1714429645,29
frontier04785,1714429645,1714429668,23
frontier04794,1714429563,1714429570,7
frontier04800,1714429616,1714429646,30
frontier04809,1714429648,1714429668,20
frontier04811,1714429616,1714429645,29
frontier04815,1714429616,1714429645,29
frontier04822,1714429605,1714429644,39
frontier04844,1714429652,1714429668,16
frontier04847,1714429647,1714429668,21
frontier04848,1714429605,1714429644,39
frontier04849,1714429577,1714429587,10
frontier04850,1714429652,1714429668,16
frontier04851,1714429645,1714429667,22
frontier04852,1714429630,1714429651,21
frontier04853,1714429587,1714429627,40
frontier04854,1714429645,1714429667,22
frontier04855,1714429548,1714429558,10
frontier04856,1714429614,1714429645,31
frontier04857,1714429563,1714429571,8
frontier04858,1714429616,1714429646,30
frontier04859,1714429646,1714429668,22
frontier04860,1714429644,1714429667,23
frontier04861,1714429616,1714429645,29
frontier04862,1714429616,1714429645,29
frontier04863,1714429572,1714429578,6
frontier04864,1714429573,1714429578,5
frontier04865,1714429542,1714429557,15
frontier04870,1714429538,1714429539,1
frontier04885,1714429558,1714429570,12
frontier04888,1714429644,1714429667,23
frontier04894,1714429526,1714429533,7
frontier04896,1714429605,1714429643,38
frontier04901,1714429645,1714429667,22
frontier04902,1714429645,1714429668,23
frontier04908,1714429645,1714429667,22
frontier04912,1714429572,1714429578,6
frontier04928,1714429540,1714429543,3
frontier04930,1714429645,1714429667,22
frontier04954,1714429616,1714429645,29
frontier04955,1714429588,1714429625,37
frontier04956,1714429616,1714429646,30
frontier04957,1714429614,1714429645,31
frontier04962,1714429549,1714429558,9
frontier04964,1714429587,1714429606,19
frontier04966,1714429650,1714429668,18
frontier04967,1714429572,1714429578,6
frontier04970,1714429572,1714429578,6
frontier04974,1714429578,1714429587,9
frontier04975,1714429578,1714429587,9
frontier04976,1714429616,1714429645,29
frontier04977,1714429587,1714429606,19
frontier04978,1714429614,1714429644,30
frontier04979,1714429578,1714429588,10
frontier04980,1714429572,1714429578,6
frontier04981,1714429616,1714429645,29
frontier04982,1714429645,1714429668,23
frontier04983,1714429617,1714429647,30
frontier04984,1714429613,1714429645,32
frontier04985,1714429633,1714429652,19
frontier04986,1714429616,1714429645,29
frontier04987,1714429644,1714429667,23
frontier04988,1714429645,1714429667,22
frontier04989,1714429588,1714429629,41
frontier04990,1714429572,1714429578,6
frontier04991,1714429644,1714429668,24
frontier04992,1714429616,1714429645,29
frontier04999,1714429572,1714429578,6
frontier05007,1714429542,1714429543,1
frontier05008,1714429616,1714429645,29
frontier05014,1714429540,1714429549,9
frontier05017,1714429616,1714429645,29
frontier05018,1714429646,1714429668,22
frontier05020,1714429536,1714429538,2
frontier05022,1714429536,1714429550,14
frontier05027,1714429572,1714429578,6
frontier05039,1714429652,1714429668,16
frontier05051,1714429618,1714429646,28
frontier05054,1714429645,1714429667,22
frontier05060,1714429548,1714429558,10
frontier05069,1714429588,1714429628,40
frontier05095,1714429644,1714429667,23
frontier05097,1714429626,1714429647,21
frontier05098,1714429588,1714429616,28
frontier05099,1714429588,1714429600,12
frontier05100,1714429641,1714429666,25
frontier05101,1714429616,1714429645,29
frontier05102,1714429589,1714429629,40
frontier05103,1714429645,1714429668,23
frontier05104,1714429643,1714429667,24
frontier05105,1714429588,1714429618,30
frontier05106,1714429605,1714429644,39
frontier05107,1714429543,1714429558,15
frontier05108,1714429616,1714429645,29
frontier05109,1714429539,1714429542,3
frontier05110,1714429616,1714429644,28
frontier05111,1714429632,1714429651,19
frontier05112,1714429640,1714429666,26
frontier05113,1714429588,1714429626,38
frontier05114,1714429587,1714429617,30
frontier05115,1714429646,1714429668,22
frontier05116,1714429644,1714429667,23
frontier05117,1714429645,1714429667,22
frontier05118,1714429641,1714429666,25
frontier05119,1714429644,1714429667,23
frontier05120,1714429572,1714429578,6
frontier05122,1714429616,1714429645,29
frontier05137,1714429652,1714429668,16
frontier05139,1714429645,1714429668,23
frontier05145,1714429644,1714429667,23
frontier05147,1714429646,1714429668,22
frontier05148,1714429647,1714429668,21
frontier05151,1714429645,1714429667,22
frontier05176,1714429648,1714429668,20
frontier05178,1714429616,1714429645,29
frontier05180,1714429637,1714429661,24
frontier05197,1714429572,1714429578,6
frontier05202,1714429616,1714429645,29
frontier05203,1714429588,1714429617,29
frontier05204,1714429642,1714429667,25
frontier05205,1714429548,1714429558,10
frontier05206,1714429572,1714429578,6
frontier05207,1714429645,1714429668,23
frontier05208,1714429588,1714429628,40
frontier05209,1714429585,1714429588,3
frontier05210,1714429577,1714429588,11
frontier05211,1714429605,1714429643,38
frontier05212,1714429645,1714429667,22
frontier05213,1714429582,1714429586,4
frontier05214,1714429616,1714429646,30
frontier05215,1714429550,1714429557,7
frontier05216,1714429588,1714429628,40
frontier05217,1714429645,1714429667,22
frontier05218,1714429639,1714429666,27
frontier05219,1714429548,1714429557,9
frontier05220,1714429645,1714429667,22
frontier05239,1714429616,1714429646,30
frontier05240,1714429616,1714429645,29
frontier05241,1714429540,1714429548,8
frontier05242,1714429565,1714429572,7
frontier05243,1714429634,1714429652,18
frontier05244,1714429578,1714429588,10
frontier05245,1714429548,1714429558,10
frontier05246,1714429548,1714429558,10
frontier05247,1714429652,1714429668,16
frontier05248,1714429586,1714429617,31
frontier05249,1714429652,1714429668,16
frontier05254,1714429642,1714429666,24
frontier05261,1714429652,1714429668,16
frontier05272,1714429534,1714429538,4
frontier05291,1714429536,1714429538,2
frontier05303,1714429572,1714429578,6
frontier05308,1714429652,1714429668,16
frontier05323,1714429550,1714429558,8
frontier05324,1714429586,1714429628,42
frontier05326,1714429645,1714429668,23
frontier05327,1714429587,1714429617,30
frontier05328,1714429616,1714429645,29
frontier05329,1714429616,1714429645,29
frontier05330,1714429616,1714429645,29
frontier05331,1714429640,1714429666,26
frontier05333,1714429644,1714429667,23
frontier05335,1714429644,1714429667,23
frontier05336,1714429588,1714429616,28
frontier05337,1714429643,1714429667,24
frontier05338,1714429645,1714429668,23
frontier05339,1714429643,1714429667,24
frontier05341,1714429617,1714429646,29
frontier05342,1714429642,1714429666,24
frontier05347,1714429616,1714429644,28
frontier05352,1714429572,1714429578,6
frontier05353,1714429645,1714429667,22
frontier05354,1714429536,1714429538,2
frontier05356,1714429616,1714429645,29
frontier05358,1714429616,1714429646,30
frontier05361,1714429651,1714429668,17
frontier05362,1714429616,1714429646,30
frontier05363,1714429558,1714429571,13
frontier05364,1714429646,1714429667,21
frontier05369,1714429616,1714429645,29
frontier05371,1714429616,1714429646,30
frontier05372,1714429646,1714429668,22
frontier05373,1714429618,1714429646,28
frontier05374,1714429642,1714429666,24
frontier05375,1714429645,1714429667,22
frontier05376,1714429605,1714429644,39
frontier05377,1714429652,1714429668,16
frontier05383,1714429577,1714429586,9
frontier05391,1714429645,1714429668,23
frontier05405,1714429647,1714429668,21
frontier05432,1714429588,1714429628,40
frontier05434,1714429616,1714429645,29
frontier05435,1714429587,1714429616,29
frontier05436,1714429572,1714429582,10
frontier05437,1714429589,1714429629,40
frontier05438,1714429616,1714429645,29
frontier05439,1714429645,1714429668,23
frontier05440,1714429616,1714429645,29
frontier05444,1714429644,1714429667,23
frontier05460,1714429645,1714429667,22
frontier05461,1714429586,1714429617,31
frontier05462,1714429548,1714429558,10
frontier05463,1714429582,1714429585,3
frontier05464,1714429652,1714429668,16
frontier05465,1714429577,1714429587,10
frontier05466,1714429626,1714429647,21
frontier05467,1714429616,1714429644,28
frontier05468,1714429640,1714429666,26
frontier05470,1714429588,1714429617,29
frontier05471,1714429645,1714429668,23
frontier05477,1714429616,1714429645,29
frontier05478,1714429616,1714429644,28
frontier05479,1714429616,1714429644,28
frontier05480,1714429616,1714429645,29
frontier05483,1714429638,1714429666,28
frontier05485,1714429645,1714429668,23
frontier05486,1714429588,1714429628,40
frontier05488,1714429645,1714429667,22
frontier05489,1714429572,1714429578,6
frontier05490,1714429616,1714429645,29
frontier05491,1714429578,1714429586,8
frontier05492,1714429572,1714429578,6
frontier05493,1714429616,1714429645,29
frontier05494,1714429645,1714429668,23
frontier05495,1714429572,1714429578,6
frontier05496,1714429587,1714429617,30
frontier05497,1714429645,1714429667,22
frontier05498,1714429550,1714429558,8
frontier05499,1714429616,1714429645,29
frontier05503,1714429588,1714429625,37
frontier05509,1714429548,1714429558,10
frontier05511,1714429530,1714429531,1
frontier05515,1714429617,1714429646,29
frontier05520,1714429552,1714429553,1
frontier05521,1714429616,1714429645,29
frontier05523,1714429616,1714429645,29
frontier05528,1714429639,1714429666,27
frontier05529,1714429647,1714429668,21
frontier05530,1714429616,1714429645,29
frontier05531,1714429640,1714429666,26
frontier05532,1714429581,1714429587,6
frontier05534,1714429588,1714429618,30
frontier05539,1714429614,1714429645,31
frontier05541,1714429633,1714429652,19
frontier05542,1714429645,1714429668,23
frontier05543,1714429630,1714429651,21
frontier05546,1714429645,1714429667,22
frontier05547,1714429588,1714429617,29
frontier05548,1714429616,1714429645,29
frontier05552,1714429572,1714429578,6
frontier05553,1714429548,1714429558,10
frontier05556,1714429616,1714429644,28
frontier05559,1714429626,1714429647,21
frontier05560,1714429652,1714429668,16
frontier05561,1714429645,1714429668,23
frontier05562,1714429574,1714429584,10
frontier05563,1714429616,1714429645,29
frontier05564,1714429626,1714429647,21
frontier05570,1714429616,1714429645,29
frontier05572,1714429644,1714429667,23
frontier05573,1714429572,1714429578,6
frontier05574,1714429642,1714429667,25
frontier05578,1714429640,1714429666,26
frontier05579,1714429616,1714429645,29
frontier05582,1714429572,1714429578,6
frontier05584,1714429651,1714429668,17
frontier05585,1714429616,1714429645,29
frontier05587,1714429645,1714429668,23
frontier05588,1714429605,1714429644,39
frontier05589,1714429588,1714429606,18
frontier05592,1714429616,1714429645,29
frontier05594,1714429616,1714429645,29
frontier05601,1714429542,1714429550,8
frontier05603,1714429578,1714429588,10
frontier05604,1714429616,1714429645,29
frontier05605,1714429644,1714429667,23
frontier05606,1714429616,1714429645,29
frontier05607,1714429588,1714429627,39
frontier05616,1714429550,1714429557,7
frontier05617,1714429645,1714429667,22
frontier05621,1714429645,1714429667,22
frontier05624,1714429548,1714429558,10
frontier05625,1714429587,1714429627,40
frontier05626,1714429573,1714429578,5
frontier05628,1714429644,1714429668,24
frontier05630,1714429558,1714429570,12
frontier05631,1714429558,1714429571,13
frontier05638,1714429616,1714429645,29
frontier05641,1714429552,1714429553,1
frontier05642,1714429628,1714429650,22
frontier05644,1714429644,1714429667,23
frontier05645,1714429584,1714429588,4
frontier05646,1714429616,1714429645,29
frontier05647,1714429616,1714429645,29
frontier05651,1714429588,1714429617,29
frontier05652,1714429652,1714429668,16
frontier05655,1714429645,1714429668,23
frontier05656,1714429586,1714429616,30
frontier05657,1714429588,1714429628,40
frontier05658,1714429563,1714429571,8
frontier05660,1714429646,1714429668,22
frontier05663,1714429570,1714429572,2
frontier05664,1714429572,1714429578,6
frontier05665,1714429558,1714429570,12
frontier05670,1714429617,1714429646,29
frontier05671,1714429642,1714429667,25
frontier05675,1714429616,1714429646,30
frontier05676,1714429577,1714429587,10
frontier05678,1714429588,1714429617,29
frontier05679,1714429635,1714429653,18
frontier05683,1714429637,1714429654,17
frontier05684,1714429645,1714429667,22
frontier05685,1714429616,1714429645,29
frontier05686,1714429563,1714429572,9
frontier05687,1714429586,1714429588,2
frontier05690,1714429542,1714429557,15
frontier05691,1714429642,1714429666,24
frontier05692,1714429645,1714429667,22
frontier05697,1714429578,1714429587,9
frontier05699,1714429616,1714429645,29
frontier05700,1714429616,1714429645,29
frontier05704,1714429616,1714429645,29
frontier05708,1714429616,1714429645,29
frontier05710,1714429635,1714429652,17
frontier05711,1714429542,1714429558,16
frontier05712,1714429617,1714429646,29
frontier05713,1714429626,1714429647,21
frontier05714,1714429614,1714429644,30
frontier05717,1714429616,1714429645,29
frontier05719,1714429616,1714429646,30
frontier05720,1714429605,1714429644,39
frontier05727,1714429616,1714429645,29
frontier05728,1714429643,1714429667,24
frontier05731,1714429572,1714429578,6
frontier05733,1714429616,1714429645,29
frontier05734,1714429616,1714429645,29
frontier05735,1714429586,1714429614,28
frontier05737,1714429572,1714429578,6
frontier05739,1714429588,1714429625,37
frontier05740,1714429585,1714429587,2
frontier05751,1714429578,1714429587,9
frontier05752,1714429572,1714429578,6
frontier05757,1714429542,1714429558,16
frontier05758,1714429616,1714429645,29
frontier05759,1714429582,1714429587,5
frontier05760,1714429616,1714429646,30
frontier05761,1714429586,1714429616,30
frontier05762,1714429650,1714429668,18
frontier05764,1714429652,1714429668,16
frontier05765,1714429616,1714429645,29
frontier05766,1714429643,1714429667,24
frontier05767,1714429583,1714429588,5
frontier05770,1714429628,1714429648,20
frontier05771,1714429616,1714429645,29
frontier05774,1714429644,1714429667,23
frontier05776,1714429645,1714429667,22
frontier05777,1714429645,1714429668,23
frontier05778,1714429616,1714429645,29
frontier05783,1714429577,1714429588,11
frontier05785,1714429643,1714429667,24
frontier05786,1714429616,1714429645,29
frontier05787,1714429616,1714429646,30
frontier05788,1714429586,1714429627,41
frontier05789,1714429616,1714429644,28
frontier05790,1714429643,1714429667,24
frontier05792,1714429557,1714429570,13
frontier05794,1714429558,1714429569,11
frontier05795,1714429616,1714429645,29
frontier05796,1714429586,1714429617,31
frontier05797,1714429616,1714429645,29
frontier05798,1714429637,1714429661,24
frontier05800,1714429540,1714429542,2
frontier05801,1714429616,1714429645,29
frontier05802,1714429645,1714429667,22
frontier05803,1714429644,1714429667,23
frontier05804,1714429578,1714429587,9
frontier05805,1714429652,1714429668,16
frontier05806,1714429588,1714429628,40
frontier05814,1714429578,1714429588,10
frontier05817,1714429652,1714429668,16
frontier05818,1714429550,1714429557,7
frontier05821,1714429616,1714429645,29
frontier05823,1714429650,1714429668,18
frontier05825,1714429645,1714429667,22
frontier05826,1714429644,1714429667,23
frontier05827,1714429650,1714429668,18
frontier05828,1714429616,1714429646,30
frontier05829,1714429652,1714429668,16
frontier05830,1714429616,1714429646,30
frontier05831,1714429646,1714429668,22
frontier05832,1714429616,1714429645,29
frontier05833,1714429652,1714429668,16
frontier05838,1714429616,1714429645,29
frontier05840,1714429616,1714429645,29
frontier05841,1714429651,1714429668,17
frontier05842,1714429572,1714429578,6
frontier05845,1714429587,1714429614,27
frontier05858,1714429616,1714429645,29
frontier05862,1714429652,1714429668,16
frontier05864,1714429616,1714429645,29
frontier05865,1714429638,1714429666,28
frontier05869,1714429645,1714429668,23
frontier05870,1714429645,1714429667,22
frontier05871,1714429645,1714429668,23
frontier05872,1714429633,1714429653,20
frontier05873,1714429645,1714429667,22
frontier05879,1714429569,1714429572,3
frontier05880,1714429588,1714429616,28
frontier05881,1714429616,1714429645,29
frontier05882,1714429642,1714429667,25
frontier05883,1714429616,1714429646,30
frontier05885,1714429616,1714429645,29
frontier05893,1714429563,1714429572,9
frontier05895,1714429536,1714429538,2
frontier05896,1714429652,1714429668,16
frontier05897,1714429645,1714429668,23
frontier05898,1714429616,1714429646,30
frontier05899,1714429583,1714429588,5
frontier05900,1714429578,1714429588,10
frontier05903,1714429638,1714429656,18
frontier05904,1714429540,1714429543,3
frontier05905,1714429616,1714429645,29
frontier05906,1714429616,1714429645,29
frontier05907,1714429632,1714429651,19
frontier05908,1714429647,1714429668,21
frontier05909,1714429643,1714429667,24
frontier05910,1714429616,1714429645,29
frontier05911,1714429627,1714429650,23
frontier05912,1714429640,1714429666,26
frontier05914,1714429614,1714429644,30
frontier05915,1714429548,1714429558,10
frontier05917,1714429616,1714429645,29
frontier05918,1714429645,1714429668,23
frontier05919,1714429548,1714429558,10
frontier05921,1714429652,1714429668,16
frontier05922,1714429643,1714429667,24
frontier05923,1714429616,1714429645,29
frontier05924,1714429616,1714429645,29
frontier05927,1714429648,1714429668,20
frontier05928,1714429645,1714429668,23
frontier05929,1714429616,1714429645,29
frontier05931,1714429616,1714429645,29
frontier05933,1714429643,1714429667,24
frontier05934,1714429540,1714429541,1
frontier05935,1714429627,1714429647,20
frontier05936,1714429572,1714429578,6
frontier05937,1714429644,1714429667,23
frontier05938,1714429644,1714429667,23
frontier05942,1714429644,1714429668,24
frontier05943,1714429645,1714429668,23
frontier05944,1714429616,1714429645,29
frontier05947,1714429642,1714429666,24
frontier05949,1714429605,1714429644,39
frontier05950,1714429616,1714429646,30
frontier05952,1714429616,1714429645,29
frontier05953,1714429645,1714429667,22
frontier05955,1714429652,1714429668,16
frontier05956,1714429634,1714429652,18
frontier05957,1714429572,1714429578,6
frontier05958,1714429616,1714429644,28
frontier05960,1714429605,1714429644,39
frontier05961,1714429648,1714429668,20
frontier05962,1714429616,1714429646,30
frontier05963,1714429645,1714429668,23
frontier05966,1714429616,1714429645,29
frontier05968,1714429548,1714429558,10
frontier05969,1714429645,1714429668,23
frontier05975,1714429645,1714429668,23
frontier05985,1714429548,1714429558,10
frontier05999,1714429642,1714429667,25
frontier06000,1714429616,1714429645,29
frontier06016,1714429616,1714429645,29
frontier06021,1714429558,1714429571,13
frontier06022,1714429625,1714429647,22
frontier06023,1714429640,1714429666,26
frontier06024,1714429616,1714429644,28
frontier06026,1714429605,1714429643,38
frontier06028,1714429652,1714429668,16
frontier06029,1714429616,1714429646,30
frontier06030,1714429645,1714429668,23
frontier06034,1714429652,1714429668,16
frontier06035,1714429616,1714429645,29
frontier06036,1714429651,1714429668,17
frontier06037,1714429588,1714429614,26
frontier06038,1714429616,1714429645,29
frontier06040,1714429644,1714429667,23
frontier06041,1714429587,1714429618,31
frontier06042,1714429616,1714429645,29
frontier06043,1714429616,1714429645,29
frontier06045,1714429616,1714429645,29
frontier06046,1714429644,1714429667,23
frontier06047,1714429616,1714429645,29
frontier06048,1714429533,1714429535,2
frontier06049,1714429614,1714429645,31
frontier06050,1714429573,1714429578,5
frontier06051,1714429549,1714429558,9
frontier06053,1714429651,1714429668,17
frontier06057,1714429643,1714429667,24
frontier06058,1714429616,1714429645,29
frontier06059,1714429616,1714429645,29
frontier06060,1714429645,1714429667,22
frontier06061,1714429636,1714429654,18
frontier06062,1714429640,1714429666,26
frontier06063,1714429652,1714429668,16
frontier06064,1714429616,1714429645,29
frontier06065,1714429616,1714429645,29
frontier06069,1714429605,1714429643,38
frontier06070,1714429616,1714429645,29
frontier06071,1714429651,1714429668,17
frontier06072,1714429616,1714429645,29
frontier06073,1714429644,1714429667,23
frontier06074,1714429616,1714429646,30
frontier06075,1714429652,1714429668,16
frontier06076,1714429641,1714429667,26
frontier06079,1714429616,1714429644,28
frontier06081,1714429643,1714429667,24
frontier06082,1714429588,1714429617,29
frontier06083,1714429605,1714429644,39
frontier06084,1714429572,1714429578,6
frontier06086,1714429616,1714429645,29
frontier06088,1714429616,1714429646,30
frontier06089,1714429589,1714429628,39
frontier06093,1714429650,1714429668,18
frontier06107,1714429645,1714429668,23
frontier06131,1714429548,1714429551,3
frontier06140,1714429588,1714429616,28
frontier06143,1714429645,1714429667,22
frontier06144,1714429578,1714429586,8
frontier06145,1714429646,1714429668,22
frontier06146,1714429628,1714429650,22
frontier06147,1714429645,1714429667,22
frontier06150,1714429530,1714429531,1
frontier06152,1714429616,1714429646,30
frontier06153,1714429652,1714429668,16
frontier06154,1714429542,1714429543,1
frontier06155,1714429642,1714429667,25
frontier06156,1714429605,1714429644,39
frontier06157,1714429645,1714429667,22
frontier06158,1714429578,1714429588,10
frontier06160,1714429588,1714429625,37
frontier06162,1714429588,1714429616,28
frontier06163,1714429644,1714429667,23
frontier06164,1714429584,1714429588,4
frontier06165,1714429634,1714429653,19
frontier06167,1714429616,1714429645,29
frontier06169,1714429644,1714429667,23
frontier06170,1714429578,1714429588,10
frontier06171,1714429572,1714429578,6
frontier06174,1714429630,1714429652,22
frontier06175,1714429647,1714429668,21
frontier06176,1714429572,1714429578,6
frontier06177,1714429616,1714429645,29
frontier06178,1714429645,1714429668,23
frontier06179,1714429586,1714429617,31
frontier06180,1714429644,1714429667,23
frontier06181,1714429573,1714429578,5
frontier06182,1714429616,1714429645,29
frontier06183,1714429616,1714429645,29
frontier06186,1714429616,1714429646,30
frontier06187,1714429616,1714429645,29
frontier06188,1714429571,1714429578,7
frontier06189,1714429614,1714429645,31
frontier06190,1714429642,1714429666,24
frontier06192,1714429616,1714429645,29
frontier06194,1714429616,1714429645,29
frontier06197,1714429643,1714429667,24
frontier06198,1714429616,1714429645,29
frontier06199,1714429586,1714429617,31
frontier06200,1714429645,1714429667,22
frontier06205,1714429588,1714429620,32
frontier06207,1714429621,1714429646,25
frontier06209,1714429588,1714429617,29
frontier06214,1714429613,1714429644,31
frontier06216,1714429644,1714429667,23
frontier06217,1714429616,1714429645,29
frontier06218,1714429616,1714429645,29
frontier06219,1714429630,1714429651,21
frontier06223,1714429572,1714429578,6
frontier06229,1714429583,1714429584,1
frontier06236,1714429540,1714429542,2
frontier06237,1714429578,1714429588,10
frontier06241,1714429563,1714429571,8
frontier06245,1714429630,1714429652,22
frontier06247,1714429650,1714429668,18
frontier06257,1714429616,1714429646,30
frontier06259,1714429642,1714429667,25
frontier06273,1714429551,1714429558,7
frontier06274,1714429587,1714429617,30
frontier06275,1714429616,1714429645,29
frontier06276,1714429616,1714429646,30
frontier06277,1714429647,1714429668,21
frontier06278,1714429616,1714429645,29
frontier06279,1714429572,1714429578,6
frontier06280,1714429605,1714429644,39
frontier06281,1714429643,1714429667,24
frontier06282,1714429548,1714429558,10
frontier06283,1714429650,1714429668,18
frontier06284,1714429616,1714429645,29
frontier06285,1714429616,1714429647,31
frontier06286,1714429644,1714429668,24
frontier06287,1714429614,1714429645,31
frontier06288,1714429614,1714429645,31
frontier06289,1714429571,1714429578,7
frontier06290,1714429616,1714429645,29
frontier06291,1714429613,1714429645,32
frontier06292,1714429582,1714429587,5
frontier06293,1714429651,1714429668,17
frontier06294,1714429617,1714429645,28
frontier06295,1714429616,1714429645,29
frontier06296,1714429616,1714429645,29
frontier06297,1714429587,1714429627,40
frontier06299,1714429645,1714429668,23
frontier06300,1714429587,1714429610,23
frontier06301,1714429642,1714429667,25
frontier06302,1714429644,1714429667,23
frontier06303,1714429588,1714429616,28
frontier06304,1714429616,1714429645,29
frontier06305,1714429628,1714429651,23
frontier06306,1714429645,1714429667,22
frontier06307,1714429588,1714429616,28
frontier06308,1714429651,1714429668,17
frontier06309,1714429616,1714429645,29
frontier06311,1714429616,1714429645,29
frontier06312,1714429651,1714429668,17
frontier06313,1714429616,1714429645,29
frontier06314,1714429644,1714429667,23
frontier06315,1714429578,1714429588,10
frontier06316,1714429645,1714429667,22
frontier06317,1714429588,1714429617,29
frontier06318,1714429646,1714429668,22
frontier06319,1714429616,1714429645,29
frontier06320,1714429548,1714429558,10
frontier06321,1714429616,1714429645,29
frontier06322,1714429645,1714429668,23
frontier06323,1714429644,1714429667,23
frontier06327,1714429527,1714429535,8
frontier06332,1714429558,1714429571,13
frontier06338,1714429644,1714429667,23
frontier06370,1714429605,1714429644,39
frontier06376,1714429645,1714429668,23
frontier06378,1714429605,1714429644,39
frontier06384,1714429588,1714429620,32
frontier06386,1714429645,1714429667,22
frontier06389,1714429616,1714429645,29
frontier06391,1714429632,1714429652,20
frontier06393,1714429630,1714429650,20
frontier06395,1714429642,1714429667,25
frontier06400,1714429644,1714429667,23
frontier06401,1714429652,1714429668,16
frontier06402,1714429645,1714429667,22
frontier06403,1714429558,1714429571,13
frontier06404,1714429644,1714429667,23
frontier06405,1714429638,1714429654,16
frontier06406,1714429645,1714429667,22
frontier06407,1714429605,1714429644,39
frontier06408,1714429645,1714429668,23
frontier06409,1714429645,1714429668,23
frontier06410,1714429605,1714429645,40
frontier06412,1714429632,1714429653,21
frontier06413,1714429645,1714429668,23
frontier06414,1714429617,1714429645,28
frontier06415,1714429613,1714429644,31
frontier06416,1714429642,1714429667,25
frontier06417,1714429616,1714429645,29
frontier06418,1714429550,1714429558,8
frontier06419,1714429645,1714429667,22
frontier06420,1714429548,1714429558,10
frontier06421,1714429616,1714429645,29
frontier06422,1714429645,1714429667,22
frontier06423,1714429645,1714429667,22
frontier06424,1714429605,1714429644,39
frontier06425,1714429642,1714429667,25
frontier06426,1714429616,1714429644,28
frontier06427,1714429616,1714429645,29
frontier06428,1714429616,1714429646,30
frontier06429,1714429616,1714429645,29
frontier06430,1714429572,1714429578,6
frontier06431,1714429653,1714429668,15
frontier06432,1714429605,1714429644,39
frontier06433,1714429616,1714429646,30
frontier06434,1714429653,1714429668,15
frontier06435,1714429645,1714429668,23
frontier06436,1714429644,1714429667,23
frontier06437,1714429577,1714429587,10
frontier06438,1714429587,1714429616,29
frontier06439,1714429616,1714429644,28
frontier06440,1714429652,1714429668,16
frontier06441,1714429586,1714429626,40
frontier06442,1714429645,1714429668,23
frontier06443,1714429647,1714429668,21
frontier06444,1714429616,1714429645,29
frontier06445,1714429616,1714429646,30
frontier06446,1714429616,1714429645,29
frontier06447,1714429536,1714429548,12
frontier06448,1714429578,1714429588,10
frontier06449,1714429572,1714429578,6
frontier06450,1714429572,1714429578,6
frontier06451,1714429524,1714429531,7
frontier06453,1714429616,1714429645,29
frontier06459,1714429637,1714429654,17
frontier06465,1714429616,1714429645,29
frontier06468,1714429616,1714429645,29
frontier06497,1714429642,1714429666,24
frontier06500,1714429643,1714429667,24
frontier06503,1714429616,1714429646,30
frontier06504,1714429539,1714429542,3
frontier06505,1714429543,1714429544,1
frontier06510,1714429643,1714429667,24
frontier06512,1714429605,1714429643,38
frontier06513,1714429652,1714429668,16
frontier06514,1714429577,1714429587,10
frontier06515,1714429616,1714429645,29
frontier06518,1714429578,1714429588,10
frontier06520,1714429616,1714429646,30
frontier06523,1714429651,1714429668,17
frontier06526,1714429548,1714429558,10
frontier06527,1714429645,1714429667,22
frontier06528,1714429578,1714429587,9
frontier06529,1714429589,1714429628,39
frontier06530,1714429616,1714429645,29
frontier06531,1714429652,1714429668,16
frontier06532,1714429616,1714429645,29
frontier06533,1714429616,1714429645,29
frontier06534,1714429578,1714429587,9
frontier06535,1714429645,1714429668,23
frontier06536,1714429578,1714429587,9
frontier06537,1714429585,1714429588,3
frontier06538,1714429588,1714429616,28
frontier06539,1714429616,1714429645,29
frontier06540,1714429616,1714429645,29
frontier06541,1714429642,1714429667,25
frontier06542,1714429587,1714429629,42
frontier06543,1714429616,1714429646,30
frontier06544,1714429616,1714429645,29
frontier06545,1714429651,1714429668,17
frontier06546,1714429577,1714429585,8
frontier06547,1714429638,1714429666,28
frontier06548,1714429645,1714429667,22
frontier06549,1714429645,1714429667,22
frontier06550,1714429616,1714429645,29
frontier06551,1714429647,1714429668,21
frontier06552,1714429588,1714429625,37
frontier06553,1714429645,1714429668,23
frontier06554,1714429646,1714429668,22
frontier06555,1714429652,1714429668,16
frontier06556,1714429572,1714429578,6
frontier06557,1714429645,1714429668,23
frontier06558,1714429616,1714429645,29
frontier06559,1714429627,1714429647,20
frontier06560,1714429650,1714429668,18
frontier06561,1714429548,1714429558,10
frontier06562,1714429640,1714429666,26
frontier06563,1714429616,1714429644,28
frontier06564,1714429628,1714429648,20
frontier06565,1714429616,1714429645,29
frontier06566,1714429652,1714429668,16
frontier06567,1714429645,1714429668,23
frontier06568,1714429605,1714429644,39
frontier06569,1714429605,1714429644,39
frontier06570,1714429613,1714429644,31
frontier06574,1714429646,1714429668,22
frontier06583,1714429616,1714429645,29
frontier06585,1714429548,1714429558,10
frontier06587,1714429645,1714429667,22
frontier06594,1714429616,1714429645,29
frontier06600,1714429616,1714429646,30
frontier06617,1714429643,1714429666,23
frontier06625,1714429616,1714429645,29
frontier06626,1714429645,1714429668,23
frontier06628,1714429577,1714429587,10
frontier06629,1714429605,1714429643,38
frontier06630,1714429587,1714429616,29
frontier06631,1714429527,1714429528,1
frontier06632,1714429616,1714429645,29
frontier06633,1714429572,1714429578,6
frontier06637,1714429616,1714429645,29
frontier06638,1714429644,1714429667,23
frontier06639,1714429616,1714429645,29
frontier06640,1714429588,1714429616,28
frontier06643,1714429616,1714429645,29
frontier06644,1714429636,1714429654,18
frontier06645,1714429652,1714429668,16
frontier06646,1714429634,1714429653,19
frontier06647,1714429616,1714429646,30
frontier06651,1714429616,1714429645,29
frontier06652,1714429645,1714429668,23
frontier06655,1714429616,1714429645,29
frontier06657,1714429644,1714429667,23
frontier06658,1714429643,1714429667,24
frontier06660,1714429605,1714429644,39
frontier06661,1714429645,1714429668,23
frontier06662,1714429645,1714429667,22
frontier06663,1714429578,1714429587,9
frontier06664,1714429616,1714429645,29
frontier06665,1714429616,1714429645,29
frontier06666,1714429588,1714429629,41
frontier06668,1714429651,1714429668,17
frontier06669,1714429616,1714429646,30
frontier06670,1714429616,1714429644,28
frontier06672,1714429642,1714429667,25
frontier06673,1714429616,1714429646,30
frontier06675,1714429616,1714429645,29
frontier06676,1714429616,1714429645,29
frontier06677,1714429645,1714429667,22
frontier06679,1714429616,1714429646,30
frontier06680,1714429651,1714429668,17
frontier06682,1714429616,1714429644,28
frontier06683,1714429578,1714429587,9
frontier06687,1714429647,1714429668,21
frontier06689,1714429616,1714429646,30
frontier06693,1714429616,1714429645,29
frontier06704,1714429585,1714429588,3
frontier06705,1714429616,1714429645,29
frontier06709,1714429616,1714429645,29
frontier06711,1714429646,1714429668,22
frontier06712,1714429644,1714429667,23
frontier06713,1714429632,1714429652,20
frontier06714,1714429588,1714429617,29
frontier06715,1714429652,1714429668,16
frontier06716,1714429588,1714429617,29
frontier06717,1714429616,1714429645,29
frontier06719,1714429640,1714429666,26
frontier06720,1714429589,1714429630,41
frontier06729,1714429616,1714429644,28
frontier06730,1714429643,1714429667,24
frontier06734,1714429645,1714429667,22
frontier06739,1714429616,1714429645,29
frontier06740,1714429645,1714429667,22
frontier06741,1714429616,1714429644,28
frontier06742,1714429616,1714429645,29
frontier06743,1714429616,1714429645,29
frontier06744,1714429616,1714429645,29
frontier06745,1714429616,1714429645,29
frontier06746,1714429644,1714429667,23
frontier06747,1714429616,1714429646,30
frontier06748,1714429533,1714429536,3
frontier06751,1714429616,1714429645,29
frontier06752,1714429616,1714429645,29
frontier06754,1714429616,1714429645,29
frontier06755,1714429578,1714429588,10
frontier06756,1714429652,1714429668,16
frontier06757,1714429646,1714429668,22
frontier06759,1714429586,1714429629,43
frontier06760,1714429530,1714429531,1
frontier06762,1714429642,1714429667,25
frontier06764,1714429616,1714429645,29
frontier06766,1714429616,1714429646,30
frontier06767,1714429616,1714429645,29
frontier06768,1714429645,1714429667,22
frontier06769,1714429616,1714429645,29
frontier06770,1714429643,1714429667,24
frontier06771,1714429585,1714429587,2
frontier06772,1714429605,1714429644,39
frontier06773,1714429616,1714429645,29
frontier06774,1714429644,1714429667,23
frontier06775,1714429571,1714429572,1
frontier06781,1714429526,1714429541,15
frontier06782,1714429644,1714429667,23
frontier06783,1714429616,1714429645,29
frontier06784,1714429639,1714429666,27
frontier06786,1714429644,1714429667,23
frontier06787,1714429572,1714429578,6
frontier06788,1714429652,1714429668,16
frontier06791,1714429645,1714429668,23
frontier06792,1714429548,1714429550,2
frontier06793,1714429640,1714429666,26
frontier06794,1714429616,1714429645,29
frontier06795,1714429588,1714429616,28
frontier06796,1714429616,1714429645,29
frontier06797,1714429616,1714429645,29
frontier06799,1714429645,1714429667,22
frontier06803,1714429616,1714429645,29
frontier06804,1714429645,1714429668,23
frontier06805,1714429572,1714429578,6
frontier06807,1714429572,1714429582,10
frontier06809,1714429578,1714429588,10
frontier06813,1714429645,1714429668,23
frontier06814,1714429626,1714429647,21
frontier06815,1714429616,1714429645,29
frontier06829,1714429652,1714429668,16
frontier06833,1714429644,1714429667,23
frontier06835,1714429653,1714429668,15
frontier06836,1714429647,1714429668,21
frontier06837,1714429616,1714429645,29
frontier06838,1714429644,1714429667,23
frontier06839,1714429616,1714429644,28
frontier06842,1714429645,1714429667,22
frontier06844,1714429643,1714429667,24
frontier06846,1714429616,1714429645,29
frontier06849,1714429616,1714429646,30
frontier06851,1714429616,1714429646,30
frontier06852,1714429616,1714429645,29
frontier06853,1714429641,1714429666,25
frontier06856,1714429586,1714429617,31
frontier06859,1714429645,1714429668,23
frontier06865,1714429558,1714429569,11
frontier06866,1714429642,1714429666,24
frontier06867,1714429644,1714429667,23
frontier06871,1714429616,1714429645,29
frontier06872,1714429616,1714429645,29
frontier06873,1714429588,1714429616,28
frontier06874,1714429548,1714429558,10
frontier06881,1714429645,1714429668,23
frontier06882,1714429642,1714429667,25
frontier06883,1714429616,1714429645,29
frontier06884,1714429616,1714429645,29
frontier06885,1714429525,1714429527,2
frontier06886,1714429648,1714429668,20
frontier06887,1714429587,1714429628,41
frontier06888,1714429616,1714429645,29
frontier06889,1714429645,1714429668,23
frontier06890,1714429647,1714429668,21
frontier06891,1714429577,1714429587,10
frontier06892,1714429613,1714429644,31
frontier06893,1714429573,1714429584,11
frontier06894,1714429644,1714429667,23
frontier06895,1714429642,1714429666,24
frontier06896,1714429645,1714429667,22
frontier06898,1714429586,1714429616,30
frontier06900,1714429644,1714429667,23
frontier06901,1714429645,1714429668,23
frontier06902,1714429616,1714429645,29
frontier06903,1714429587,1714429620,33
frontier06904,1714429573,1714429578,5
frontier06905,1714429643,1714429667,24
frontier06906,1714429644,1714429667,23
frontier06907,1714429626,1714429647,21
frontier06909,1714429540,1714429550,10
frontier06910,1714429645,1714429668,23
frontier06915,1714429645,1714429668,23
frontier06916,1714429616,1714429645,29
frontier06918,1714429572,1714429578,6
frontier06919,1714429616,1714429645,29
frontier06920,1714429645,1714429667,22
frontier06938,1714429645,1714429668,23
frontier06943,1714429645,1714429668,23
frontier06944,1714429635,1714429654,19
frontier06946,1714429645,1714429668,23
frontier06949,1714429616,1714429645,29
frontier06950,1714429644,1714429667,23
frontier06953,1714429572,1714429578,6
frontier06954,1714429570,1714429572,2
frontier06955,1714429651,1714429668,17
frontier06956,1714429645,1714429668,23
frontier06964,1714429616,1714429644,28
frontier06968,1714429645,1714429668,23
frontier06969,1714429572,1714429578,6
frontier06970,1714429605,1714429644,39
frontier06971,1714429542,1714429558,16
frontier06972,1714429588,1714429616,28
frontier06979,1714429645,1714429667,22
frontier06980,1714429634,1714429654,20
frontier06990,1714429616,1714429645,29
frontier06993,1714429578,1714429586,8
frontier06995,1714429616,1714429645,29
frontier06997,1714429616,1714429645,29
frontier07001,1714429645,1714429668,23
frontier07002,1714429614,1714429645,31
frontier07003,1714429616,1714429645,29
frontier07005,1714429616,1714429645,29
frontier07010,1714429616,1714429645,29
frontier07012,1714429642,1714429667,25
frontier07014,1714429543,1714429558,15
frontier07016,1714429616,1714429645,29
frontier07018,1714429644,1714429667,23
frontier07021,1714429572,1714429578,6
frontier07023,1714429645,1714429668,23
frontier07024,1714429548,1714429558,10
frontier07025,1714429643,1714429667,24
frontier07026,1714429652,1714429668,16
frontier07027,1714429585,1714429588,3
frontier07028,1714429549,1714429558,9
frontier07029,1714429616,1714429645,29
frontier07030,1714429616,1714429645,29
frontier07032,1714429652,1714429668,16
frontier07033,1714429570,1714429572,2
frontier07034,1714429645,1714429668,23
frontier07035,1714429616,1714429646,30
frontier07036,1714429613,1714429645,32
frontier07037,1714429616,1714429645,29
frontier07038,1714429589,1714429628,39
frontier07039,1714429644,1714429667,23
frontier07040,1714429644,1714429667,23
frontier07041,1714429605,1714429644,39
frontier07044,1714429644,1714429667,23
frontier07045,1714429645,1714429667,22
frontier07046,1714429645,1714429668,23
frontier07049,1714429616,1714429645,29
frontier07050,1714429572,1714429578,6
frontier07068,1714429616,1714429645,29
frontier07069,1714429630,1714429651,21
frontier07070,1714429652,1714429668,16
frontier07076,1714429645,1714429667,22
frontier07077,1714429616,1714429645,29
frontier07078,1714429616,1714429645,29
frontier07079,1714429645,1714429667,22
frontier07083,1714429616,1714429645,29
frontier07084,1714429605,1714429644,39
frontier07089,1714429650,1714429668,18
frontier07091,1714429616,1714429645,29
frontier07092,1714429586,1714429588,2
frontier07093,1714429645,1714429668,23
frontier07095,1714429643,1714429667,24
frontier07096,1714429588,1714429614,26
frontier07097,1714429613,1714429644,31
frontier07098,1714429616,1714429645,29
frontier07099,1714429616,1714429645,29
frontier07100,1714429616,1714429646,30
frontier07101,1714429616,1714429646,30
frontier07103,1714429573,1714429582,9
frontier07104,1714429572,1714429578,6
frontier07105,1714429616,1714429646,30
frontier07106,1714429644,1714429667,23
frontier07107,1714429643,1714429667,24
frontier07108,1714429616,1714429645,29
frontier07110,1714429616,1714429645,29
frontier07111,1714429643,1714429667,24
frontier07112,1714429645,1714429668,23
frontier07113,1714429616,1714429645,29
frontier07115,1714429650,1714429668,18
frontier07116,1714429578,1714429586,8
frontier07117,1714429647,1714429668,21
frontier07119,1714429645,1714429667,22
frontier07120,1714429572,1714429578,6
frontier07121,1714429644,1714429667,23
frontier07122,1714429644,1714429667,23
frontier07123,1714429643,1714429667,24
frontier07124,1714429616,1714429646,30
frontier07125,1714429616,1714429646,30
frontier07126,1714429643,1714429667,24
frontier07129,1714429543,1714429558,15
frontier07130,1714429613,1714429644,31
frontier07131,1714429645,1714429667,22
frontier07132,1714429552,1714429558,6
frontier07133,1714429645,1714429668,23
frontier07134,1714429616,1714429646,30
frontier07135,1714429605,1714429645,40
frontier07136,1714429616,1714429646,30
frontier07138,1714429616,1714429645,29
frontier07139,1714429616,1714429646,30
frontier07140,1714429625,1714429646,21
frontier07141,1714429558,1714429570,12
frontier07142,1714429645,1714429667,22
frontier07143,1714429542,1714429558,16
frontier07144,1714429578,1714429587,9
frontier07145,1714429548,1714429558,10
frontier07147,1714429629,1714429651,22
frontier07148,1714429616,1714429645,29
frontier07149,1714429616,1714429646,30
frontier07152,1714429648,1714429668,20
frontier07154,1714429616,1714429644,28
frontier07155,1714429616,1714429645,29
frontier07156,1714429645,1714429667,22
frontier07157,1714429589,1714429630,41
frontier07165,1714429558,1714429571,13
frontier07166,1714429616,1714429645,29
frontier07169,1714429616,1714429645,29
frontier07170,1714429645,1714429668,23
frontier07171,1714429616,1714429646,30
frontier07172,1714429643,1714429667,24
frontier07174,1714429578,1714429587,9
frontier07175,1714429572,1714429578,6
frontier07176,1714429548,1714429558,10
frontier07178,1714429616,1714429646,30
frontier07180,1714429645,1714429668,23
frontier07181,1714429614,1714429645,31
frontier07182,1714429587,1714429613,26
frontier07183,1714429616,1714429645,29
frontier07184,1714429572,1714429578,6
frontier07185,1714429616,1714429645,29
frontier07186,1714429587,1714429628,41
frontier07190,1714429645,1714429668,23
frontier07191,1714429548,1714429558,10
frontier07193,1714429616,1714429645,29
frontier07194,1714429558,1714429571,13
frontier07197,1714429616,1714429645,29
frontier07199,1714429645,1714429667,22
frontier07200,1714429647,1714429668,21
frontier07201,1714429605,1714429643,38
frontier07204,1714429647,1714429668,21
frontier07205,1714429558,1714429570,12
frontier07206,1714429616,1714429645,29
frontier07207,1714429616,1714429645,29
frontier07208,1714429578,1714429587,9
frontier07209,1714429642,1714429666,24
frontier07210,1714429616,1714429645,29
frontier07211,1714429607,1714429645,38
frontier07213,1714429645,1714429668,23
frontier07214,1714429645,1714429667,22
frontier07215,1714429643,1714429667,24
frontier07218,1714429652,1714429668,16
frontier07219,1714429645,1714429667,22
frontier07220,1714429616,1714429645,29
frontier07222,1714429643,1714429667,24
frontier07223,1714429641,1714429666,25
frontier07224,1714429645,1714429668,23
frontier07227,1714429642,1714429667,25
frontier07228,1714429645,1714429668,23
frontier07230,1714429650,1714429668,18
frontier07233,1714429605,1714429643,38
frontier07234,1714429578,1714429586,8
frontier07235,1714429548,1714429558,10
frontier07236,1714429572,1714429578,6
frontier07240,1714429616,1714429645,29
frontier07241,1714429644,1714429667,23
frontier07242,1714429644,1714429667,23
frontier07243,1714429641,1714429666,25
frontier07244,1714429549,1714429558,9
frontier07246,1714429616,1714429645,29
frontier07248,1714429616,1714429645,29
frontier07249,1714429645,1714429668,23
frontier07250,1714429641,1714429667,26
frontier07267,1714429644,1714429667,23
frontier07281,1714429644,1714429667,23
frontier07282,1714429616,1714429646,30
frontier07283,1714429616,1714429646,30
frontier07284,1714429645,1714429667,22
frontier07287,1714429616,1714429644,28
frontier07289,1714429632,1714429651,19
frontier07290,1714429616,1714429646,30
frontier07291,1714429616,1714429646,30
frontier07292,1714429548,1714429558,10
frontier07293,1714429558,1714429570,12
frontier07294,1714429588,1714429617,29
frontier07295,1714429616,1714429645,29
frontier07297,1714429652,1714429668,16
frontier07298,1714429572,1714429578,6
frontier07299,1714429616,1714429645,29
frontier07300,1714429616,1714429645,29
frontier07301,1714429616,1714429645,29
frontier07302,1714429616,1714429645,29
frontier07304,1714429587,1714429606,19
frontier07305,1714429616,1714429645,29
frontier07307,1714429644,1714429667,23
frontier07308,1714429578,1714429587,9
frontier07309,1714429644,1714429667,23
frontier07310,1714429587,1714429616,29
frontier07312,1714429645,1714429668,23
frontier07313,1714429578,1714429587,9
frontier07314,1714429616,1714429645,29
frontier07315,1714429652,1714429668,16
frontier07316,1714429577,1714429586,9
frontier07317,1714429616,1714429645,29
frontier07318,1714429643,1714429667,24
frontier07319,1714429645,1714429667,22
frontier07320,1714429605,1714429643,38
frontier07321,1714429648,1714429668,20
frontier07322,1714429572,1714429578,6
frontier07324,1714429643,1714429667,24
frontier07328,1714429616,1714429644,28
frontier07330,1714429616,1714429645,29
frontier07332,1714429650,1714429668,18
frontier07333,1714429588,1714429627,39
frontier07334,1714429616,1714429645,29
frontier07336,1714429589,1714429629,40
frontier07338,1714429585,1714429588,3
frontier07339,1714429634,1714429653,19
frontier07340,1714429632,1714429651,19
frontier07341,1714429572,1714429578,6
frontier07343,1714429616,1714429645,29
frontier07344,1714429652,1714429668,16
frontier07346,1714429616,1714429645,29
frontier07349,1714429645,1714429668,23
frontier07352,1714429616,1714429645,29
frontier07353,1714429568,1714429572,4
frontier07355,1714429639,1714429665,26
frontier07356,1714429641,1714429667,26
frontier07357,1714429616,1714429645,29
frontier07358,1714429572,1714429578,6
frontier07361,1714429588,1714429628,40
frontier07362,1714429616,1714429645,29
frontier07363,1714429585,1714429587,2
frontier07365,1714429587,1714429628,41
frontier07368,1714429645,1714429668,23
frontier07369,1714429572,1714429578,6
frontier07370,1714429616,1714429645,29
frontier07371,1714429645,1714429667,22
frontier07372,1714429529,1714429530,1
frontier07373,1714429588,1714429616,28
frontier07375,1714429616,1714429644,28
frontier07377,1714429588,1714429617,29
frontier07393,1714429644,1714429667,23
frontier07396,1714429542,1714429557,15
frontier07397,1714429543,1714429558,15
frontier07398,1714429587,1714429616,29
frontier07399,1714429644,1714429667,23
frontier07400,1714429616,1714429645,29
frontier07407,1714429616,1714429645,29
frontier07408,1714429645,1714429667,22
frontier07409,1714429645,1714429667,22
frontier07410,1714429616,1714429645,29
frontier07411,1714429641,1714429666,25
frontier07414,1714429646,1714429668,22
frontier07415,1714429616,1714429646,30
frontier07417,1714429645,1714429668,23
frontier07419,1714429548,1714429558,10
frontier07420,1714429616,1714429645,29
frontier07425,1714429646,1714429668,22
frontier07427,1714429645,1714429667,22
frontier07429,1714429645,1714429668,23
frontier07430,1714429573,1714429578,5
frontier07433,1714429643,1714429667,24
frontier07434,1714429572,1714429578,6
frontier07435,1714429645,1714429668,23
frontier07436,1714429640,1714429666,26
frontier07437,1714429653,1714429668,15
frontier07438,1714429563,1714429572,9
frontier07439,1714429645,1714429667,22
frontier07440,1714429616,1714429645,29
frontier07441,1714429616,1714429645,29
frontier07442,1714429616,1714429645,29
frontier07443,1714429613,1714429645,32
frontier07444,1714429588,1714429616,28
frontier07445,1714429588,1714429617,29
frontier07446,1714429548,1714429558,10
frontier07447,1714429616,1714429645,29
frontier07449,1714429652,1714429668,16
frontier07450,1714429645,1714429668,23
frontier07451,1714429643,1714429667,24
frontier07454,1714429643,1714429667,24
frontier07455,1714429652,1714429668,16
frontier07457,1714429644,1714429667,23
frontier07458,1714429651,1714429668,17
frontier07460,1714429585,1714429588,3
frontier07462,1714429643,1714429667,24
frontier07468,1714429646,1714429668,22
frontier07470,1714429630,1714429651,21
frontier07471,1714429616,1714429645,29
frontier07473,1714429640,1714429666,26
frontier07474,1714429645,1714429668,23
frontier07475,1714429616,1714429645,29
frontier07476,1714429550,1714429558,8
frontier07477,1714429588,1714429617,29
frontier07478,1714429644,1714429667,23
frontier07479,1714429616,1714429645,29
frontier07482,1714429645,1714429667,22
frontier07485,1714429548,1714429558,10
frontier07486,1714429645,1714429667,22
frontier07487,1714429616,1714429645,29
frontier07488,1714429645,1714429667,22
frontier07489,1714429558,1714429570,12
frontier07490,1714429633,1714429652,19
frontier07498,1714429616,1714429644,28
frontier07501,1714429588,1714429625,37
frontier07502,1714429645,1714429668,23
frontier07509,1714429587,1714429627,40
frontier07511,1714429639,1714429655,16
frontier07512,1714429652,1714429668,16
frontier07513,1714429613,1714429644,31
frontier07514,1714429647,1714429668,21
frontier07515,1714429616,1714429646,30
frontier07517,1714429616,1714429645,29
frontier07524,1714429572,1714429578,6
frontier07533,1714429641,1714429666,25
frontier07534,1714429645,1714429667,22
frontier07537,1714429644,1714429667,23
frontier07539,1714429645,1714429668,23
frontier07540,1714429645,1714429667,22
frontier07541,1714429613,1714429645,32
frontier07542,1714429614,1714429645,31
frontier07545,1714429587,1714429617,30
frontier07546,1714429638,1714429665,27
frontier07547,1714429652,1714429668,16
frontier07549,1714429652,1714429668,16
frontier07550,1714429616,1714429645,29
frontier07551,1714429665,1714429668,3
frontier07553,1714429643,1714429667,24
frontier07554,1714429616,1714429645,29
frontier07555,1714429616,1714429645,29
frontier07556,1714429572,1714429578,6
frontier07557,1714429648,1714429668,20
frontier07558,1714429645,1714429667,22
frontier07559,1714429644,1714429667,23
frontier07560,1714429645,1714429668,23
frontier07561,1714429645,1714429668,23
frontier07563,1714429642,1714429666,24
frontier07564,1714429572,1714429578,6
frontier07565,1714429627,1714429647,20
frontier07566,1714429616,1714429645,29
frontier07567,1714429616,1714429645,29
frontier07568,1714429616,1714429645,29
frontier07570,1714429616,1714429645,29
frontier07571,1714429578,1714429587,9
frontier07572,1714429646,1714429668,22
frontier07573,1714429572,1714429578,6
frontier07574,1714429605,1714429644,39
frontier07575,1714429618,1714429646,28
frontier07576,1714429588,1714429628,40
frontier07577,1714429616,1714429644,28
frontier07578,1714429616,1714429645,29
frontier07579,1714429652,1714429668,16
frontier07580,1714429645,1714429668,23
frontier07581,1714429651,1714429668,17
frontier07582,1714429558,1714429570,12
frontier07583,1714429635,1714429653,18
frontier07584,1714429644,1714429667,23
frontier07585,1714429586,1714429617,31
frontier07586,1714429616,1714429645,29
frontier07587,1714429589,1714429628,39
frontier07588,1714429644,1714429667,23
frontier07589,1714429616,1714429645,29
frontier07590,1714429645,1714429667,22
frontier07591,1714429572,1714429578,6
frontier07592,1714429616,1714429646,30
frontier07593,1714429548,1714429558,10
frontier07595,1714429616,1714429646,30
frontier07596,1714429616,1714429645,29
frontier07597,1714429634,1714429653,19
frontier07598,1714429645,1714429667,22
frontier07599,1714429644,1714429667,23
frontier07600,1714429616,1714429645,29
frontier07601,1714429616,1714429645,29
frontier07602,1714429616,1714429645,29
frontier07603,1714429572,1714429578,6
frontier07604,1714429548,1714429558,10
frontier07605,1714429585,1714429588,3
frontier07606,1714429616,1714429645,29
frontier07607,1714429647,1714429668,21
frontier07612,1714429647,1714429668,21
frontier07613,1714429643,1714429667,24
frontier07614,1714429616,1714429646,30
frontier07616,1714429616,1714429645,29
frontier07623,1714429583,1714429588,5
frontier07624,1714429616,1714429645,29
frontier07627,1714429645,1714429668,23
frontier07628,1714429548,1714429558,10
frontier07632,1714429588,1714429616,28
frontier07640,1714429616,1714429645,29
frontier07651,1714429645,1714429668,23
frontier07652,1714429548,1714429558,10
frontier07661,1714429613,1714429645,32
frontier07662,1714429584,1714429588,4
frontier07663,1714429549,1714429558,9
frontier07666,1714429588,1714429616,28
frontier07668,1714429588,1714429616,28
frontier07669,1714429651,1714429668,17
frontier07670,1714429572,1714429578,6
frontier07672,1714429634,1714429653,19
frontier07673,1714429616,1714429645,29
frontier07676,1714429588,1714429628,40
frontier07677,1714429616,1714429645,29
frontier07678,1714429588,1714429617,29
frontier07679,1714429651,1714429668,17
frontier07680,1714429652,1714429668,16
frontier07681,1714429558,1714429569,11
frontier07682,1714429646,1714429668,22
frontier07683,1714429643,1714429667,24
frontier07684,1714429644,1714429667,23
frontier07685,1714429645,1714429668,23
frontier07686,1714429644,1714429667,23
frontier07687,1714429531,1714429535,4
frontier07688,1714429616,1714429645,29
frontier07689,1714429572,1714429578,6
frontier07690,1714429588,1714429617,29
frontier07691,1714429616,1714429645,29
frontier07692,1714429645,1714429668,23
frontier07693,1714429643,1714429667,24
frontier07694,1714429542,1714429558,16
frontier07695,1714429616,1714429645,29
frontier07696,1714429578,1714429588,10
frontier07697,1714429616,1714429646,30
frontier07698,1714429558,1714429571,13
frontier07699,1714429644,1714429668,24
frontier07700,1714429588,1714429628,40
frontier07701,1714429587,1714429616,29
frontier07702,1714429616,1714429645,29
frontier07703,1714429641,1714429666,25
frontier07704,1714429627,1714429648,21
frontier07705,1714429637,1714429656,19
frontier07706,1714429616,1714429645,29
frontier07707,1714429548,1714429558,10
frontier07708,1714429572,1714429578,6
frontier07709,1714429578,1714429588,10
frontier07710,1714429651,1714429668,17
frontier07711,1714429529,1714429530,1
frontier07712,1714429616,1714429645,29
frontier07713,1714429616,1714429644,28
frontier07714,1714429613,1714429644,31
frontier07716,1714429616,1714429645,29
frontier07717,1714429643,1714429667,24
frontier07718,1714429645,1714429668,23
frontier07719,1714429644,1714429667,23
frontier07720,1714429587,1714429606,19
frontier07721,1714429643,1714429667,24
frontier07722,1714429645,1714429667,22
frontier07724,1714429643,1714429667,24
frontier07725,1714429616,1714429646,30
frontier07726,1714429645,1714429667,22
frontier07727,1714429616,1714429645,29
frontier07728,1714429616,1714429645,29
frontier07729,1714429632,1714429652,20
frontier07730,1714429633,1714429653,20
frontier07731,1714429616,1714429645,29
frontier07733,1714429587,1714429606,19
frontier07737,1714429588,1714429629,41
frontier07738,1714429616,1714429646,30
frontier07741,1714429645,1714429668,23
frontier07743,1714429616,1714429645,29
frontier07745,1714429616,1714429645,29
frontier07747,1714429644,1714429667,23
frontier07750,1714429645,1714429668,23
frontier07751,1714429616,1714429646,30
frontier07752,1714429542,1714429543,1
frontier07753,1714429645,1714429668,23
frontier07754,1714429582,1714429588,6
frontier07755,1714429572,1714429578,6
frontier07779,1714429578,1714429586,8
frontier07780,1714429644,1714429667,23
frontier07789,1714429578,1714429588,10
frontier07790,1714429616,1714429646,30
frontier07791,1714429614,1714429645,31
frontier07792,1714429652,1714429668,16
frontier07793,1714429614,1714429645,31
frontier07794,1714429616,1714429645,29
frontier07797,1714429617,1714429646,29
frontier07801,1714429550,1714429557,7
frontier07802,1714429652,1714429668,16
frontier07805,1714429588,1714429629,41
frontier07807,1714429643,1714429667,24
frontier07809,1714429617,1714429646,29
frontier07810,1714429572,1714429578,6
frontier07812,1714429563,1714429572,9
frontier07813,1714429645,1714429667,22
frontier07814,1714429645,1714429667,22
frontier07815,1714429645,1714429667,22
frontier07816,1714429653,1714429668,15
frontier07817,1714429645,1714429668,23
frontier07818,1714429616,1714429645,29
frontier07819,1714429645,1714429667,22
frontier07820,1714429616,1714429644,28
frontier07821,1714429616,1714429645,29
frontier07822,1714429616,1714429645,29
frontier07826,1714429616,1714429645,29
frontier07827,1714429616,1714429645,29
frontier07828,1714429646,1714429668,22
frontier07829,1714429647,1714429668,21
frontier07830,1714429645,1714429667,22
frontier07834,1714429616,1714429645,29
frontier07835,1714429616,1714429644,28
frontier07836,1714429613,1714429645,32
frontier07837,1714429588,1714429614,26
frontier07838,1714429645,1714429668,23
frontier07840,1714429548,1714429558,10
frontier07841,1714429573,1714429578,5
frontier07846,1714429588,1714429620,32
frontier07847,1714429650,1714429668,18
frontier07849,1714429625,1714429647,22
frontier07851,1714429652,1714429668,16
frontier07852,1714429616,1714429645,29
frontier07854,1714429644,1714429667,23
frontier07855,1714429616,1714429645,29
frontier07856,1714429572,1714429578,6
frontier07857,1714429578,1714429585,7
frontier07858,1714429578,1714429587,9
frontier07859,1714429616,1714429644,28
frontier07860,1714429616,1714429645,29
frontier07861,1714429572,1714429578,6
frontier07862,1714429577,1714429587,10
frontier07863,1714429645,1714429668,23
frontier07864,1714429645,1714429667,22
frontier07865,1714429572,1714429585,13
frontier07866,1714429633,1714429651,18
frontier07869,1714429616,1714429645,29
frontier07873,1714429639,1714429666,27
frontier07875,1714429645,1714429668,23
frontier07876,1714429645,1714429668,23
frontier07877,1714429605,1714429645,40
frontier07884,1714429644,1714429667,23
frontier07891,1714429588,1714429617,29
frontier07895,1714429586,1714429618,32
frontier07896,1714429572,1714429578,6
frontier07899,1714429645,1714429667,22
frontier07900,1714429613,1714429644,31
frontier07919,1714429642,1714429667,25
frontier07920,1714429587,1714429617,30
frontier07924,1714429616,1714429645,29
frontier07925,1714429613,1714429644,31
frontier07929,1714429616,1714429645,29
frontier07936,1714429616,1714429645,29
frontier07937,1714429617,1714429645,28
frontier07938,1714429642,1714429667,25
frontier07941,1714429572,1714429578,6
frontier07942,1714429645,1714429667,22
frontier07943,1714429640,1714429666,26
frontier07944,1714429589,1714429628,39
frontier07945,1714429644,1714429667,23
frontier07946,1714429645,1714429667,22
frontier07948,1714429628,1714429651,23
frontier07949,1714429588,1714429614,26
frontier07950,1714429648,1714429668,20
frontier07951,1714429616,1714429646,30
frontier07952,1714429616,1714429645,29
frontier07953,1714429605,1714429645,40
frontier07954,1714429645,1714429668,23
frontier07955,1714429645,1714429667,22
frontier07956,1714429645,1714429667,22
frontier07959,1714429590,1714429632,42
frontier07961,1714429645,1714429668,23
frontier07962,1714429616,1714429645,29
frontier07963,1714429605,1714429645,40
frontier07964,1714429630,1714429651,21
frontier07965,1714429616,1714429645,29
frontier07966,1714429613,1714429644,31
frontier07970,1714429617,1714429645,28
frontier07971,1714429548,1714429558,10
frontier07972,1714429588,1714429617,29
frontier07975,1714429618,1714429648,30
frontier07976,1714429577,1714429588,11
frontier07977,1714429645,1714429667,22
frontier07978,1714429584,1714429588,4
frontier07981,1714429573,1714429578,5
frontier07985,1714429578,1714429587,9
frontier07986,1714429616,1714429645,29
frontier07988,1714429645,1714429667,22
frontier07989,1714429605,1714429644,39
frontier07990,1714429616,1714429645,29
frontier07992,1714429578,1714429587,9
frontier07993,1714429651,1714429668,17
frontier07994,1714429577,1714429585,8
frontier07996,1714429644,1714429667,23
frontier07997,1714429587,1714429616,29
frontier07998,1714429542,1714429558,16
frontier07999,1714429616,1714429645,29
frontier08000,1714429616,1714429645,29
frontier08002,1714429572,1714429578,6
frontier08003,1714429638,1714429654,16
frontier08004,1714429616,1714429645,29
frontier08005,1714429644,1714429667,23
frontier08006,1714429616,1714429646,30
frontier08007,1714429645,1714429668,23
frontier08008,1714429616,1714429645,29
frontier08009,1714429616,1714429645,29
frontier08010,1714429524,1714429526,2
frontier08018,1714429617,1714429647,30
frontier08022,1714429543,1714429558,15
frontier08023,1714429572,1714429578,6
frontier08025,1714429616,1714429645,29
frontier08027,1714429589,1714429628,39
frontier08049,1714429616,1714429645,29
frontier08050,1714429644,1714429667,23
frontier08051,1714429638,1714429665,27
frontier08053,1714429577,1714429585,8
frontier08054,1714429644,1714429667,23
frontier08055,1714429616,1714429646,30
frontier08056,1714429616,1714429645,29
frontier08058,1714429588,1714429617,29
frontier08061,1714429616,1714429646,30
frontier08062,1714429550,1714429558,8
frontier08063,1714429572,1714429578,6
frontier08064,1714429578,1714429586,8
frontier08065,1714429647,1714429668,21
frontier08066,1714429616,1714429645,29
frontier08067,1714429529,1714429530,1
frontier08068,1714429616,1714429645,29
frontier08069,1714429616,1714429644,28
frontier08070,1714429651,1714429668,17
frontier08073,1714429616,1714429646,30
frontier08074,1714429616,1714429645,29
frontier08075,1714429590,1714429629,39
frontier08076,1714429587,1714429626,39
frontier08077,1714429558,1714429570,12
frontier08078,1714429616,1714429645,29
frontier08079,1714429543,1714429557,14
frontier08080,1714429641,1714429667,26
frontier08081,1714429630,1714429651,21
frontier08082,1714429616,1714429645,29
frontier08083,1714429628,1714429651,23
frontier08085,1714429616,1714429646,30
frontier08086,1714429549,1714429558,9
frontier08087,1714429577,1714429586,9
frontier08088,1714429572,1714429578,6
frontier08089,1714429587,1714429606,19
frontier08090,1714429644,1714429667,23
frontier08093,1714429633,1714429652,19
frontier08094,1714429586,1714429627,41
frontier08095,1714429616,1714429646,30
frontier08096,1714429589,1714429629,40
frontier08097,1714429616,1714429645,29
frontier08098,1714429645,1714429668,23
frontier08099,1714429588,1714429629,41
frontier08100,1714429616,1714429645,29
frontier08103,1714429639,1714429666,27
frontier08104,1714429588,1714429625,37
frontier08106,1714429645,1714429668,23
frontier08107,1714429621,1714429647,26
frontier08108,1714429540,1714429543,3
frontier08109,1714429616,1714429645,29
frontier08110,1714429588,1714429617,29
frontier08111,1714429536,1714429542,6
frontier08112,1714429578,1714429588,10
frontier08113,1714429645,1714429667,22
frontier08114,1714429588,1714429616,28
frontier08115,1714429605,1714429644,39
frontier08116,1714429583,1714429588,5
frontier08117,1714429616,1714429645,29
frontier08118,1714429646,1714429668,22
frontier08119,1714429633,1714429652,19
frontier08120,1714429616,1714429645,29
frontier08123,1714429642,1714429666,24
frontier08125,1714429626,1714429647,21
frontier08127,1714429617,1714429646,29
frontier08132,1714429588,1714429617,29
frontier08133,1714429588,1714429628,40
frontier08137,1714429616,1714429645,29
frontier08138,1714429645,1714429668,23
frontier08139,1714429652,1714429668,16
frontier08140,1714429616,1714429645,29
frontier08141,1714429643,1714429668,25
frontier08142,1714429616,1714429645,29
frontier08145,1714429616,1714429645,29
frontier08146,1714429548,1714429558,10
frontier08147,1714429578,1714429586,8
frontier08148,1714429627,1714429647,20
frontier08157,1714429616,1714429645,29
frontier08160,1714429641,1714429667,26
frontier08161,1714429578,1714429588,10
frontier08164,1714429652,1714429668,16
frontier08173,1714429616,1714429646,30
frontier08175,1714429616,1714429645,29
frontier08178,1714429558,1714429570,12
frontier08179,1714429585,1714429588,3
frontier08180,1714429644,1714429667,23
frontier08184,1714429647,1714429668,21
frontier08185,1714429647,1714429668,21
frontier08193,1714429578,1714429587,9
frontier08194,1714429536,1714429543,7
frontier08195,1714429650,1714429668,18
frontier08196,1714429645,1714429668,23
frontier08197,1714429616,1714429646,30
frontier08198,1714429585,1714429587,2
frontier08200,1714429639,1714429665,26
frontier08201,1714429652,1714429668,16
frontier08202,1714429588,1714429616,28
frontier08203,1714429616,1714429645,29
frontier08204,1714429617,1714429646,29
frontier08205,1714429642,1714429667,25
frontier08206,1714429616,1714429645,29
frontier08207,1714429652,1714429668,16
frontier08208,1714429572,1714429578,6
frontier08209,1714429548,1714429558,10
frontier08210,1714429572,1714429584,12
frontier08211,1714429558,1714429570,12
frontier08212,1714429523,1714429527,4
frontier08213,1714429616,1714429645,29
frontier08214,1714429587,1714429628,41
frontier08215,1714429578,1714429587,9
frontier08216,1714429645,1714429668,23
frontier08217,1714429645,1714429668,23
frontier08218,1714429558,1714429570,12
frontier08219,1714429652,1714429668,16
frontier08220,1714429616,1714429645,29
frontier08221,1714429616,1714429645,29
frontier08222,1714429572,1714429578,6
frontier08223,1714429642,1714429666,24
frontier08224,1714429647,1714429668,21
frontier08225,1714429616,1714429645,29
frontier08227,1714429616,1714429644,28
frontier08228,1714429645,1714429667,22
frontier08229,1714429616,1714429645,29
frontier08230,1714429630,1714429652,22
frontier08231,1714429645,1714429668,23
frontier08232,1714429616,1714429645,29
frontier08233,1714429616,1714429645,29
frontier08234,1714429613,1714429644,31
frontier08235,1714429588,1714429616,28
frontier08236,1714429652,1714429668,16
frontier08237,1714429616,1714429645,29
frontier08238,1714429627,1714429648,21
frontier08239,1714429617,1714429647,30
frontier08240,1714429616,1714429645,29
frontier08241,1714429572,1714429578,6
frontier08243,1714429587,1714429616,29
frontier08244,1714429570,1714429572,2
frontier08245,1714429633,1714429652,19
frontier08247,1714429616,1714429644,28
frontier08249,1714429616,1714429645,29
frontier08250,1714429637,1714429655,18
frontier08251,1714429616,1714429646,30
frontier08253,1714429583,1714429588,5
frontier08254,1714429652,1714429668,16
frontier08255,1714429616,1714429645,29
frontier08256,1714429616,1714429645,29
frontier08258,1714429616,1714429645,29
frontier08260,1714429643,1714429667,24
frontier08262,1714429587,1714429626,39
frontier08263,1714429572,1714429577,5
frontier08264,1714429577,1714429585,8
frontier08265,1714429645,1714429668,23
frontier08267,1714429616,1714429645,29
frontier08271,1714429644,1714429667,23
frontier08272,1714429587,1714429617,30
frontier08274,1714429586,1714429617,31
frontier08275,1714429645,1714429668,23
frontier08276,1714429616,1714429646,30
frontier08288,1714429642,1714429666,24
frontier08289,1714429616,1714429645,29
frontier08290,1714429645,1714429668,23
frontier08291,1714429645,1714429667,22
frontier08293,1714429605,1714429643,38
frontier08300,1714429642,1714429666,24
frontier08304,1714429616,1714429645,29
frontier08305,1714429582,1714429587,5
frontier08307,1714429644,1714429667,23
frontier08321,1714429645,1714429668,23
frontier08322,1714429529,1714429530,1
frontier08323,1714429645,1714429668,23
frontier08325,1714429616,1714429645,29
frontier08326,1714429645,1714429667,22
frontier08327,1714429588,1714429616,28
frontier08328,1714429616,1714429645,29
frontier08329,1714429645,1714429668,23
frontier08330,1714429638,1714429665,27
frontier08331,1714429645,1714429667,22
frontier08332,1714429531,1714429535,4
frontier08333,1714429651,1714429668,17
frontier08334,1714429642,1714429666,24
frontier08335,1714429558,1714429569,11
frontier08336,1714429588,1714429628,40
frontier08337,1714429613,1714429645,32
frontier08338,1714429605,1714429644,39
frontier08339,1714429616,1714429644,28
frontier08340,1714429645,1714429667,22
frontier08341,1714429588,1714429629,41
frontier08342,1714429550,1714429558,8
frontier08343,1714429616,1714429645,29
frontier08344,1714429633,1714429652,19
frontier08345,1714429588,1714429627,39
frontier08346,1714429616,1714429644,28
frontier08347,1714429605,1714429643,38
frontier08348,1714429617,1714429646,29
frontier08349,1714429643,1714429667,24
frontier08350,1714429621,1714429647,26
frontier08351,1714429653,1714429668,15
frontier08352,1714429616,1714429645,29
frontier08354,1714429652,1714429668,16
frontier08355,1714429640,1714429666,26
frontier08356,1714429605,1714429645,40
frontier08357,1714429645,1714429667,22
frontier08358,1714429641,1714429666,25
frontier08359,1714429640,1714429666,26
frontier08360,1714429616,1714429645,29
frontier08361,1714429588,1714429617,29
frontier08362,1714429645,1714429668,23
frontier08363,1714429645,1714429668,23
frontier08364,1714429542,1714429558,16
frontier08365,1714429542,1714429558,16
frontier08366,1714429613,1714429644,31
frontier08367,1714429644,1714429667,23
frontier08368,1714429605,1714429643,38
frontier08369,1714429645,1714429667,22
frontier08370,1714429572,1714429578,6
frontier08371,1714429524,1714429531,7
frontier08372,1714429643,1714429667,24
frontier08393,1714429543,1714429558,15
frontier08395,1714429558,1714429570,12
frontier08398,1714429616,1714429646,30
frontier08402,1714429652,1714429668,16
frontier08403,1714429616,1714429645,29
frontier08418,1714429645,1714429667,22
frontier08419,1714429651,1714429668,17
frontier08420,1714429645,1714429668,23
frontier08432,1714429636,1714429653,17
frontier08433,1714429652,1714429668,16
frontier08449,1714429648,1714429668,20
frontier08450,1714429616,1714429645,29
frontier08451,1714429645,1714429667,22
frontier08452,1714429616,1714429645,29
frontier08453,1714429616,1714429645,29
frontier08454,1714429616,1714429645,29
frontier08455,1714429652,1714429668,16
frontier08456,1714429644,1714429667,23
frontier08457,1714429616,1714429645,29
frontier08458,1714429643,1714429667,24
frontier08459,1714429650,1714429668,18
frontier08460,1714429614,1714429645,31
frontier08461,1714429652,1714429668,16
frontier08462,1714429616,1714429646,30
frontier08463,1714429643,1714429668,25
frontier08464,1714429585,1714429588,3
frontier08465,1714429645,1714429667,22
frontier08466,1714429616,1714429646,30
frontier08467,1714429588,1714429629,41
frontier08470,1714429616,1714429645,29
frontier08471,1714429614,1714429644,30
frontier08472,1714429577,1714429587,10
frontier08473,1714429638,1714429665,27
frontier08474,1714429570,1714429572,2
frontier08475,1714429616,1714429646,30
frontier08476,1714429572,1714429578,6
frontier08477,1714429577,1714429586,9
frontier08478,1714429587,1714429616,29
frontier08479,1714429642,1714429666,24
frontier08480,1714429614,1714429645,31
frontier08481,1714429616,1714429645,29
frontier08482,1714429650,1714429668,18
frontier08483,1714429588,1714429617,29
frontier08484,1714429616,1714429645,29
frontier08485,1714429587,1714429617,30
frontier08487,1714429616,1714429646,30
frontier08488,1714429616,1714429645,29
frontier08489,1714429632,1714429651,19
frontier08490,1714429570,1714429572,2
frontier08491,1714429642,1714429666,24
frontier08492,1714429548,1714429558,10
frontier08493,1714429626,1714429647,21
frontier08494,1714429652,1714429668,16
frontier08496,1714429645,1714429668,23
frontier08497,1714429616,1714429645,29
frontier08498,1714429616,1714429646,30
frontier08499,1714429588,1714429616,28
frontier08500,1714429616,1714429645,29
frontier08502,1714429652,1714429668,16
frontier08504,1714429644,1714429667,23
frontier08505,1714429587,1714429617,30
frontier08527,1714429588,1714429629,41
frontier08565,1714429642,1714429667,25
frontier08567,1714429585,1714429587,2
frontier08568,1714429578,1714429588,10
frontier08577,1714429645,1714429668,23
frontier08578,1714429616,1714429645,29
frontier08579,1714429616,1714429646,30
frontier08580,1714429582,1714429587,5
frontier08582,1714429616,1714429645,29
frontier08583,1714429572,1714429578,6
frontier08584,1714429616,1714429645,29
frontier08585,1714429577,1714429587,10
frontier08586,1714429585,1714429627,42
frontier08587,1714429616,1714429646,30
frontier08588,1714429577,1714429586,9
frontier08589,1714429616,1714429645,29
frontier08590,1714429588,1714429628,40
frontier08591,1714429578,1714429588,10
frontier08592,1714429625,1714429646,21
frontier08593,1714429548,1714429558,10
frontier08594,1714429616,1714429645,29
frontier08595,1714429616,1714429644,28
frontier08596,1714429616,1714429645,29
frontier08597,1714429616,1714429645,29
frontier08598,1714429645,1714429668,23
frontier08599,1714429645,1714429668,23
frontier08600,1714429645,1714429668,23
frontier08601,1714429645,1714429667,22
frontier08602,1714429616,1714429645,29
frontier08605,1714429539,1714429542,3
frontier08606,1714429577,1714429585,8
frontier08608,1714429652,1714429668,16
frontier08609,1714429642,1714429667,25
frontier08610,1714429645,1714429668,23
frontier08613,1714429558,1714429570,12
frontier08614,1714429651,1714429668,17
frontier08615,1714429529,1714429534,5
frontier08618,1714429589,1714429627,38
frontier08619,1714429616,1714429645,29
frontier08620,1714429652,1714429668,16
frontier08621,1714429645,1714429667,22
frontier08622,1714429616,1714429645,29
frontier08623,1714429588,1714429628,40
frontier08627,1714429616,1714429645,29
frontier08628,1714429644,1714429667,23
frontier08629,1714429644,1714429667,23
frontier08630,1714429645,1714429668,23
frontier08632,1714429652,1714429668,16
frontier08633,1714429646,1714429667,21
frontier08634,1714429616,1714429645,29
frontier08635,1714429577,1714429587,10
frontier08636,1714429578,1714429587,9
frontier08637,1714429616,1714429645,29
frontier08640,1714429558,1714429572,14
frontier08641,1714429616,1714429645,29
frontier08700,1714429569,1714429572,3
frontier08706,1714429581,1714429587,6
frontier08707,1714429616,1714429644,28
frontier08708,1714429644,1714429667,23
frontier08710,1714429643,1714429667,24
frontier08711,1714429573,1714429578,5
frontier08712,1714429616,1714429645,29
frontier08713,1714429588,1714429616,28
frontier08715,1714429588,1714429628,40
frontier08716,1714429588,1714429629,41
frontier08717,1714429616,1714429645,29
frontier08718,1714429616,1714429645,29
frontier08719,1714429614,1714429645,31
frontier08720,1714429645,1714429667,22
frontier08721,1714429616,1714429645,29
frontier08722,1714429585,1714429588,3
frontier08723,1714429645,1714429667,22
frontier08725,1714429587,1714429629,42
frontier08726,1714429572,1714429578,6
frontier08727,1714429616,1714429644,28
frontier08729,1714429558,1714429571,13
frontier08730,1714429585,1714429588,3
frontier08731,1714429552,1714429557,5
frontier08732,1714429616,1714429645,29
frontier08733,1714429644,1714429667,23
frontier08734,1714429572,1714429582,10
frontier08735,1714429642,1714429666,24
frontier08736,1714429572,1714429578,6
frontier08738,1714429558,1714429570,12
frontier08739,1714429572,1714429578,6
frontier08742,1714429647,1714429668,21
frontier08744,1714429588,1714429629,41
frontier08745,1714429589,1714429629,40
frontier08746,1714429558,1714429570,12
frontier08747,1714429644,1714429667,23
frontier08748,1714429572,1714429578,6
frontier08749,1714429644,1714429667,23
frontier08750,1714429588,1714429628,40
frontier08752,1714429570,1714429572,2
frontier08753,1714429643,1714429667,24
frontier08754,1714429616,1714429646,30
frontier08755,1714429637,1714429665,28
frontier08757,1714429643,1714429667,24
frontier08758,1714429616,1714429645,29
frontier08759,1714429530,1714429531,1
frontier08761,1714429641,1714429666,25
frontier08762,1714429605,1714429644,39
frontier08766,1714429616,1714429645,29
frontier08768,1714429587,1714429616,29
frontier08769,1714429616,1714429646,30
frontier08772,1714429588,1714429616,28
frontier08776,1714429548,1714429558,10
frontier08778,1714429621,1714429646,25
frontier08834,1714429647,1714429668,21
frontier08836,1714429652,1714429668,16
frontier08839,1714429645,1714429667,22
frontier08840,1714429651,1714429668,17
frontier08843,1714429646,1714429668,22
frontier08844,1714429616,1714429645,29
frontier08845,1714429572,1714429578,6
frontier08846,1714429648,1714429668,20
frontier08847,1714429642,1714429666,24
frontier08848,1714429648,1714429668,20
frontier08849,1714429589,1714429629,40
frontier08851,1714429524,1714429527,3
frontier08854,1714429614,1714429645,31
frontier08855,1714429616,1714429646,30
frontier08856,1714429645,1714429668,23
frontier08857,1714429540,1714429548,8
frontier08860,1714429605,1714429644,39
frontier08862,1714429645,1714429668,23
frontier08863,1714429616,1714429646,30
frontier08864,1714429588,1714429625,37
frontier08868,1714429647,1714429668,21
frontier08869,1714429616,1714429645,29
frontier08872,1714429572,1714429578,6
frontier08873,1714429644,1714429667,23
frontier08875,1714429578,1714429587,9
frontier08876,1714429633,1714429653,20
frontier08886,1714429616,1714429646,30
frontier08895,1714429652,1714429668,16
frontier08909,1714429647,1714429668,21
frontier08961,1714429616,1714429645,29
frontier08962,1714429650,1714429668,18
frontier08964,1714429588,1714429616,28
frontier08965,1714429588,1714429625,37
frontier08966,1714429616,1714429645,29
frontier08967,1714429645,1714429668,23
frontier08968,1714429543,1714429558,15
frontier08969,1714429616,1714429645,29
frontier08971,1714429616,1714429644,28
frontier08972,1714429643,1714429667,24
frontier08973,1714429644,1714429667,23
frontier08975,1714429647,1714429668,21
frontier08976,1714429652,1714429668,16
frontier08977,1714429616,1714429645,29
frontier08978,1714429616,1714429645,29
frontier08979,1714429588,1714429629,41
frontier08992,1714429582,1714429587,5
frontier08996,1714429616,1714429644,28
frontier09000,1714429643,1714429667,24
frontier09002,1714429616,1714429646,30
frontier09004,1714429588,1714429628,40
frontier09006,1714429617,1714429646,29
frontier09010,1714429588,1714429629,41
frontier09011,1714429616,1714429645,29
frontier09015,1714429647,1714429668,21
frontier09019,1714429616,1714429645,29
frontier09021,1714429616,1714429646,30
frontier09024,1714429550,1714429558,8
frontier09025,1714429616,1714429645,29
frontier09054,1714429585,1714429587,2
frontier09072,1714429616,1714429645,29
frontier09085,1714429645,1714429667,22
frontier10115,1714429645,1714429668,23
frontier10117,1714429645,1714429668,23
frontier10118,1714429616,1714429644,28
frontier10119,1714429605,1714429643,38
frontier10120,1714429614,1714429644,30
frontier10122,1714429616,1714429645,29
frontier10124,1714429652,1714429668,16
frontier10125,1714429605,1714429645,40
frontier10126,1714429644,1714429667,23
frontier10127,1714429525,1714429527,2
frontier10128,1714429645,1714429667,22
frontier10131,1714429548,1714429558,10
frontier10132,1714429588,1714429618,30
frontier10133,1714429605,1714429644,39
frontier10137,1714429577,1714429586,9
frontier10139,1714429642,1714429666,24
frontier10144,1714429587,1714429628,41
frontier10146,1714429578,1714429587,9
frontier10148,1714429616,1714429646,30
frontier10149,1714429577,1714429586,9
frontier10152,1714429588,1714429627,39
frontier10153,1714429543,1714429558,15
frontier10156,1714429616,1714429646,30
frontier10172,1714429570,1714429572,2
frontier10179,1714429616,1714429645,29
frontier10182,1714429578,1714429586,8
frontier10187,1714429587,1714429627,40
frontier10191,1714429616,1714429645,29
frontier10195,1714429587,1714429617,30
frontier10196,1714429548,1714429558,10
frontier10198,1714429616,1714429645,29
frontier10199,1714429573,1714429578,5
frontier10200,1714429645,1714429667,22
frontier10202,1714429645,1714429668,23
frontier10203,1714429616,1714429646,30
frontier10204,1714429572,1714429578,6
frontier10205,1714429616,1714429646,30
frontier10207,1714429644,1714429667,23
frontier10215,1714429616,1714429646,30
frontier10216,1714429572,1714429578,6
frontier10217,1714429645,1714429668,23
frontier10218,1714429572,1714429578,6
frontier10219,1714429638,1714429654,16
frontier10220,1714429645,1714429667,22
frontier10222,1714429652,1714429668,16
frontier10226,1714429616,1714429645,29
frontier10227,1714429645,1714429668,23
frontier10228,1714429616,1714429645,29
frontier10229,1714429577,1714429587,10
frontier10231,1714429588,1714429627,39
frontier10234,1714429652,1714429668,16
frontier10237,1714429645,1714429667,22
frontier10238,1714429605,1714429644,39
frontier10239,1714429627,1714429648,21
frontier10240,1714429644,1714429667,23
frontier10241,1714429616,1714429645,29
frontier10242,1714429573,1714429578,5
frontier10244,1714429536,1714429543,7
frontier10248,1714429645,1714429668,23
frontier10249,1714429589,1714429629,40
frontier10251,1714429616,1714429645,29
frontier10252,1714429605,1714429644,39
frontier10254,1714429645,1714429668,23
frontier10258,1714429645,1714429667,22
frontier10259,1714429572,1714429578,6
frontier10260,1714429616,1714429647,31
frontier10261,1714429645,1714429667,22
frontier10262,1714429645,1714429667,22
frontier10264,1714429586,1714429617,31
frontier10265,1714429587,1714429617,30
frontier10266,1714429642,1714429667,25
frontier10268,1714429645,1714429668,23
frontier10270,1714429588,1714429628,40
frontier10272,1714429650,1714429668,18
frontier10273,1714429616,1714429646,30
frontier10275,1714429616,1714429645,29
frontier10278,1714429644,1714429667,23
frontier10280,1714429616,1714429646,30
frontier10282,1714429586,1714429613,27
frontier10287,1714429645,1714429667,22
frontier10315,1714429552,1714429553,1
frontier10323,1714429627,1714429647,20
frontier10325,1714429616,1714429646,30
frontier10326,1714429588,1714429634,46
frontier10327,1714429645,1714429668,23
frontier10328,1714429616,1714429645,29
frontier10337,1714429616,1714429645,29
frontier10341,1714429626,1714429647,21
frontier10342,1714429616,1714429645,29
frontier10345,1714429642,1714429667,25
frontier10354,1714429578,1714429586,8
frontier10357,1714429652,1714429668,16
frontier10358,1714429617,1714429647,30
frontier10359,1714429536,1714429537,1
frontier10360,1714429587,1714429627,40
frontier10362,1714429637,1714429654,17
frontier10363,1714429645,1714429667,22
frontier10364,1714429557,1714429569,12
frontier10375,1714429616,1714429645,29
frontier10376,1714429644,1714429667,23
frontier10377,1714429640,1714429666,26
frontier10379,1714429634,1714429653,19
frontier10380,1714429585,1714429627,42
frontier10383,1714429525,1714429533,8
frontier10384,1714429616,1714429645,29
frontier10385,1714429647,1714429668,21
frontier10386,1714429569,1714429572,3
frontier10387,1714429651,1714429668,17
frontier10388,1714429572,1714429578,6
frontier10389,1714429616,1714429645,29
frontier10408,1714429578,1714429587,9
frontier10409,1714429643,1714429666,23
frontier10411,1714429588,1714429629,41
frontier10412,1714429645,1714429668,23
frontier10413,1714429645,1714429668,23
frontier10416,1714429589,1714429628,39
frontier10418,1714429573,1714429578,5
frontier10420,1714429625,1714429646,21
frontier10443,1714429616,1714429645,29
frontier10471,1714429558,1714429570,12
frontier10478,1714429588,1714429616,28
frontier10488,1714429605,1714429644,39
frontier10489,1714429563,1714429571,8
frontier10491,1714429536,1714429548,12
frontier10496,1714429616,1714429644,28
