frontier00001,1705142627,1705142660,33
frontier00002,1705142846,1705143039,193
frontier00003,1705143113,1705143123,10
frontier00004,1705142916,1705143061,145
frontier00005,1705142667,1705142695,28
frontier00006,1705142644,1705142667,23
frontier00007,1705142985,1705143067,82
frontier00008,1705142744,1705142879,135
frontier00009,1705142840,1705143023,183
frontier00010,1705142916,1705143059,143
frontier00011,1705142765,1705142953,188
frontier00012,1705142966,1705143066,100
frontier00013,1705142709,1705142813,104
frontier00014,1705142840,1705143024,184
frontier00016,1705142593,1705142602,9
frontier00017,1705143108,1705143118,10
frontier00018,1705143014,1705143068,54
frontier00019,1705142975,1705143064,89
frontier00020,1705142914,1705143057,143
frontier00021,1705142985,1705143067,82
frontier00022,1705142694,1705142764,70
frontier00023,1705142917,1705143058,141
frontier00024,1705143002,1705143069,67
frontier00025,1705142822,1705143015,193
frontier00026,1705142711,1705142824,113
frontier00027,1705143139,1705143150,11
frontier00028,1705142644,1705142668,24
frontier00029,1705142828,1705143035,207
frontier00030,1705142956,1705143066,110
frontier00031,1705142916,1705143030,114
frontier00032,1705142683,1705142724,41
frontier00033,1705142690,1705142750,60
frontier00034,1705142650,1705142675,25
frontier00035,1705142956,1705143066,110
frontier00036,1705142848,1705143016,168
frontier00037,1705142711,1705142816,105
frontier00038,1705142916,1705143057,141
frontier00039,1705142823,1705143006,183
frontier00040,1705142916,1705143039,123
frontier00041,1705142765,1705142920,155
frontier00042,1705143120,1705143129,9
frontier00043,1705142619,1705142647,28
frontier00044,1705143121,1705143131,10
frontier00045,1705142780,1705142954,174
frontier00046,1705142890,1705143046,156
frontier00047,1705142985,1705143067,82
frontier00048,1705142977,1705143066,89
frontier00049,1705142823,1705143011,188
frontier00050,1705142750,1705142884,134
frontier00051,1705142914,1705143051,137
frontier00052,1705143093,1705143104,11
frontier00053,1705142648,1705142669,21
frontier00054,1705142956,1705143063,107
frontier00055,1705142859,1705143046,187
frontier00056,1705142725,1705142846,121
frontier00057,1705142985,1705143067,82
frontier00058,1705142840,1705143022,182
frontier00059,1705142822,1705143017,195
frontier00060,1705142916,1705143056,140
frontier00061,1705142914,1705143066,152
frontier00062,1705142916,1705143058,142
frontier00063,1705142689,1705142741,52
frontier00064,1705142663,1705142693,30
frontier00065,1705142758,1705142915,157
frontier00066,1705142914,1705143058,144
frontier00067,1705142916,1705143059,143
frontier00068,1705142913,1705143058,145
frontier00069,1705142914,1705143058,144
frontier00070,1705142846,1705143038,192
frontier00071,1705142848,1705143036,188
frontier00072,1705143092,1705143103,11
frontier00073,1705142677,1705142710,33
frontier00074,1705142844,1705143034,190
frontier00075,1705142844,1705143041,197
frontier00076,1705142916,1705143058,142
frontier00077,1705142876,1705143047,171
frontier00078,1705142916,1705143056,140
frontier00079,1705142803,1705143003,200
frontier00080,1705142843,1705143023,180
frontier00081,1705142840,1705143023,183
frontier00082,1705142804,1705143014,210
frontier00083,1705142822,1705142978,156
frontier00084,1705142643,1705142673,30
frontier00085,1705142956,1705143066,110
frontier00086,1705142966,1705143064,98
frontier00087,1705142892,1705143050,158
frontier00088,1705142690,1705142753,63
frontier00089,1705142956,1705143066,110
frontier00090,1705143088,1705143097,9
frontier00091,1705142915,1705143058,143
frontier00092,1705143145,1705143150,5
frontier00094,1705142916,1705143061,145
frontier00095,1705142853,1705143045,192
frontier00096,1705142825,1705143008,183
frontier00097,1705142694,1705142763,69
frontier00098,1705142956,1705143066,110
frontier00099,1705142663,1705142694,31
frontier00100,1705142956,1705143066,110
frontier00102,1705142917,1705143046,129
frontier00103,1705142771,1705142975,204
frontier00104,1705142643,1705142665,22
frontier00105,1705142840,1705143034,194
frontier00106,1705142650,1705142680,30
frontier00107,1705142644,1705142668,24
frontier00108,1705142916,1705143060,144
frontier00109,1705142840,1705143022,182
frontier00110,1705142915,1705143046,131
frontier00111,1705142884,1705143056,172
frontier00112,1705142859,1705143046,187
frontier00113,1705142892,1705143058,166
frontier00114,1705142857,1705143030,173
frontier00115,1705142803,1705143006,203
frontier00116,1705142917,1705143058,141
frontier00117,1705142884,1705143058,174
frontier00118,1705142676,1705142706,30
frontier00119,1705142825,1705143019,194
frontier00120,1705142914,1705143051,137
frontier00121,1705142857,1705143041,184
frontier00122,1705142846,1705143046,200
frontier00123,1705142753,1705142915,162
frontier00124,1705142841,1705143045,204
frontier00125,1705142841,1705143033,192
frontier00126,1705142914,1705143056,142
frontier00127,1705143099,1705143110,11
frontier00128,1705142918,1705143058,140
frontier00129,1705142840,1705143024,184
frontier00130,1705142840,1705143017,177
frontier00131,1705142993,1705143068,75
frontier00132,1705142822,1705142994,172
frontier00133,1705142916,1705143058,142
frontier00134,1705142916,1705143061,145
frontier00135,1705142780,1705142943,163
frontier00136,1705142918,1705143047,129
frontier00137,1705142840,1705143040,200
frontier00138,1705142884,1705143056,172
frontier00139,1705143108,1705143118,10
frontier00140,1705142918,1705143058,140
frontier00141,1705142966,1705143064,98
frontier00142,1705142956,1705143063,107
frontier00143,1705142823,1705143029,206
frontier00144,1705142888,1705143067,179
frontier00145,1705142840,1705143038,198
frontier00146,1705142917,1705143058,141
frontier00147,1705143078,1705143083,5
frontier00148,1705142730,1705142848,118
frontier00149,1705143113,1705143124,11
frontier00150,1705142841,1705143015,174
frontier00151,1705142914,1705143057,143
frontier00152,1705142918,1705143058,140
frontier00153,1705143134,1705143148,14
frontier00154,1705142824,1705143027,203
frontier00155,1705142975,1705143066,91
frontier00156,1705142975,1705143068,93
frontier00157,1705142822,1705143019,197
frontier00158,1705142915,1705143058,143
frontier00159,1705143145,1705143150,5
frontier00160,1705142918,1705143058,140
frontier00161,1705142902,1705143038,136
frontier00162,1705142660,1705142692,32
frontier00163,1705142954,1705143062,108
frontier00164,1705143098,1705143109,11
frontier00165,1705142744,1705142878,134
frontier00166,1705142620,1705142647,27
frontier00167,1705142989,1705143067,78
frontier00168,1705143090,1705143100,10
frontier00169,1705142760,1705142923,163
frontier00170,1705142916,1705143058,142
frontier00171,1705142956,1705143066,110
frontier00172,1705142966,1705143063,97
frontier00173,1705142966,1705143064,98
frontier00174,1705142918,1705143058,140
frontier00175,1705142918,1705143058,140
frontier00176,1705142710,1705142814,104
frontier00177,1705142916,1705143044,128
frontier00178,1705142916,1705143059,143
frontier00179,1705142956,1705143067,111
frontier00180,1705142850,1705143035,185
frontier00181,1705142989,1705143069,80
frontier00182,1705142710,1705142811,101
frontier00183,1705142913,1705143058,145
frontier00184,1705142966,1705143066,100
frontier00185,1705142956,1705143066,110
frontier00186,1705142916,1705143034,118
frontier00187,1705142840,1705143030,190
frontier00188,1705142822,1705143027,205
frontier00190,1705142913,1705143056,143
frontier00191,1705142916,1705143058,142
frontier00192,1705142766,1705142954,188
frontier00193,1705142916,1705143044,128
frontier00194,1705142812,1705143006,194
frontier00195,1705142676,1705142704,28
frontier00196,1705142916,1705143062,146
frontier00197,1705142621,1705142649,28
frontier00198,1705143075,1705143080,5
frontier00199,1705142885,1705143040,155
frontier00200,1705142621,1705142648,27
frontier00201,1705142956,1705143066,110
frontier00202,1705143108,1705143119,11
frontier00203,1705142954,1705143062,108
frontier00204,1705142674,1705142763,89
frontier00205,1705142664,1705142693,29
frontier00206,1705142629,1705142659,30
frontier00207,1705142709,1705142811,102
frontier00208,1705142985,1705143067,82
frontier00209,1705142917,1705143058,141
frontier00210,1705142916,1705143058,142
frontier00211,1705142917,1705143060,143
frontier00212,1705142704,1705142802,98
frontier00213,1705142701,1705142809,108
frontier00214,1705142916,1705143060,144
frontier00215,1705142975,1705143066,91
frontier00216,1705142679,1705142717,38
frontier00217,1705142849,1705143030,181
frontier00218,1705142975,1705143064,89
frontier00219,1705142957,1705143064,107
frontier00220,1705142916,1705143058,142
frontier00221,1705142783,1705142978,195
frontier00222,1705143084,1705143092,8
frontier00223,1705142841,1705143024,183
frontier00224,1705142803,1705142990,187
frontier00225,1705142933,1705143064,131
frontier00226,1705142630,1705142664,34
frontier00227,1705143086,1705143095,9
frontier00228,1705142830,1705143017,187
frontier00229,1705142674,1705142770,96
frontier00230,1705142704,1705142804,100
frontier00231,1705142847,1705143022,175
frontier00232,1705142923,1705143062,139
frontier00233,1705142955,1705143063,108
frontier00234,1705142916,1705143058,142
frontier00235,1705142640,1705142664,24
frontier00236,1705142916,1705143058,142
frontier00237,1705142915,1705143060,145
frontier00238,1705142665,1705142693,28
frontier00239,1705142914,1705143058,144
frontier00240,1705142682,1705142730,48
frontier00241,1705142811,1705143017,206
frontier00242,1705142966,1705143064,98
frontier00243,1705142892,1705143057,165
frontier00244,1705142916,1705143057,141
frontier00245,1705142620,1705142648,28
frontier00246,1705142917,1705143058,141
frontier00247,1705142844,1705143042,198
frontier00248,1705142840,1705143023,183
frontier00249,1705142916,1705143059,143
frontier00251,1705142914,1705143058,144
frontier00252,1705142840,1705143026,186
frontier00253,1705142823,1705143023,200
frontier00254,1705142750,1705142893,143
frontier00255,1705142937,1705143064,127
frontier00256,1705142843,1705143030,187
frontier00257,1705142844,1705143042,198
frontier00258,1705142840,1705143032,192
frontier00259,1705142985,1705143067,82
frontier00260,1705142985,1705143067,82
frontier00261,1705142797,1705142993,196
frontier00262,1705142676,1705142705,29
frontier00263,1705142916,1705143058,142
frontier00264,1705142822,1705143018,196
frontier00265,1705142820,1705142981,161
frontier00266,1705142917,1705143060,143
frontier00267,1705142676,1705142709,33
frontier00268,1705142916,1705143059,143
frontier00269,1705142711,1705142822,111
frontier00270,1705142957,1705143067,110
frontier00271,1705142985,1705143067,82
frontier00272,1705142800,1705142985,185
frontier00273,1705142966,1705143066,100
frontier00274,1705142916,1705143060,144
frontier00275,1705142619,1705142655,36
frontier00276,1705142840,1705143028,188
frontier00277,1705142804,1705142990,186
frontier00278,1705142975,1705143067,92
frontier00279,1705142916,1705143057,141
frontier00280,1705142916,1705143057,141
frontier00281,1705142750,1705142883,133
frontier00282,1705142957,1705143064,107
frontier00283,1705142892,1705143058,166
frontier00284,1705142604,1705142615,11
frontier00285,1705142626,1705142655,29
frontier00286,1705142840,1705143023,183
frontier00287,1705143088,1705143102,14
frontier00288,1705142846,1705143041,195
frontier00289,1705142956,1705143066,110
frontier00290,1705142892,1705143055,163
frontier00291,1705142914,1705143055,141
frontier00292,1705143139,1705143150,11
frontier00293,1705142846,1705143035,189
frontier00294,1705142751,1705142888,137
frontier00295,1705142837,1705143036,199
frontier00296,1705142916,1705143058,142
frontier00297,1705142651,1705142680,29
frontier00298,1705142704,1705142813,109
frontier00299,1705142975,1705143067,92
frontier00300,1705142689,1705142749,60
frontier00301,1705142975,1705143067,92
frontier00302,1705142914,1705143059,145
frontier00303,1705142826,1705143029,203
frontier00304,1705142916,1705143058,142
frontier00305,1705142916,1705143056,140
frontier00306,1705142840,1705143015,175
frontier00307,1705142841,1705143026,185
frontier00308,1705142956,1705143064,108
frontier00309,1705142840,1705143024,184
frontier00310,1705143119,1705143128,9
frontier00311,1705142823,1705142989,166
frontier00312,1705142664,1705142691,27
frontier00313,1705142956,1705143066,110
frontier00314,1705142876,1705143046,170
frontier00315,1705142822,1705143009,187
frontier00316,1705142914,1705143057,143
frontier00317,1705142913,1705143054,141
frontier00318,1705142966,1705143064,98
frontier00319,1705142956,1705143060,104
frontier00320,1705143131,1705143147,16
frontier00321,1705142916,1705143043,127
frontier00322,1705142837,1705143018,181
frontier00323,1705142677,1705142711,34
frontier00324,1705142840,1705143036,196
frontier00325,1705142914,1705143057,143
frontier00326,1705143135,1705143149,14
frontier00327,1705142780,1705142977,197
frontier00328,1705142844,1705143029,185
frontier00329,1705142860,1705143056,196
frontier00330,1705142650,1705142670,20
frontier00331,1705142670,1705142700,30
frontier00332,1705143128,1705143142,14
frontier00333,1705142622,1705142648,26
frontier00334,1705142750,1705142892,142
frontier00335,1705142766,1705142955,189
frontier00336,1705142796,1705142983,187
frontier00337,1705142941,1705143067,126
frontier00338,1705142821,1705143016,195
frontier00340,1705142915,1705143053,138
frontier00341,1705142918,1705143055,137
frontier00342,1705142916,1705143058,142
frontier00343,1705142825,1705142998,173
frontier00344,1705142694,1705142760,66
frontier00345,1705142629,1705142659,30
frontier00346,1705142914,1705143059,145
frontier00347,1705142823,1705143006,183
frontier00348,1705142916,1705143058,142
frontier00349,1705142916,1705143060,144
frontier00350,1705142765,1705142924,159
frontier00351,1705142711,1705142819,108
frontier00352,1705142864,1705143033,169
frontier00353,1705142821,1705143011,190
frontier00354,1705142855,1705143036,181
frontier00355,1705142840,1705143031,191
frontier00356,1705142837,1705143036,199
frontier00357,1705142918,1705143057,139
frontier00358,1705142659,1705142693,34
frontier00359,1705142822,1705143013,191
frontier00360,1705142859,1705143042,183
frontier00361,1705143119,1705143129,10
frontier00362,1705142914,1705143057,143
frontier00363,1705142954,1705143063,109
frontier00364,1705142711,1705142820,109
frontier00365,1705143015,1705143069,54
frontier00366,1705142916,1705143060,144
frontier00367,1705142890,1705143057,167
frontier00368,1705142985,1705143067,82
frontier00369,1705142840,1705142913,73
frontier00370,1705142956,1705143066,110
frontier00371,1705142847,1705143046,199
frontier00373,1705142840,1705143039,199
frontier00374,1705142823,1705143007,184
frontier00375,1705142840,1705143022,182
frontier00376,1705142975,1705143067,92
frontier00377,1705142916,1705143047,131
frontier00378,1705142916,1705143056,140
frontier00379,1705142876,1705143038,162
frontier00380,1705142753,1705142915,162
frontier00381,1705142902,1705143053,151
frontier00382,1705142643,1705142664,21
frontier00383,1705142916,1705143058,142
frontier00384,1705142624,1705142659,35
frontier00385,1705142651,1705142679,28
frontier00386,1705142823,1705143028,205
frontier00387,1705142803,1705142988,185
frontier00388,1705142609,1705142625,16
frontier00389,1705142689,1705142754,65
frontier00390,1705142826,1705143019,193
frontier00391,1705142802,1705142984,182
frontier00392,1705142917,1705143057,140
frontier00393,1705142823,1705143028,205
frontier00394,1705142985,1705143067,82
frontier00395,1705142623,1705142650,27
frontier00396,1705142725,1705142844,119
frontier00397,1705142711,1705142822,111
frontier00398,1705142603,1705142618,15
frontier00399,1705142697,1705142785,88
frontier00400,1705142916,1705143055,139
frontier00401,1705142916,1705143054,138
frontier00402,1705142823,1705143016,193
frontier00403,1705142916,1705143059,143
frontier00404,1705142822,1705142996,174
frontier00405,1705142796,1705142994,198
frontier00406,1705142670,1705142700,30
frontier00407,1705142840,1705143023,183
frontier00408,1705142825,1705143017,192
frontier00409,1705142825,1705143014,189
frontier00410,1705142852,1705143037,185
frontier00411,1705142812,1705143002,190
frontier00412,1705142856,1705143038,182
frontier00413,1705143108,1705143118,10
frontier00414,1705142709,1705142809,100
frontier00415,1705142821,1705143020,199
frontier00416,1705142846,1705143042,196
frontier00417,1705142918,1705143059,141
frontier00418,1705142843,1705143031,188
frontier00419,1705142847,1705143017,170
frontier00420,1705142916,1705143058,142
frontier00421,1705142917,1705143058,141
frontier00422,1705143093,1705143104,11
frontier00423,1705142844,1705143016,172
frontier00424,1705142916,1705143057,141
frontier00425,1705142954,1705143061,107
frontier00426,1705143089,1705143099,10
frontier00427,1705142914,1705143058,144
frontier00428,1705142711,1705142829,118
frontier00429,1705142966,1705143064,98
frontier00430,1705142750,1705142883,133
frontier00431,1705142725,1705142846,121
frontier00432,1705142822,1705142993,171
frontier00433,1705142988,1705143067,79
frontier00434,1705142822,1705143016,194
frontier00435,1705142851,1705143048,197
frontier00436,1705142918,1705143059,141
frontier00437,1705142975,1705143066,91
frontier00438,1705142916,1705143058,142
frontier00439,1705142916,1705143057,141
frontier00440,1705142840,1705143029,189
frontier00441,1705142673,1705142702,29
frontier00442,1705142822,1705143009,187
frontier00443,1705142915,1705143046,131
frontier00444,1705142597,1705142603,6
frontier00445,1705142829,1705143038,209
frontier00446,1705142841,1705143028,187
frontier00447,1705142701,1705142785,84
frontier00448,1705142840,1705143022,182
frontier00449,1705142988,1705143067,79
frontier00450,1705142821,1705143028,207
frontier00451,1705142914,1705143056,142
frontier00452,1705143144,1705143150,6
frontier00453,1705142990,1705143068,78
frontier00454,1705142648,1705142669,21
frontier00455,1705142988,1705143068,80
frontier00456,1705143096,1705143106,10
frontier00457,1705142888,1705143055,167
frontier00458,1705142916,1705143060,144
frontier00459,1705142989,1705143069,80
frontier00460,1705142837,1705143008,171
frontier00461,1705142997,1705143068,71
frontier00462,1705142844,1705143045,201
frontier00463,1705142915,1705143060,145
frontier00464,1705143100,1705143111,11
frontier00465,1705142742,1705142878,136
frontier00466,1705142839,1705143023,184
frontier00467,1705142714,1705142827,113
frontier00468,1705142848,1705143033,185
frontier00469,1705142966,1705143064,98
frontier00470,1705142839,1705143030,191
frontier00471,1705142644,1705142664,20
frontier00472,1705142823,1705143016,193
frontier00473,1705142643,1705142665,22
frontier00474,1705142858,1705143045,187
frontier00475,1705142824,1705143007,183
frontier00476,1705142884,1705143058,174
frontier00477,1705142837,1705143016,179
frontier00478,1705142914,1705143055,141
frontier00479,1705142916,1705143059,143
frontier00480,1705142966,1705143067,101
frontier00481,1705143104,1705143114,10
frontier00482,1705142822,1705143034,212
frontier00483,1705142975,1705143066,91
frontier00484,1705142797,1705143002,205
frontier00485,1705142916,1705143058,142
frontier00486,1705142659,1705142690,31
frontier00487,1705142690,1705142755,65
frontier00488,1705142843,1705143034,191
frontier00489,1705142916,1705143058,142
frontier00490,1705142883,1705143053,170
frontier00491,1705142844,1705143045,201
frontier00492,1705142884,1705143056,172
frontier00493,1705142840,1705143023,183
frontier00494,1705142667,1705142701,34
frontier00495,1705142699,1705142790,91
frontier00496,1705142840,1705143031,191
frontier00497,1705142823,1705143019,196
frontier00498,1705142916,1705143045,129
frontier00499,1705142840,1705143039,199
frontier00500,1705142700,1705142792,92
frontier00501,1705142840,1705143023,183
frontier00502,1705142888,1705143058,170
frontier00503,1705142916,1705143038,122
frontier00504,1705142829,1705143014,185
frontier00505,1705142823,1705143013,190
frontier00506,1705142827,1705143038,211
frontier00507,1705142756,1705142916,160
frontier00508,1705142853,1705143041,188
frontier00509,1705142955,1705143063,108
frontier00510,1705142789,1705142971,182
frontier00511,1705142917,1705143058,141
frontier00512,1705143063,1705143071,8
frontier00513,1705142667,1705142700,33
frontier00514,1705142841,1705143041,200
frontier00515,1705142711,1705142820,109
frontier00517,1705142985,1705143067,82
frontier00518,1705142839,1705143068,229
frontier00519,1705142750,1705142890,140
frontier00520,1705142822,1705143008,186
frontier00521,1705142823,1705143011,188
frontier00522,1705142918,1705143058,140
frontier00523,1705142844,1705143042,198
frontier00524,1705143120,1705143130,10
frontier00525,1705142800,1705143006,206
frontier00526,1705142709,1705142811,102
frontier00527,1705143014,1705143069,55
frontier00528,1705142977,1705143066,89
frontier00529,1705142985,1705143067,82
frontier00530,1705142823,1705143029,206
frontier00531,1705142750,1705142884,134
frontier00533,1705142840,1705143029,189
frontier00534,1705142601,1705142612,11
frontier00535,1705142914,1705143058,144
frontier00536,1705142955,1705143063,108
frontier00537,1705142604,1705142617,13
frontier00538,1705142916,1705143057,141
frontier00539,1705142840,1705143015,175
frontier00540,1705142915,1705143058,143
frontier00541,1705142781,1705142957,176
frontier00542,1705142892,1705143042,150
frontier00543,1705142918,1705143056,138
frontier00544,1705142839,1705143021,182
frontier00545,1705142930,1705143064,134
frontier00546,1705142853,1705143041,188
frontier00547,1705143099,1705143111,12
frontier00548,1705142660,1705142689,29
frontier00549,1705142822,1705143020,198
frontier00550,1705142856,1705143041,185
frontier00551,1705142847,1705143029,182
frontier00552,1705142762,1705142924,162
frontier00553,1705142844,1705143037,193
frontier00554,1705142914,1705143066,152
frontier00555,1705142753,1705142885,132
frontier00556,1705142957,1705143064,107
frontier00557,1705142691,1705142744,53
frontier00558,1705142918,1705143059,141
frontier00559,1705142916,1705143058,142
frontier00560,1705142849,1705143043,194
frontier00561,1705143139,1705143150,11
frontier00562,1705142659,1705142693,34
frontier00563,1705142643,1705142665,22
frontier00564,1705142916,1705143058,142
frontier00565,1705142966,1705143064,98
frontier00566,1705142841,1705143031,190
frontier00567,1705143091,1705143102,11
frontier00568,1705142956,1705143066,110
frontier00569,1705142840,1705143013,173
frontier00570,1705142796,1705142976,180
frontier00571,1705143145,1705143150,5
frontier00572,1705142796,1705142983,187
frontier00573,1705142663,1705142693,30
frontier00574,1705142627,1705142658,31
frontier00575,1705142609,1705142627,18
frontier00576,1705142850,1705143034,184
frontier00577,1705142623,1705142666,43
frontier00578,1705142985,1705143067,82
frontier00579,1705142985,1705143066,81
frontier00580,1705142916,1705143058,142
frontier00581,1705142797,1705142984,187
frontier00582,1705142750,1705142914,164
frontier00583,1705142914,1705143058,144
frontier00584,1705142844,1705143040,196
frontier00585,1705142918,1705143058,140
frontier00586,1705142659,1705142691,32
frontier00587,1705143132,1705143147,15
frontier00588,1705142985,1705143066,81
frontier00589,1705142914,1705143069,155
frontier00590,1705142918,1705143058,140
frontier00591,1705142643,1705142665,22
frontier00592,1705142750,1705142883,133
frontier00593,1705142916,1705143056,140
frontier00594,1705142882,1705143053,171
frontier00595,1705143135,1705143149,14
frontier00596,1705142830,1705143017,187
frontier00597,1705142915,1705143059,144
frontier00598,1705142597,1705142604,7
frontier00599,1705142589,1705142596,7
frontier00600,1705142916,1705143057,141
frontier00601,1705142822,1705143003,181
frontier00602,1705142916,1705143058,142
frontier00603,1705142966,1705143066,100
frontier00604,1705142805,1705143016,211
frontier00605,1705142840,1705143039,199
frontier00606,1705142750,1705142883,133
frontier00607,1705143088,1705143099,11
frontier00608,1705142664,1705142694,30
frontier00609,1705142975,1705143066,91
frontier00610,1705142884,1705143058,174
frontier00611,1705142663,1705142695,32
frontier00612,1705143091,1705143101,10
frontier00613,1705142652,1705142677,25
frontier00614,1705142975,1705143066,91
frontier00615,1705142975,1705143067,92
frontier00616,1705142609,1705142628,19
frontier00617,1705142752,1705142885,133
frontier00618,1705142966,1705143064,98
frontier00619,1705142970,1705143064,94
frontier00620,1705142954,1705143062,108
frontier00621,1705142804,1705143008,204
frontier00622,1705143119,1705143129,10
frontier00623,1705142954,1705143062,108
frontier00624,1705142918,1705143056,138
frontier00625,1705142840,1705143027,187
frontier00626,1705142648,1705142668,20
frontier00627,1705142994,1705143069,75
frontier00628,1705142678,1705142711,33
frontier00629,1705142847,1705143030,183
frontier00630,1705143103,1705143113,10
frontier00631,1705142692,1705142759,67
frontier00632,1705142711,1705142822,111
frontier00633,1705142783,1705142971,188
frontier00634,1705142916,1705143061,145
frontier00635,1705142843,1705143034,191
frontier00636,1705142725,1705142848,123
frontier00637,1705142916,1705143058,142
frontier00638,1705142916,1705143060,144
frontier00639,1705142956,1705143067,111
frontier00640,1705142601,1705142611,10
frontier00641,1705142702,1705142811,109
frontier00642,1705143018,1705143077,59
frontier00643,1705142711,1705142823,112
frontier00644,1705142859,1705143047,188
frontier00645,1705142632,1705142660,28
frontier00646,1705142711,1705142822,111
frontier00647,1705142839,1705143034,195
frontier00648,1705143144,1705143150,6
frontier00649,1705142859,1705143045,186
frontier00650,1705142847,1705143032,185
frontier00651,1705142989,1705143068,79
frontier00652,1705142796,1705142991,195
frontier00653,1705142620,1705142640,20
frontier00654,1705142917,1705143059,142
frontier00655,1705142823,1705143013,190
frontier00656,1705142780,1705142972,192
frontier00657,1705143014,1705143068,54
frontier00658,1705142753,1705142919,166
frontier00659,1705142956,1705143066,110
frontier00660,1705142840,1705142989,149
frontier00661,1705142988,1705143068,80
frontier00662,1705142711,1705142827,116
frontier00663,1705142975,1705143066,91
frontier00664,1705142918,1705143058,140
frontier00665,1705142956,1705143066,110
frontier00666,1705142825,1705143028,203
frontier00667,1705142825,1705143016,191
frontier00668,1705142825,1705142997,172
frontier00669,1705142844,1705143023,179
frontier00670,1705142913,1705143059,146
frontier00671,1705142987,1705143067,80
frontier00672,1705142823,1705143017,194
frontier00673,1705143132,1705143148,16
frontier00674,1705142803,1705143009,206
frontier00675,1705142916,1705143056,140
frontier00676,1705142890,1705143057,167
frontier00677,1705142916,1705143058,142
frontier00678,1705142801,1705142987,186
frontier00679,1705142918,1705143058,140
frontier00680,1705142915,1705143060,145
frontier00681,1705142666,1705142698,32
frontier00682,1705142780,1705142956,176
frontier00683,1705142804,1705142990,186
frontier00684,1705142954,1705143062,108
frontier00685,1705142750,1705142884,134
frontier00686,1705142890,1705143056,166
frontier00687,1705142628,1705142660,32
frontier00688,1705142883,1705143052,169
frontier00689,1705142916,1705143055,139
frontier00690,1705142711,1705142822,111
frontier00691,1705142644,1705142675,31
frontier00692,1705142917,1705143058,141
frontier00693,1705142966,1705143066,100
frontier00694,1705142916,1705143059,143
frontier00695,1705142744,1705142879,135
frontier00696,1705142846,1705143034,188
frontier00697,1705142643,1705142673,30
frontier00698,1705142692,1705142753,61
frontier00699,1705142917,1705143044,127
frontier00700,1705142975,1705143067,92
frontier00701,1705142662,1705142693,31
frontier00702,1705142822,1705143008,186
frontier00703,1705142923,1705143060,137
frontier00704,1705142991,1705143068,77
frontier00705,1705142923,1705143061,138
frontier00706,1705142643,1705142666,23
frontier00707,1705142812,1705142991,179
frontier00708,1705142892,1705143057,165
frontier00709,1705142673,1705142700,27
frontier00710,1705142661,1705142693,32
frontier00711,1705142913,1705143058,145
frontier00712,1705142822,1705143012,190
frontier00713,1705143129,1705143144,15
frontier00714,1705142837,1705143019,182
frontier00715,1705142975,1705143066,91
frontier00716,1705142956,1705143067,111
frontier00717,1705142916,1705143058,142
frontier00718,1705142966,1705143064,98
frontier00719,1705143107,1705143117,10
frontier00720,1705142811,1705142993,182
frontier00721,1705143125,1705143136,11
frontier00722,1705142966,1705143064,98
frontier00723,1705142840,1705143034,194
frontier00724,1705142956,1705143066,110
frontier00725,1705142955,1705143063,108
frontier00726,1705142840,1705143026,186
frontier00727,1705142916,1705143060,144
frontier00728,1705142667,1705142698,31
frontier00729,1705142915,1705143051,136
frontier00730,1705142823,1705143009,186
frontier00731,1705142822,1705143016,194
frontier00732,1705142840,1705143030,190
frontier00733,1705142860,1705143055,195
frontier00734,1705142779,1705142971,192
frontier00735,1705142966,1705143066,100
frontier00736,1705143085,1705143092,7
frontier00737,1705142857,1705143043,186
frontier00738,1705142822,1705143010,188
frontier00739,1705142916,1705143058,142
frontier00740,1705142975,1705143066,91
frontier00741,1705142975,1705143067,92
frontier00742,1705143092,1705143107,15
frontier00743,1705142916,1705143058,142
frontier00744,1705142690,1705142748,58
frontier00745,1705142956,1705143067,111
frontier00746,1705143078,1705143083,5
frontier00747,1705142916,1705143059,143
frontier00748,1705142841,1705143017,176
frontier00749,1705142916,1705143060,144
frontier00750,1705142643,1705142673,30
frontier00751,1705142916,1705143059,143
frontier00752,1705142781,1705142957,176
frontier00753,1705142956,1705143066,110
frontier00754,1705143145,1705143150,5
frontier00755,1705142826,1705143013,187
frontier00756,1705142884,1705143058,174
frontier00757,1705142750,1705142890,140
frontier00758,1705142917,1705143058,141
frontier00759,1705142966,1705143064,98
frontier00760,1705143085,1705143101,16
frontier00761,1705142651,1705142676,25
frontier00762,1705142595,1705142609,14
frontier00763,1705142985,1705143067,82
frontier00764,1705142633,1705142666,33
frontier00765,1705142633,1705142664,31
frontier00766,1705142732,1705142855,123
frontier00767,1705142918,1705143058,140
frontier00768,1705142643,1705142664,21
frontier00769,1705142902,1705143054,152
frontier00770,1705143087,1705143095,8
frontier00771,1705142771,1705142970,199
frontier00772,1705143120,1705143129,9
frontier00773,1705142884,1705143055,171
frontier00774,1705142829,1705143018,189
frontier00775,1705142990,1705143068,78
frontier00776,1705143085,1705143093,8
frontier00777,1705142601,1705142612,11
frontier00778,1705142916,1705143057,141
frontier00779,1705142796,1705142981,185
frontier00780,1705142966,1705143066,100
frontier00781,1705142917,1705143059,142
frontier00782,1705143145,1705143150,5
frontier00783,1705142823,1705143017,194
frontier00784,1705142837,1705143028,191
frontier00785,1705142917,1705143059,142
frontier00786,1705142750,1705142892,142
frontier00787,1705142843,1705143019,176
frontier00788,1705142924,1705143030,106
frontier00789,1705142826,1705143022,196
frontier00790,1705142840,1705143027,187
frontier00791,1705142765,1705142954,189
frontier00792,1705142618,1705142629,11
frontier00793,1705142823,1705143011,188
frontier00794,1705143120,1705143129,9
frontier00795,1705142680,1705142717,37
frontier00796,1705142822,1705143017,195
frontier00797,1705142822,1705143013,191
frontier00798,1705142643,1705142667,24
frontier00799,1705142822,1705143012,190
frontier00800,1705142844,1705143031,187
frontier00801,1705142709,1705142811,102
frontier00802,1705142642,1705142660,18
frontier00803,1705142711,1705142822,111
frontier00804,1705142705,1705142800,95
frontier00805,1705142822,1705143015,193
frontier00806,1705143016,1705143069,53
frontier00807,1705142914,1705143058,144
frontier00808,1705142957,1705143067,110
frontier00809,1705142804,1705142993,189
frontier00810,1705142660,1705142690,30
frontier00811,1705143138,1705143149,11
frontier00812,1705142916,1705143055,139
frontier00813,1705143076,1705143082,6
frontier00814,1705142914,1705143058,144
frontier00815,1705142840,1705143021,181
frontier00816,1705142997,1705143068,71
frontier00817,1705142883,1705143045,162
frontier00818,1705142801,1705142987,186
frontier00819,1705142918,1705143058,140
frontier00820,1705142825,1705143010,185
frontier00821,1705142658,1705142687,29
frontier00822,1705142704,1705142800,96
frontier00823,1705142623,1705142649,26
frontier00824,1705142966,1705143064,98
frontier00825,1705142781,1705142956,175
frontier00826,1705142916,1705143059,143
frontier00827,1705142916,1705143057,141
frontier00828,1705142828,1705143033,205
frontier00829,1705142651,1705142683,32
frontier00830,1705142823,1705143002,179
frontier00831,1705142915,1705143059,144
frontier00832,1705142916,1705143058,142
frontier00833,1705142954,1705143063,109
frontier00834,1705142923,1705143062,139
frontier00835,1705142823,1705143022,199
frontier00836,1705142884,1705143038,154
frontier00837,1705142840,1705143041,201
frontier00838,1705142729,1705142847,118
frontier00839,1705142651,1705142676,25
frontier00840,1705142916,1705143060,144
frontier00841,1705142822,1705143019,197
frontier00842,1705142956,1705143066,110
frontier00843,1705142664,1705142696,32
frontier00844,1705142956,1705143066,110
frontier00845,1705142916,1705143057,141
frontier00846,1705142821,1705143017,196
frontier00847,1705142853,1705143037,184
frontier00848,1705142892,1705143053,161
frontier00849,1705142858,1705143040,182
frontier00850,1705142760,1705142920,160
frontier00851,1705142645,1705142673,28
frontier00852,1705142854,1705143044,190
frontier00853,1705142822,1705142985,163
frontier00854,1705142985,1705143067,82
frontier00855,1705142859,1705143053,194
frontier00856,1705142745,1705142880,135
frontier00857,1705142825,1705143021,196
frontier00858,1705142796,1705142993,197
frontier00859,1705142823,1705143023,200
frontier00860,1705142780,1705142960,180
frontier00861,1705143113,1705143123,10
frontier00862,1705142985,1705143067,82
frontier00863,1705142760,1705142893,133
frontier00864,1705143130,1705143146,16
frontier00865,1705142966,1705143066,100
frontier00866,1705142954,1705143062,108
frontier00867,1705142916,1705143044,128
frontier00868,1705142844,1705143032,188
frontier00869,1705142840,1705143026,186
frontier00870,1705142917,1705143059,142
frontier00871,1705142820,1705143016,196
frontier00872,1705142826,1705143008,182
frontier00873,1705142846,1705143035,189
frontier00874,1705142751,1705143067,316
frontier00875,1705142929,1705143031,102
frontier00876,1705143129,1705143143,14
frontier00877,1705142932,1705143064,132
frontier00878,1705142916,1705143056,140
frontier00879,1705142966,1705143064,98
frontier00880,1705142916,1705143060,144
frontier00881,1705142917,1705143058,141
frontier00882,1705142847,1705143047,200
frontier00883,1705142916,1705143056,140
frontier00884,1705142646,1705142667,21
frontier00885,1705142918,1705143051,133
frontier00886,1705142822,1705143022,200
frontier00887,1705142916,1705143059,143
frontier00888,1705143131,1705143146,15
frontier00889,1705142670,1705142700,30
frontier00890,1705142629,1705142659,30
frontier00891,1705142824,1705143017,193
frontier00892,1705142751,1705142883,132
frontier00893,1705142659,1705142690,31
frontier00894,1705142841,1705143045,204
frontier00895,1705142846,1705143036,190
frontier00896,1705142725,1705142849,124
frontier00898,1705142843,1705143028,185
frontier00899,1705142850,1705143036,186
frontier00900,1705142841,1705143027,186
frontier00901,1705142829,1705143037,208
frontier00902,1705142884,1705142884,0
frontier00903,1705142888,1705143058,170
frontier00904,1705142698,1705142790,92
frontier00905,1705142849,1705143048,199
frontier00906,1705143110,1705143120,10
frontier00907,1705142916,1705143058,142
frontier00908,1705142823,1705143010,187
frontier00909,1705142916,1705143060,144
frontier00910,1705142765,1705142937,172
frontier00911,1705142956,1705143066,110
frontier00912,1705142823,1705143006,183
frontier00913,1705142850,1705143034,184
frontier00914,1705142916,1705143058,142
frontier00915,1705142917,1705143059,142
frontier00916,1705142844,1705143028,184
frontier00917,1705142913,1705143058,145
frontier00918,1705142841,1705143022,181
frontier00919,1705142829,1705143033,204
frontier00920,1705142916,1705143059,143
frontier00921,1705142685,1705142730,45
frontier00922,1705142643,1705142664,21
frontier00923,1705142914,1705143057,143
frontier00924,1705142883,1705142896,13
frontier00925,1705142917,1705143058,141
frontier00926,1705142774,1705142958,184
frontier00927,1705142913,1705143058,145
frontier00928,1705142916,1705143059,143
frontier00929,1705142916,1705143052,136
frontier00930,1705142966,1705143064,98
frontier00931,1705143147,1705143150,3
frontier00932,1705142709,1705142814,105
frontier00933,1705142916,1705143059,143
frontier00934,1705142857,1705143047,190
frontier00935,1705142648,1705142673,25
frontier00936,1705142918,1705143058,140
frontier00937,1705143128,1705143142,14
frontier00938,1705142844,1705143023,179
frontier00939,1705143002,1705143069,67
frontier00940,1705142917,1705143055,138
frontier00941,1705142783,1705142972,189
frontier00942,1705142710,1705142820,110
frontier00943,1705143134,1705143148,14
frontier00944,1705142822,1705142989,167
frontier00945,1705142662,1705142693,31
frontier00946,1705142612,1705142630,18
frontier00947,1705142643,1705142668,25
frontier00948,1705142915,1705143058,143
frontier00949,1705142682,1705142726,44
frontier00950,1705142750,1705142880,130
frontier00951,1705142916,1705143037,121
frontier00952,1705142863,1705143057,194
frontier00953,1705142822,1705143015,193
frontier00954,1705142884,1705143055,171
frontier00955,1705143075,1705143080,5
frontier00956,1705142750,1705142893,143
frontier00957,1705142830,1705143017,187
frontier00958,1705142956,1705143066,110
frontier00959,1705142985,1705143067,82
frontier00960,1705142852,1705143046,194
frontier00961,1705142804,1705143016,212
frontier00962,1705142892,1705143046,154
frontier00963,1705142841,1705142996,155
frontier00964,1705142847,1705143047,200
frontier00965,1705142884,1705143058,174
frontier00966,1705142884,1705143057,173
frontier00967,1705142826,1705143019,193
frontier00968,1705142796,1705143002,206
frontier00969,1705142975,1705143066,91
frontier00970,1705142916,1705143057,141
frontier00971,1705142916,1705143059,143
frontier00972,1705142854,1705143049,195
frontier00973,1705142796,1705142993,197
frontier00974,1705142975,1705143067,92
frontier00975,1705142975,1705143066,91
frontier00976,1705142675,1705142705,30
frontier00977,1705142804,1705142982,178
frontier00978,1705142822,1705143008,186
frontier00979,1705142821,1705143017,196
frontier00980,1705142666,1705142698,32
frontier00981,1705142848,1705143038,190
frontier00982,1705142966,1705143066,100
frontier00983,1705142956,1705143064,108
frontier00984,1705142840,1705143021,181
frontier00985,1705143120,1705143129,9
frontier00986,1705142648,1705142676,28
frontier00987,1705142711,1705142827,116
frontier00988,1705142839,1705143011,172
frontier00989,1705142609,1705142627,18
frontier00990,1705142824,1705143014,190
frontier00991,1705143131,1705143146,15
frontier00992,1705142668,1705142701,33
frontier00993,1705142917,1705143058,141
frontier00994,1705142850,1705143041,191
frontier00995,1705142621,1705142651,30
frontier00996,1705142744,1705142876,132
frontier00997,1705142915,1705143059,144
frontier00998,1705142881,1705143048,167
frontier00999,1705142648,1705142670,22
frontier01000,1705142620,1705142667,47
frontier01001,1705142820,1705143015,195
frontier01002,1705142822,1705143015,193
frontier01003,1705142848,1705143036,188
frontier01004,1705142876,1705143044,168
frontier01005,1705142987,1705143067,80
frontier01006,1705142914,1705143059,145
frontier01007,1705142825,1705143017,192
frontier01008,1705143084,1705143091,7
frontier01009,1705142840,1705143039,199
frontier01010,1705142692,1705142753,61
frontier01011,1705142804,1705142980,176
frontier01012,1705142916,1705143059,143
frontier01013,1705142750,1705142884,134
frontier01014,1705142918,1705143059,141
frontier01015,1705142916,1705143058,142
frontier01016,1705142914,1705143057,143
frontier01017,1705142659,1705142693,34
frontier01018,1705142840,1705143023,183
frontier01019,1705142822,1705143002,180
frontier01020,1705142914,1705143058,144
frontier01021,1705142681,1705142731,50
frontier01022,1705142956,1705143064,108
frontier01023,1705142916,1705143060,144
frontier01024,1705142966,1705143066,100
frontier01025,1705142711,1705142822,111
frontier01026,1705142844,1705143020,176
frontier01027,1705143091,1705143102,11
frontier01028,1705142807,1705143002,195
frontier01029,1705143137,1705143149,12
frontier01030,1705142766,1705142924,158
frontier01031,1705142827,1705143018,191
frontier01032,1705142822,1705143017,195
frontier01033,1705142820,1705143007,187
frontier01034,1705142892,1705143059,167
frontier01035,1705142985,1705143067,82
frontier01036,1705142956,1705143066,110
frontier01037,1705142643,1705142661,18
frontier01038,1705142917,1705143059,142
frontier01039,1705142890,1705143046,156
frontier01040,1705142954,1705143062,108
frontier01041,1705142804,1705143014,210
frontier01042,1705142667,1705142700,33
frontier01043,1705142916,1705143058,142
frontier01044,1705142648,1705142673,25
frontier01045,1705142650,1705142675,25
frontier01046,1705142916,1705143042,126
frontier01047,1705142917,1705143058,141
frontier01048,1705142956,1705143063,107
frontier01049,1705142916,1705143056,140
frontier01050,1705142844,1705143030,186
frontier01051,1705142846,1705143040,194
frontier01052,1705142659,1705142692,33
frontier01053,1705142966,1705143064,98
frontier01054,1705142693,1705142759,66
frontier01055,1705142804,1705142989,185
frontier01056,1705142916,1705143057,141
frontier01057,1705142857,1705143038,181
frontier01058,1705142780,1705142970,190
frontier01059,1705142918,1705143058,140
frontier01060,1705142663,1705142693,30
frontier01061,1705142966,1705143064,98
frontier01062,1705143088,1705143097,9
frontier01063,1705142680,1705142716,36
frontier01064,1705142823,1705143001,178
frontier01065,1705142848,1705143034,186
frontier01066,1705142629,1705142667,38
frontier01067,1705142975,1705143066,91
frontier01068,1705142916,1705143044,128
frontier01069,1705142623,1705142650,27
frontier01070,1705142985,1705143067,82
frontier01071,1705142988,1705143068,80
frontier01072,1705142823,1705143011,188
frontier01073,1705142751,1705142914,163
frontier01074,1705142837,1705143019,182
frontier01075,1705142890,1705143057,167
frontier01076,1705142840,1705143032,192
frontier01077,1705142705,1705142798,93
frontier01078,1705142916,1705143058,142
frontier01079,1705142843,1705143015,172
frontier01080,1705143129,1705143143,14
frontier01081,1705142844,1705143034,190
frontier01082,1705142837,1705143031,194
frontier01083,1705142989,1705143069,80
frontier01084,1705142966,1705143066,100
frontier01085,1705142844,1705143036,192
frontier01086,1705142734,1705142876,142
frontier01087,1705142924,1705143061,137
frontier01088,1705142663,1705142694,31
frontier01089,1705142847,1705143034,187
frontier01090,1705142843,1705143029,186
frontier01091,1705142665,1705142694,29
frontier01092,1705143104,1705143114,10
frontier01093,1705142837,1705143032,195
frontier01094,1705142680,1705142711,31
frontier01095,1705142956,1705143066,110
frontier01096,1705143124,1705143133,9
frontier01097,1705142985,1705143067,82
frontier01098,1705142966,1705143064,98
frontier01099,1705142673,1705142701,28
frontier01100,1705142917,1705143055,138
frontier01101,1705142956,1705143064,108
frontier01102,1705142918,1705143057,139
frontier01103,1705142916,1705143059,143
frontier01104,1705142780,1705142971,191
frontier01105,1705142916,1705143037,121
frontier01106,1705142916,1705143057,141
frontier01107,1705142714,1705142833,119
frontier01108,1705142821,1705143007,186
frontier01109,1705142711,1705142823,112
frontier01110,1705143097,1705143108,11
frontier01111,1705142653,1705142681,28
frontier01112,1705142648,1705142669,21
frontier01113,1705142690,1705142753,63
frontier01114,1705143092,1705143103,11
frontier01115,1705142829,1705143018,189
frontier01116,1705142840,1705143017,177
frontier01117,1705142820,1705143016,196
frontier01118,1705142643,1705142673,30
frontier01119,1705142966,1705143067,101
frontier01120,1705142662,1705142694,32
frontier01121,1705142822,1705143028,206
frontier01122,1705142649,1705142680,31
frontier01123,1705142823,1705143019,196
frontier01124,1705142681,1705142726,45
frontier01125,1705142918,1705143058,140
frontier01126,1705142916,1705143058,142
frontier01127,1705143095,1705143106,11
frontier01128,1705142916,1705143059,143
frontier01129,1705142796,1705142991,195
frontier01130,1705142840,1705143031,191
frontier01131,1705142725,1705142846,121
frontier01132,1705142659,1705142691,32
frontier01133,1705142610,1705142633,23
frontier01134,1705142916,1705143058,142
frontier01135,1705142840,1705143017,177
frontier01136,1705142916,1705143059,143
frontier01137,1705142966,1705143066,100
frontier01138,1705142711,1705142822,111
frontier01139,1705142644,1705142679,35
frontier01140,1705142915,1705143060,145
frontier01141,1705142822,1705143022,200
frontier01142,1705142993,1705143068,75
frontier01143,1705142914,1705143057,143
frontier01144,1705142648,1705142670,22
frontier01145,1705142821,1705143016,195
frontier01146,1705142822,1705143013,191
frontier01147,1705142720,1705142830,110
frontier01148,1705142837,1705143014,177
frontier01149,1705142668,1705142696,28
frontier01150,1705142917,1705143060,143
frontier01151,1705143117,1705143127,10
frontier01152,1705142847,1705143039,192
frontier01153,1705143087,1705143097,10
frontier01154,1705142840,1705143028,188
frontier01155,1705142839,1705143016,177
frontier01156,1705142954,1705143062,108
frontier01157,1705142918,1705143058,140
frontier01158,1705142690,1705142753,63
frontier01159,1705142830,1705143021,191
frontier01160,1705142978,1705143068,90
frontier01161,1705142966,1705143066,100
frontier01162,1705142859,1705143046,187
frontier01163,1705142913,1705143059,146
frontier01164,1705142658,1705142690,32
frontier01165,1705142846,1705143043,197
frontier01166,1705142827,1705143019,192
frontier01167,1705142916,1705143056,140
frontier01168,1705142690,1705142749,59
frontier01169,1705142840,1705143042,202
frontier01170,1705142994,1705143068,74
frontier01171,1705142914,1705143059,145
frontier01172,1705142840,1705143024,184
frontier01173,1705143094,1705143105,11
frontier01174,1705142798,1705143003,205
frontier01175,1705142626,1705142653,27
frontier01176,1705142916,1705143060,144
frontier01177,1705142916,1705143059,143
frontier01178,1705142853,1705143042,189
frontier01179,1705142823,1705143009,186
frontier01180,1705142916,1705143058,142
frontier01181,1705142750,1705142914,164
frontier01182,1705142956,1705143063,107
frontier01183,1705142781,1705142957,176
frontier01184,1705142843,1705143032,189
frontier01185,1705142990,1705143068,78
frontier01186,1705143118,1705143128,10
frontier01187,1705142915,1705143059,144
frontier01188,1705143108,1705143118,10
frontier01189,1705142813,1705143023,210
frontier01190,1705142643,1705142668,25
frontier01191,1705142978,1705143067,89
frontier01192,1705142916,1705143059,143
frontier01193,1705142918,1705143058,140
frontier01194,1705142975,1705143064,89
frontier01195,1705142916,1705143050,134
frontier01196,1705142841,1705143032,191
frontier01197,1705142916,1705143058,142
frontier01198,1705142791,1705142983,192
frontier01199,1705142711,1705142819,108
frontier01200,1705142916,1705143056,140
frontier01201,1705142916,1705143057,141
frontier01202,1705142702,1705142804,102
frontier01203,1705142788,1705142981,193
frontier01204,1705142823,1705143018,195
frontier01205,1705142823,1705143011,188
frontier01206,1705142918,1705143057,139
frontier01207,1705142955,1705143063,108
frontier01208,1705142916,1705143060,144
frontier01209,1705142837,1705143035,198
frontier01210,1705143092,1705143103,11
frontier01211,1705142669,1705142704,35
frontier01212,1705143112,1705143121,9
frontier01213,1705142670,1705142700,30
frontier01214,1705142632,1705142662,30
frontier01215,1705142956,1705143066,110
frontier01216,1705142916,1705143057,141
frontier01217,1705142822,1705143018,196
frontier01218,1705142985,1705143067,82
frontier01219,1705142846,1705143034,188
frontier01220,1705142685,1705142732,47
frontier01221,1705142822,1705143011,189
frontier01222,1705143105,1705143115,10
frontier01223,1705142823,1705143011,188
frontier01224,1705142693,1705142757,64
frontier01225,1705142956,1705143066,110
frontier01226,1705143128,1705143143,15
frontier01227,1705142916,1705143060,144
frontier01228,1705142966,1705143064,98
frontier01229,1705142821,1705142987,166
frontier01230,1705142917,1705143059,142
frontier01231,1705142957,1705143067,110
frontier01232,1705142849,1705143035,186
frontier01233,1705142751,1705142911,160
frontier01234,1705142914,1705143059,145
frontier01235,1705142988,1705143067,79
frontier01236,1705142842,1705143020,178
frontier01237,1705142824,1705142994,170
frontier01238,1705142916,1705143054,138
frontier01239,1705142848,1705143029,181
frontier01240,1705142822,1705143009,187
frontier01241,1705142966,1705143064,98
frontier01242,1705142822,1705143020,198
frontier01244,1705142602,1705142615,13
frontier01245,1705142975,1705143067,92
frontier01246,1705142665,1705142693,28
frontier01247,1705142840,1705143038,198
frontier01248,1705142975,1705143067,92
frontier01249,1705142841,1705143030,189
frontier01250,1705142816,1705143007,191
frontier01251,1705142667,1705142697,30
frontier01252,1705142914,1705143058,144
frontier01253,1705143146,1705143150,4
frontier01254,1705142915,1705143059,144
frontier01255,1705142917,1705143059,142
frontier01256,1705142848,1705143046,198
frontier01257,1705142955,1705143064,109
frontier01258,1705142917,1705143058,141
frontier01259,1705142956,1705143063,107
frontier01260,1705142974,1705143067,93
frontier01261,1705142701,1705142790,89
frontier01262,1705142916,1705143058,142
frontier01263,1705142916,1705143058,142
frontier01264,1705142843,1705143039,196
frontier01265,1705142774,1705142976,202
frontier01266,1705142915,1705143046,131
frontier01267,1705142844,1705143026,182
frontier01268,1705142918,1705143058,140
frontier01269,1705142914,1705143057,143
frontier01270,1705142918,1705143058,140
frontier01271,1705142851,1705143050,199
frontier01272,1705142956,1705143067,111
frontier01273,1705142701,1705142790,89
frontier01274,1705142840,1705143022,182
frontier01275,1705143112,1705143122,10
frontier01276,1705142892,1705143058,166
frontier01277,1705142822,1705143018,196
frontier01278,1705142918,1705143058,140
frontier01279,1705142700,1705142784,84
frontier01280,1705142917,1705143052,135
frontier01281,1705143085,1705143096,11
frontier01282,1705142800,1705142986,186
frontier01283,1705142659,1705142692,33
frontier01284,1705142956,1705143066,110
frontier01285,1705142916,1705143040,124
frontier01286,1705142860,1705143042,182
frontier01287,1705142822,1705143017,195
frontier01288,1705142844,1705143037,193
frontier01289,1705142989,1705143068,79
frontier01290,1705142675,1705142704,29
frontier01291,1705142666,1705142698,32
frontier01292,1705142625,1705142655,30
frontier01293,1705142820,1705143020,200
frontier01294,1705142711,1705142822,111
frontier01295,1705142975,1705143066,91
frontier01296,1705142985,1705143067,82
frontier01297,1705142650,1705142678,28
frontier01298,1705142844,1705143019,175
frontier01299,1705143142,1705143150,8
frontier01300,1705142966,1705143066,100
frontier01301,1705143130,1705143144,14
frontier01302,1705142915,1705143059,144
frontier01303,1705142797,1705142990,193
frontier01304,1705142623,1705142645,22
frontier01305,1705142783,1705142978,195
frontier01306,1705142916,1705143058,142
frontier01307,1705142812,1705143014,202
frontier01308,1705142840,1705143021,181
frontier01309,1705142822,1705143029,207
frontier01310,1705142829,1705143012,183
frontier01311,1705142916,1705143057,141
frontier01312,1705142840,1705143031,191
frontier01313,1705142916,1705143059,143
frontier01314,1705142914,1705143058,144
frontier01315,1705142711,1705142824,113
frontier01316,1705142847,1705143032,185
frontier01317,1705142619,1705142647,28
frontier01318,1705142840,1705143013,173
frontier01319,1705142843,1705143012,169
frontier01320,1705142837,1705143032,195
frontier01321,1705142900,1705143057,157
frontier01322,1705142744,1705142880,136
frontier01323,1705142683,1705142730,47
frontier01324,1705142916,1705143053,137
frontier01325,1705142844,1705143013,169
frontier01326,1705142805,1705143009,204
frontier01327,1705142701,1705142782,81
frontier01328,1705143080,1705143084,4
frontier01329,1705142750,1705142883,133
frontier01330,1705142785,1705142955,170
frontier01331,1705142854,1705143052,198
frontier01332,1705142840,1705143028,188
frontier01333,1705142731,1705142852,121
frontier01334,1705142803,1705142972,169
frontier01335,1705142916,1705143058,142
frontier01336,1705142706,1705142811,105
frontier01337,1705142704,1705142811,107
frontier01338,1705142693,1705142763,70
frontier01339,1705142917,1705143060,143
frontier01340,1705142844,1705143043,199
frontier01341,1705142966,1705143066,100
frontier01342,1705142916,1705143055,139
frontier01343,1705142823,1705142974,151
frontier01344,1705142623,1705142650,27
frontier01345,1705142916,1705143058,142
frontier01346,1705142914,1705143058,144
frontier01347,1705142693,1705142766,73
frontier01349,1705142752,1705142885,133
frontier01350,1705142780,1705142968,188
frontier01351,1705142645,1705142667,22
frontier01352,1705142822,1705143011,189
frontier01353,1705142966,1705143066,100
frontier01354,1705142682,1705142730,48
frontier01355,1705142691,1705142751,60
frontier01356,1705142892,1705143059,167
frontier01357,1705142970,1705143066,96
frontier01358,1705142985,1705143067,82
frontier01359,1705142780,1705142957,177
frontier01360,1705142916,1705143055,139
frontier01361,1705142843,1705143040,197
frontier01362,1705143128,1705143142,14
frontier01363,1705142620,1705142647,27
frontier01364,1705142916,1705143058,142
frontier01365,1705142678,1705142710,32
frontier01366,1705142710,1705142822,112
frontier01367,1705142648,1705142676,28
frontier01368,1705142821,1705143023,202
frontier01369,1705142659,1705142693,34
frontier01370,1705142820,1705143018,198
frontier01371,1705142676,1705142710,34
frontier01372,1705142955,1705143063,108
frontier01373,1705142987,1705143067,80
frontier01374,1705142820,1705143000,180
frontier01375,1705142954,1705143064,110
frontier01376,1705142975,1705143066,91
frontier01377,1705142966,1705143066,100
frontier01378,1705142954,1705143062,108
frontier01379,1705142843,1705143031,188
frontier01380,1705142796,1705142981,185
frontier01381,1705142623,1705142649,26
frontier01382,1705142914,1705143066,152
frontier01383,1705142668,1705142700,32
frontier01384,1705142795,1705142973,178
frontier01385,1705142841,1705143043,202
frontier01386,1705142975,1705143067,92
frontier01387,1705142988,1705143067,79
frontier01388,1705142780,1705142966,186
frontier01389,1705142914,1705143057,143
frontier01390,1705142840,1705143029,189
frontier01391,1705143086,1705143106,20
frontier01392,1705142847,1705143032,185
frontier01393,1705142765,1705142924,159
frontier01394,1705142709,1705142820,111
frontier01395,1705142844,1705143041,197
frontier01396,1705142916,1705143059,143
frontier01397,1705142966,1705143066,100
frontier01398,1705142804,1705142956,152
frontier01399,1705143116,1705143126,10
frontier01400,1705142780,1705142967,187
frontier01401,1705142668,1705142700,32
frontier01402,1705142648,1705142670,22
frontier01403,1705143119,1705143128,9
frontier01404,1705142848,1705143033,185
frontier01405,1705143122,1705143132,10
frontier01406,1705142916,1705143059,143
frontier01407,1705142923,1705143060,137
frontier01408,1705142648,1705142673,25
frontier01409,1705142673,1705142701,28
frontier01410,1705142914,1705143058,144
frontier01411,1705142804,1705143003,199
frontier01412,1705142954,1705143062,108
frontier01413,1705142840,1705143023,183
frontier01414,1705142822,1705143011,189
frontier01415,1705142620,1705142648,28
frontier01416,1705142840,1705143036,196
frontier01417,1705143079,1705143083,4
frontier01418,1705142744,1705142877,133
frontier01419,1705142840,1705143015,175
frontier01420,1705142987,1705143067,80
frontier01421,1705142629,1705142659,30
frontier01422,1705142915,1705143059,144
frontier01423,1705142644,1705142665,21
frontier01424,1705142843,1705143034,191
frontier01425,1705143138,1705143150,12
frontier01426,1705142659,1705142693,34
frontier01427,1705142663,1705142695,32
frontier01428,1705142863,1705143045,182
frontier01429,1705142609,1705142621,12
frontier01430,1705142849,1705143047,198
frontier01431,1705142750,1705142883,133
frontier01432,1705142987,1705143067,80
frontier01433,1705142644,1705142668,24
frontier01434,1705142916,1705143057,141
frontier01435,1705142762,1705142923,161
frontier01436,1705142825,1705143015,190
frontier01437,1705142859,1705143055,196
frontier01438,1705142975,1705143067,92
frontier01439,1705142914,1705143058,144
frontier01440,1705143103,1705143113,10
frontier01442,1705142954,1705143061,107
frontier01443,1705142956,1705143066,110
frontier01444,1705142966,1705143066,100
frontier01445,1705142840,1705143030,190
frontier01446,1705142822,1705143011,189
frontier01447,1705142851,1705143044,193
frontier01448,1705142693,1705142763,70
frontier01449,1705142956,1705143066,110
frontier01450,1705143133,1705143148,15
frontier01451,1705142915,1705143059,144
frontier01452,1705143122,1705143132,10
frontier01453,1705142859,1705143045,186
frontier01454,1705142692,1705142755,63
frontier01455,1705142989,1705143068,79
frontier01456,1705142846,1705143034,188
frontier01457,1705142985,1705143067,82
frontier01458,1705142916,1705143055,139
frontier01459,1705142823,1705143016,193
frontier01460,1705142850,1705143036,186
frontier01461,1705142796,1705142989,193
frontier01462,1705142888,1705143058,170
frontier01463,1705142914,1705143058,144
frontier01464,1705142916,1705143056,140
frontier01465,1705142966,1705143064,98
frontier01466,1705142915,1705143048,133
frontier01467,1705142916,1705143058,142
frontier01468,1705142648,1705142670,22
frontier01469,1705142966,1705143064,98
frontier01470,1705143079,1705143083,4
frontier01471,1705142812,1705143009,197
frontier01472,1705142975,1705143066,91
frontier01473,1705142956,1705143066,110
frontier01474,1705142840,1705143028,188
frontier01475,1705142844,1705143030,186
frontier01476,1705142844,1705143033,189
frontier01477,1705142884,1705143056,172
frontier01478,1705142852,1705143045,193
frontier01479,1705142916,1705143059,143
frontier01480,1705142985,1705143067,82
frontier01481,1705142956,1705143063,107
frontier01482,1705142985,1705143067,82
frontier01483,1705142680,1705142720,40
frontier01484,1705142658,1705142690,32
frontier01485,1705142914,1705143067,153
frontier01486,1705143131,1705143146,15
frontier01487,1705142844,1705143018,174
frontier01488,1705142796,1705142982,186
frontier01489,1705142917,1705143060,143
frontier01490,1705142892,1705143045,153
frontier01491,1705142956,1705143066,110
frontier01492,1705142914,1705143045,131
frontier01493,1705142956,1705143066,110
frontier01494,1705142822,1705143002,180
frontier01495,1705142916,1705143060,144
frontier01496,1705142917,1705143058,141
frontier01497,1705142966,1705143066,100
frontier01498,1705142966,1705143066,100
frontier01499,1705142858,1705143044,186
frontier01500,1705142731,1705142850,119
frontier01501,1705142682,1705142729,47
frontier01502,1705142760,1705142923,163
frontier01503,1705142844,1705143038,194
frontier01504,1705142914,1705143057,143
frontier01505,1705142839,1705143015,176
frontier01506,1705142859,1705143045,186
frontier01507,1705142750,1705142881,131
frontier01508,1705142918,1705143059,141
frontier01509,1705142917,1705143059,142
frontier01510,1705142914,1705143058,144
frontier01511,1705142841,1705143016,175
frontier01512,1705142914,1705143058,144
frontier01513,1705142892,1705143055,163
frontier01514,1705142708,1705142804,96
frontier01515,1705142804,1705143011,207
frontier01516,1705142844,1705143030,186
frontier01517,1705143102,1705143112,10
frontier01518,1705142690,1705142753,63
frontier01519,1705142822,1705143030,208
frontier01520,1705142829,1705143019,190
frontier01521,1705142701,1705142785,84
frontier01522,1705142618,1705142632,14
frontier01523,1705143106,1705143116,10
frontier01524,1705142643,1705142667,24
frontier01525,1705142916,1705143058,142
frontier01526,1705142699,1705142798,99
frontier01527,1705142680,1705142724,44
frontier01528,1705142966,1705143066,100
frontier01529,1705142750,1705142893,143
frontier01530,1705142648,1705142669,21
frontier01531,1705142846,1705143030,184
frontier01532,1705142916,1705143056,140
frontier01533,1705142750,1705142883,133
frontier01534,1705142744,1705142878,134
frontier01535,1705142843,1705143033,190
frontier01536,1705142811,1705142996,185
frontier01537,1705142822,1705143029,207
frontier01538,1705142822,1705142998,176
frontier01539,1705142956,1705143063,107
frontier01540,1705142916,1705143058,142
frontier01541,1705142991,1705143068,77
frontier01542,1705142804,1705143001,197
frontier01543,1705142822,1705143016,194
frontier01544,1705142844,1705143020,176
frontier01545,1705142956,1705143067,111
frontier01546,1705142697,1705142780,83
frontier01547,1705142917,1705143056,139
frontier01548,1705142821,1705143017,196
frontier01549,1705142954,1705143062,108
frontier01550,1705142985,1705143067,82
frontier01551,1705142673,1705142699,26
frontier01552,1705142884,1705143055,171
frontier01553,1705142648,1705142676,28
frontier01554,1705142803,1705143006,203
frontier01555,1705142864,1705143034,170
frontier01556,1705142916,1705143059,143
frontier01557,1705142678,1705142716,38
frontier01558,1705142779,1705142967,188
frontier01559,1705142916,1705143058,142
frontier01560,1705142678,1705142816,138
frontier01561,1705142716,1705142826,110
frontier01562,1705142916,1705143061,145
frontier01563,1705142916,1705143060,144
frontier01564,1705142821,1705143015,194
frontier01565,1705142914,1705143059,145
frontier01566,1705142840,1705143023,183
frontier01567,1705142667,1705142700,33
frontier01568,1705142752,1705142885,133
frontier01569,1705142751,1705142893,142
frontier01570,1705142804,1705142996,192
frontier01571,1705142822,1705143018,196
frontier01572,1705142916,1705143057,141
frontier01573,1705142916,1705143055,139
frontier01574,1705142975,1705143067,92
frontier01575,1705142667,1705142696,29
frontier01576,1705142803,1705142996,193
frontier01577,1705142822,1705143021,199
frontier01578,1705142846,1705143047,201
frontier01579,1705142711,1705142824,113
frontier01580,1705142750,1705142893,143
frontier01581,1705142826,1705143014,188
frontier01582,1705142849,1705143047,198
frontier01583,1705142795,1705142991,196
frontier01584,1705142916,1705143060,144
frontier01585,1705142914,1705143058,144
frontier01586,1705142822,1705143008,186
frontier01587,1705142892,1705143045,153
frontier01588,1705142991,1705143068,77
frontier01589,1705142829,1705143010,181
frontier01590,1705142859,1705143049,190
frontier01591,1705143092,1705143103,11
frontier01592,1705142822,1705143026,204
frontier01593,1705142918,1705143058,140
frontier01594,1705142917,1705143060,143
frontier01595,1705143133,1705143148,15
frontier01596,1705142884,1705143058,174
frontier01597,1705142644,1705142668,24
frontier01598,1705142846,1705143045,199
frontier01599,1705142916,1705143056,140
frontier01600,1705142955,1705143063,108
frontier01601,1705143146,1705143150,4
frontier01602,1705142843,1705143031,188
frontier01603,1705142956,1705143063,107
frontier01604,1705142612,1705142645,33
frontier01605,1705142966,1705143064,98
frontier01606,1705142623,1705142649,26
frontier01607,1705142732,1705142858,126
frontier01608,1705142823,1705143006,183
frontier01609,1705142892,1705143059,167
frontier01610,1705142916,1705143057,141
frontier01611,1705143086,1705143104,18
frontier01612,1705142820,1705142998,178
frontier01613,1705142840,1705143039,199
frontier01614,1705142677,1705142710,33
frontier01615,1705142916,1705143058,142
frontier01616,1705142971,1705143066,95
frontier01617,1705142820,1705143015,195
frontier01618,1705142840,1705143034,194
frontier01619,1705142841,1705143031,190
frontier01620,1705142985,1705143067,82
frontier01621,1705143146,1705143150,4
frontier01622,1705142846,1705143046,200
frontier01623,1705142916,1705143058,142
frontier01624,1705142837,1705143037,200
frontier01625,1705143085,1705143093,8
frontier01626,1705142913,1705143057,144
frontier01627,1705142837,1705143034,197
frontier01628,1705142916,1705143059,143
frontier01629,1705142750,1705142883,133
frontier01630,1705142966,1705143066,100
frontier01631,1705142821,1705143016,195
frontier01632,1705142675,1705142701,26
frontier01633,1705142918,1705143059,141
frontier01634,1705143133,1705143148,15
frontier01635,1705142916,1705143058,142
frontier01636,1705142848,1705143023,175
frontier01637,1705142966,1705143064,98
frontier01638,1705142914,1705143058,144
frontier01639,1705142915,1705143059,144
frontier01640,1705142889,1705143043,154
frontier01641,1705142955,1705143063,108
frontier01642,1705142977,1705143067,90
frontier01643,1705142975,1705143066,91
frontier01644,1705142641,1705142661,20
frontier01645,1705142985,1705143067,82
frontier01646,1705142918,1705143059,141
frontier01647,1705142915,1705143056,141
frontier01648,1705142918,1705143058,140
frontier01649,1705142840,1705143029,189
frontier01650,1705142915,1705143058,143
frontier01651,1705142917,1705143058,141
frontier01652,1705142837,1705143019,182
frontier01653,1705142913,1705143059,146
frontier01654,1705142844,1705143038,194
frontier01656,1705142650,1705142676,26
frontier01657,1705142711,1705142822,111
frontier01658,1705142674,1705142788,114
frontier01659,1705142844,1705143034,190
frontier01660,1705142852,1705143038,186
frontier01661,1705142621,1705142648,27
frontier01662,1705142673,1705142701,28
frontier01663,1705142915,1705143058,143
frontier01664,1705142843,1705143022,179
frontier01665,1705142917,1705143059,142
frontier01666,1705143140,1705143150,10
frontier01667,1705142916,1705143057,141
frontier01668,1705143121,1705143130,9
frontier01669,1705142859,1705143041,182
frontier01670,1705142823,1705143023,200
frontier01671,1705142859,1705143045,186
frontier01672,1705143125,1705143145,20
frontier01673,1705142643,1705142667,24
frontier01674,1705142711,1705142821,110
frontier01675,1705142918,1705143058,140
frontier01676,1705142822,1705143010,188
frontier01677,1705142957,1705143064,107
frontier01678,1705142648,1705142669,21
frontier01679,1705142916,1705143057,141
frontier01680,1705142916,1705143058,142
frontier01681,1705142918,1705143056,138
frontier01682,1705142700,1705142796,96
frontier01683,1705142977,1705143066,89
frontier01684,1705142915,1705143057,142
frontier01685,1705142956,1705143066,110
frontier01686,1705143133,1705143148,15
frontier01687,1705142916,1705143058,142
frontier01688,1705142916,1705143060,144
frontier01689,1705142825,1705143034,209
frontier01690,1705143108,1705143118,10
frontier01691,1705142840,1705143017,177
frontier01692,1705143087,1705143105,18
frontier01693,1705142916,1705143058,142
frontier01694,1705142825,1705143022,197
frontier01695,1705142987,1705143067,80
frontier01696,1705142666,1705142697,31
frontier01697,1705142844,1705143032,188
frontier01698,1705142956,1705143066,110
frontier01699,1705142840,1705143039,199
frontier01700,1705142890,1705143048,158
frontier01701,1705142822,1705142994,172
frontier01702,1705142847,1705143022,175
frontier01703,1705142885,1705143058,173
frontier01704,1705142837,1705143039,202
frontier01705,1705142812,1705142993,181
frontier01706,1705142648,1705142676,28
frontier01707,1705142708,1705142803,95
frontier01708,1705142821,1705143014,193
frontier01709,1705142689,1705142736,47
frontier01710,1705142916,1705143058,142
frontier01711,1705142600,1705142612,12
frontier01712,1705142830,1705143038,208
frontier01713,1705142966,1705143066,100
frontier01714,1705142804,1705142989,185
frontier01715,1705143116,1705143127,11
frontier01716,1705142650,1705142679,29
frontier01717,1705143097,1705143108,11
frontier01718,1705142844,1705143042,198
frontier01719,1705143015,1705143069,54
frontier01720,1705142820,1705143015,195
frontier01721,1705142820,1705143008,188
frontier01722,1705143001,1705143068,67
frontier01723,1705142829,1705143022,193
frontier01724,1705142646,1705142668,22
frontier01725,1705142693,1705142755,62
frontier01726,1705142840,1705143024,184
frontier01727,1705142711,1705142822,111
frontier01728,1705142840,1705143023,183
frontier01729,1705142675,1705142705,30
frontier01730,1705142829,1705143019,190
frontier01731,1705142848,1705143041,193
frontier01732,1705142914,1705143047,133
frontier01733,1705142812,1705142998,186
frontier01734,1705142613,1705142630,17
frontier01735,1705142633,1705142667,34
frontier01736,1705142627,1705142655,28
frontier01737,1705142744,1705142878,134
frontier01738,1705142854,1705143051,197
frontier01739,1705142916,1705143044,128
frontier01740,1705142915,1705143059,144
frontier01741,1705142648,1705142668,20
frontier01742,1705142846,1705143041,195
frontier01743,1705143103,1705143113,10
frontier01744,1705142822,1705143010,188
frontier01745,1705143119,1705143129,10
frontier01746,1705142889,1705143066,177
frontier01747,1705142843,1705143023,180
frontier01748,1705142765,1705142924,159
frontier01749,1705142596,1705142604,8
frontier01750,1705142713,1705142823,110
frontier01751,1705142916,1705143059,143
frontier01752,1705142860,1705143054,194
frontier01753,1705142848,1705143019,171
frontier01754,1705142916,1705143060,144
frontier01755,1705142823,1705143027,204
frontier01756,1705142673,1705142701,28
frontier01757,1705143085,1705143103,18
frontier01758,1705142956,1705143066,110
frontier01759,1705142689,1705142744,55
frontier01760,1705142780,1705142955,175
frontier01761,1705142918,1705143059,141
frontier01762,1705142840,1705143030,190
frontier01763,1705142823,1705143009,186
frontier01764,1705142993,1705143068,75
frontier01765,1705142916,1705143042,126
frontier01766,1705142840,1705143018,178
frontier01767,1705142822,1705143011,189
frontier01768,1705142837,1705143015,178
frontier01769,1705142821,1705143008,187
frontier01770,1705142840,1705143028,188
frontier01771,1705142856,1705143039,183
frontier01772,1705142822,1705143008,186
frontier01773,1705142822,1705143006,184
frontier01774,1705142975,1705143066,91
frontier01775,1705142796,1705142997,201
frontier01776,1705142642,1705142673,31
frontier01777,1705142668,1705142702,34
frontier01778,1705143108,1705143117,9
frontier01779,1705142840,1705143023,183
frontier01780,1705142914,1705143057,143
frontier01781,1705142917,1705143047,130
frontier01782,1705142966,1705143064,98
frontier01783,1705142956,1705143066,110
frontier01784,1705142916,1705143039,123
frontier01785,1705142915,1705143059,144
frontier01786,1705142824,1705143022,198
frontier01787,1705142975,1705143066,91
frontier01788,1705142798,1705143008,210
frontier01789,1705142625,1705142653,28
frontier01790,1705142801,1705142992,191
frontier01791,1705142697,1705142778,81
frontier01792,1705142750,1705142916,166
frontier01793,1705142916,1705143059,143
frontier01794,1705143092,1705143103,11
frontier01795,1705142750,1705142884,134
frontier01796,1705142914,1705143059,145
frontier01797,1705142918,1705143058,140
frontier01798,1705142673,1705142699,26
frontier01799,1705142957,1705143064,107
frontier01800,1705142823,1705143014,191
frontier01801,1705142985,1705143067,82
frontier01802,1705142780,1705142952,172
frontier01803,1705142957,1705143063,106
frontier01804,1705142689,1705142748,59
frontier01805,1705142825,1705143029,204
frontier01807,1705142822,1705142987,165
frontier01808,1705143136,1705143149,13
frontier01809,1705142821,1705142991,170
frontier01810,1705142676,1705142708,32
frontier01811,1705142975,1705143067,92
frontier01812,1705142916,1705143058,142
frontier01813,1705142956,1705143066,110
frontier01814,1705143105,1705143115,10
frontier01815,1705142840,1705143026,186
frontier01816,1705142754,1705142914,160
frontier01817,1705142675,1705142702,27
frontier01818,1705142753,1705142916,163
frontier01819,1705142768,1705142957,189
frontier01820,1705143126,1705143137,11
frontier01821,1705142780,1705142966,186
frontier01822,1705142970,1705143066,96
frontier01823,1705142989,1705143069,80
frontier01824,1705142970,1705143064,94
frontier01825,1705143139,1705143150,11
frontier01826,1705142977,1705143067,90
frontier01827,1705143002,1705143068,66
frontier01828,1705142978,1705143068,90
frontier01829,1705142852,1705143039,187
frontier01830,1705142966,1705143064,98
frontier01831,1705142804,1705142970,166
frontier01832,1705142750,1705142912,162
frontier01833,1705142673,1705142705,32
frontier01834,1705142702,1705142803,101
frontier01835,1705142694,1705142764,70
frontier01836,1705142843,1705143038,195
frontier01837,1705142840,1705143015,175
frontier01838,1705142966,1705143064,98
frontier01839,1705142923,1705143060,137
frontier01840,1705142822,1705143009,187
frontier01841,1705142847,1705143018,171
frontier01842,1705142915,1705143055,140
frontier01843,1705142857,1705143026,169
frontier01844,1705142750,1705142884,134
frontier01845,1705142823,1705143017,194
frontier01846,1705142975,1705143066,91
frontier01847,1705142915,1705143047,132
frontier01848,1705142840,1705143019,179
frontier01849,1705142812,1705143018,206
frontier01850,1705142657,1705142692,35
frontier01851,1705142621,1705142648,27
frontier01852,1705142966,1705143066,100
frontier01853,1705142648,1705142668,20
frontier01854,1705142840,1705143035,195
frontier01855,1705142923,1705143061,138
frontier01856,1705142916,1705143059,143
frontier01857,1705142966,1705143066,100
frontier01858,1705142916,1705143058,142
frontier01859,1705142858,1705143046,188
frontier01860,1705142975,1705143066,91
frontier01861,1705142890,1705143058,168
frontier01862,1705142917,1705143058,141
frontier01863,1705142846,1705143044,198
frontier01864,1705142822,1705143015,193
frontier01865,1705142884,1705143055,171
frontier01866,1705142954,1705143063,109
frontier01867,1705142916,1705143058,142
frontier01868,1705142803,1705142980,177
frontier01869,1705142750,1705142883,133
frontier01870,1705142892,1705143043,151
frontier01871,1705142916,1705143059,143
frontier01872,1705142797,1705142992,195
frontier01873,1705142839,1705143023,184
frontier01874,1705142840,1705143043,203
frontier01875,1705142966,1705143064,98
frontier01876,1705142956,1705143066,110
frontier01877,1705142892,1705143058,166
frontier01878,1705142916,1705143061,145
frontier01879,1705142916,1705143059,143
frontier01880,1705142822,1705143007,185
frontier01881,1705142975,1705143066,91
frontier01882,1705142821,1705142998,177
frontier01883,1705142796,1705142992,196
frontier01884,1705142625,1705142655,30
frontier01885,1705143132,1705143147,15
frontier01886,1705142966,1705143066,100
frontier01887,1705142916,1705143055,139
frontier01888,1705142701,1705142987,286
frontier01889,1705142923,1705143061,138
frontier01890,1705142668,1705142701,33
frontier01891,1705143000,1705143068,68
frontier01892,1705142923,1705143060,137
frontier01893,1705142916,1705143059,143
frontier01894,1705142629,1705142670,41
frontier01895,1705142700,1705142795,95
frontier01896,1705142955,1705143063,108
frontier01897,1705142916,1705143059,143
frontier01898,1705142658,1705142691,33
frontier01899,1705142750,1705142913,163
frontier01900,1705142608,1705142630,22
frontier01901,1705142669,1705142702,33
frontier01902,1705142623,1705142649,26
frontier01903,1705142956,1705143063,107
frontier01904,1705142916,1705143031,115
frontier01905,1705142956,1705143067,111
frontier01906,1705142917,1705143058,141
frontier01907,1705142648,1705142670,22
frontier01908,1705142822,1705142998,176
frontier01909,1705142605,1705142618,13
frontier01910,1705142844,1705143032,188
frontier01911,1705142755,1705142914,159
frontier01912,1705143068,1705143081,13
frontier01913,1705142664,1705142691,27
frontier01914,1705142621,1705142649,28
frontier01915,1705142916,1705143059,143
frontier01916,1705142750,1705142889,139
frontier01917,1705142915,1705143067,152
frontier01918,1705142916,1705143058,142
frontier01919,1705142847,1705143041,194
frontier01920,1705142779,1705142956,177
frontier01921,1705142750,1705142888,138
frontier01922,1705142917,1705143059,142
frontier01923,1705142840,1705143002,162
frontier01924,1705142860,1705143054,194
frontier01925,1705142974,1705143067,93
frontier01926,1705143092,1705143103,11
frontier01927,1705142650,1705142675,25
frontier01928,1705142916,1705143058,142
frontier01929,1705142829,1705143024,195
frontier01930,1705142914,1705143059,145
frontier01931,1705142883,1705143054,171
frontier01932,1705143100,1705143110,10
frontier01933,1705142840,1705143035,195
frontier01934,1705142852,1705143039,187
frontier01935,1705142917,1705143058,141
frontier01936,1705142623,1705142649,26
frontier01937,1705142971,1705143066,95
frontier01938,1705142828,1705143068,240
frontier01939,1705142750,1705142884,134
frontier01940,1705142843,1705143043,200
frontier01941,1705142916,1705143060,144
frontier01942,1705142916,1705143045,129
frontier01943,1705142846,1705143045,199
frontier01944,1705142888,1705143041,153
frontier01945,1705142917,1705143060,143
frontier01946,1705142648,1705142676,28
frontier01947,1705142966,1705143064,98
frontier01948,1705142765,1705142929,164
frontier01949,1705142601,1705142613,12
frontier01950,1705142691,1705142742,51
frontier01951,1705142848,1705143047,199
frontier01952,1705142822,1705143033,211
frontier01953,1705142985,1705143067,82
frontier01954,1705142846,1705143034,188
frontier01955,1705143131,1705143146,15
frontier01956,1705142888,1705143055,167
frontier01957,1705143126,1705143137,11
frontier01958,1705142992,1705143068,76
frontier01959,1705142648,1705142679,31
frontier01960,1705142704,1705142810,106
frontier01961,1705142648,1705142669,21
frontier01962,1705142978,1705143068,90
frontier01963,1705142957,1705143064,107
frontier01964,1705142750,1705142892,142
frontier01965,1705142711,1705142822,111
frontier01966,1705142884,1705143056,172
frontier01967,1705142840,1705143017,177
frontier01968,1705142711,1705142822,111
frontier01969,1705143139,1705143150,11
frontier01970,1705142992,1705143068,76
frontier01971,1705142914,1705143055,141
frontier01972,1705142966,1705143064,98
frontier01973,1705142804,1705142992,188
frontier01974,1705142844,1705143028,184
frontier01975,1705143129,1705143144,15
frontier01976,1705142621,1705142648,27
frontier01977,1705142629,1705142658,29
frontier01978,1705142985,1705143067,82
frontier01979,1705142913,1705143058,145
frontier01980,1705142916,1705143056,140
frontier01981,1705142914,1705143058,144
frontier01982,1705142822,1705143028,206
frontier01983,1705142675,1705142708,33
frontier01984,1705142985,1705143067,82
frontier01985,1705142914,1705143058,144
frontier01986,1705142956,1705143066,110
frontier01987,1705142711,1705142824,113
frontier01988,1705142966,1705143066,100
frontier01989,1705142678,1705142708,30
frontier01990,1705142848,1705143038,190
frontier01991,1705143125,1705143135,10
frontier01992,1705142975,1705143067,92
frontier01993,1705142705,1705142798,93
frontier01994,1705142917,1705143058,141
frontier01995,1705142840,1705143029,189
frontier01996,1705142918,1705143056,138
frontier01997,1705142916,1705143059,143
frontier01998,1705142975,1705143067,92
frontier01999,1705142681,1705142719,38
frontier02000,1705142648,1705142673,25
frontier02001,1705142916,1705143044,128
frontier02002,1705142744,1705142888,144
frontier02003,1705142693,1705142767,74
frontier02004,1705142691,1705142749,58
frontier02005,1705142840,1705143041,201
frontier02006,1705142956,1705143064,108
frontier02007,1705142916,1705143058,142
frontier02008,1705142892,1705143056,164
frontier02009,1705143131,1705143147,16
frontier02010,1705142977,1705143067,90
frontier02011,1705142957,1705143064,107
frontier02012,1705143015,1705143069,54
frontier02013,1705142629,1705142659,30
frontier02014,1705142916,1705143059,143
frontier02015,1705142650,1705142673,23
frontier02016,1705142650,1705142675,25
frontier02017,1705142780,1705142974,194
frontier02018,1705142612,1705142648,36
frontier02019,1705142840,1705143039,199
frontier02020,1705143133,1705143148,15
frontier02021,1705142923,1705143061,138
frontier02022,1705142844,1705143042,198
frontier02023,1705142987,1705143067,80
frontier02024,1705142846,1705143034,188
frontier02025,1705142954,1705143062,108
frontier02026,1705142803,1705142985,182
frontier02027,1705142975,1705143066,91
frontier02028,1705142956,1705143063,107
frontier02029,1705142822,1705143022,200
frontier02030,1705142916,1705143056,140
frontier02031,1705142648,1705142668,20
frontier02032,1705143122,1705143132,10
frontier02033,1705142812,1705143011,199
frontier02034,1705142957,1705143064,107
frontier02035,1705142989,1705143069,80
frontier02036,1705142954,1705143061,107
frontier02037,1705142985,1705143067,82
frontier02038,1705142781,1705142955,174
frontier02039,1705142682,1705142730,48
frontier02040,1705142673,1705142700,27
frontier02041,1705142975,1705143066,91
frontier02042,1705142914,1705143058,144
frontier02043,1705142822,1705143015,193
frontier02044,1705143108,1705143118,10
frontier02045,1705142966,1705143064,98
frontier02046,1705142820,1705142992,172
frontier02047,1705142913,1705143058,145
frontier02048,1705142916,1705143055,139
frontier02049,1705142711,1705142816,105
frontier02050,1705142924,1705143001,77
frontier02051,1705143108,1705143118,10
frontier02052,1705142822,1705143017,195
frontier02053,1705142884,1705143056,172
frontier02054,1705142916,1705143058,142
frontier02055,1705142796,1705142941,145
frontier02056,1705142822,1705143022,200
frontier02057,1705142917,1705143059,142
frontier02058,1705142971,1705143064,93
frontier02059,1705142702,1705142803,101
frontier02060,1705142956,1705143066,110
frontier02061,1705142916,1705143058,142
frontier02062,1705142917,1705143053,136
frontier02063,1705143138,1705143150,12
frontier02064,1705142840,1705143034,194
frontier02065,1705142844,1705143037,193
frontier02066,1705142988,1705143068,80
frontier02067,1705142955,1705143063,108
frontier02068,1705142916,1705143056,140
frontier02069,1705142844,1705143037,193
frontier02070,1705142725,1705142850,125
frontier02071,1705142916,1705143058,142
frontier02072,1705142849,1705143034,185
frontier02073,1705142916,1705143041,125
frontier02074,1705142846,1705143038,192
frontier02075,1705142841,1705143029,188
frontier02076,1705142966,1705143066,100
frontier02077,1705142914,1705143059,145
frontier02078,1705142977,1705143067,90
frontier02079,1705142643,1705142668,25
frontier02080,1705142611,1705142628,17
frontier02081,1705142850,1705143023,173
frontier02082,1705142840,1705143027,187
frontier02083,1705142619,1705142649,30
frontier02084,1705142859,1705143030,171
frontier02085,1705142956,1705143066,110
frontier02086,1705142822,1705142989,167
frontier02087,1705142821,1705142992,171
frontier02088,1705142822,1705143030,208
frontier02089,1705142916,1705143058,142
frontier02090,1705142667,1705142696,29
frontier02091,1705142821,1705143013,192
frontier02092,1705143076,1705143081,5
frontier02093,1705142680,1705142718,38
frontier02094,1705142918,1705143058,140
frontier02095,1705142820,1705143003,183
frontier02096,1705142661,1705142688,27
frontier02097,1705142918,1705143058,140
frontier02098,1705142916,1705143058,142
frontier02099,1705142667,1705142698,31
frontier02100,1705142681,1705142724,43
frontier02101,1705142659,1705142690,31
frontier02102,1705142883,1705143046,163
frontier02103,1705142803,1705142997,194
frontier02104,1705142840,1705143028,188
frontier02105,1705142844,1705143023,179
frontier02106,1705142892,1705143055,163
frontier02107,1705142750,1705142914,164
frontier02108,1705142881,1705143047,166
frontier02109,1705142796,1705143000,204
frontier02110,1705142780,1705142977,197
frontier02111,1705142847,1705143033,186
frontier02112,1705142804,1705143003,199
frontier02113,1705142917,1705143059,142
frontier02114,1705142836,1705143033,197
frontier02115,1705142844,1705143014,170
frontier02116,1705142860,1705143040,180
frontier02117,1705142954,1705143063,109
frontier02118,1705142642,1705142660,18
frontier02119,1705142915,1705143059,144
frontier02120,1705142822,1705142993,171
frontier02121,1705142669,1705142699,30
frontier02122,1705142957,1705143064,107
frontier02123,1705142660,1705142691,31
frontier02124,1705142883,1705143055,172
frontier02125,1705142956,1705143066,110
frontier02126,1705143088,1705143097,9
frontier02127,1705142682,1705142727,45
frontier02128,1705142847,1705143032,185
frontier02129,1705142685,1705142731,46
frontier02130,1705142985,1705143066,81
frontier02131,1705142975,1705143067,92
frontier02132,1705142609,1705142622,13
frontier02133,1705142956,1705143066,110
frontier02134,1705143123,1705143133,10
frontier02135,1705142658,1705142690,32
frontier02136,1705142766,1705142928,162
frontier02137,1705142915,1705143059,144
frontier02138,1705143130,1705143145,15
frontier02139,1705142917,1705143048,131
frontier02140,1705142796,1705142978,182
frontier02141,1705142841,1705143013,172
frontier02142,1705142823,1705143030,207
frontier02144,1705142916,1705143058,142
frontier02145,1705143086,1705143095,9
frontier02146,1705142916,1705143058,142
frontier02147,1705142975,1705143066,91
frontier02148,1705142956,1705143066,110
frontier02149,1705142918,1705143054,136
frontier02150,1705142916,1705143056,140
frontier02151,1705142918,1705143058,140
frontier02152,1705142673,1705142708,35
frontier02153,1705142975,1705143066,91
frontier02154,1705142918,1705143059,141
frontier02155,1705143136,1705143149,13
frontier02156,1705142823,1705143013,190
frontier02157,1705142750,1705142894,144
frontier02158,1705142682,1705142748,66
frontier02159,1705142830,1705143017,187
frontier02160,1705142956,1705143066,110
frontier02161,1705142975,1705143066,91
frontier02162,1705142695,1705142778,83
frontier02163,1705142780,1705142950,170
frontier02164,1705142917,1705143060,143
frontier02165,1705143102,1705143113,11
frontier02166,1705142916,1705143059,143
frontier02167,1705142916,1705143056,140
frontier02168,1705142804,1705143015,211
frontier02169,1705142916,1705143058,142
frontier02170,1705142680,1705142717,37
frontier02171,1705142688,1705142724,36
frontier02172,1705142751,1705142912,161
frontier02173,1705142825,1705143021,196
frontier02174,1705142854,1705143029,175
frontier02175,1705143113,1705143124,11
frontier02176,1705142914,1705143058,144
frontier02177,1705142837,1705143034,197
frontier02178,1705142914,1705143057,143
frontier02179,1705142692,1705142755,63
frontier02180,1705142709,1705142810,101
frontier02181,1705142849,1705143028,179
frontier02182,1705142848,1705143033,185
frontier02183,1705142798,1705142986,188
frontier02184,1705142916,1705143060,144
frontier02185,1705142850,1705143036,186
frontier02186,1705142810,1705142989,179
frontier02187,1705143126,1705143138,12
frontier02188,1705142843,1705143029,186
frontier02189,1705142620,1705142647,27
frontier02190,1705142822,1705143017,195
frontier02191,1705142966,1705143066,100
frontier02192,1705142956,1705143066,110
frontier02193,1705142804,1705143001,197
frontier02194,1705142977,1705143067,90
frontier02195,1705142975,1705143066,91
frontier02196,1705142704,1705142804,100
frontier02197,1705142916,1705143055,139
frontier02198,1705142837,1705143015,178
frontier02199,1705142918,1705143058,140
frontier02200,1705142916,1705143060,144
frontier02201,1705142876,1705143046,170
frontier02202,1705142916,1705143060,144
frontier02203,1705142916,1705143057,141
frontier02204,1705142916,1705143058,142
frontier02205,1705142650,1705142680,30
frontier02206,1705142840,1705143034,194
frontier02207,1705142847,1705143033,186
frontier02208,1705142711,1705142819,108
frontier02209,1705142667,1705142700,33
frontier02210,1705142897,1705143047,150
frontier02211,1705142852,1705143037,185
frontier02212,1705143136,1705143149,13
frontier02213,1705142917,1705143058,141
frontier02214,1705142916,1705143058,142
frontier02215,1705142915,1705143058,143
frontier02216,1705142840,1705143032,192
frontier02217,1705142718,1705142831,113
frontier02218,1705142823,1705143017,194
frontier02219,1705142956,1705143066,110
frontier02220,1705142975,1705143066,91
frontier02221,1705142847,1705143037,190
frontier02222,1705143110,1705143120,10
frontier02223,1705142840,1705143024,184
frontier02224,1705142751,1705142884,133
frontier02225,1705142840,1705143014,174
frontier02226,1705142825,1705143011,186
frontier02227,1705143023,1705143069,46
frontier02228,1705142915,1705143058,143
frontier02229,1705142677,1705142713,36
frontier02230,1705142917,1705143058,141
frontier02231,1705142915,1705143049,134
frontier02232,1705142668,1705142698,30
frontier02233,1705142916,1705143059,143
frontier02234,1705143122,1705143131,9
frontier02235,1705142915,1705143058,143
frontier02236,1705142888,1705143057,169
frontier02237,1705142711,1705142826,115
frontier02238,1705142713,1705142813,100
frontier02239,1705142916,1705143058,142
frontier02240,1705143132,1705143147,15
frontier02241,1705142823,1705143003,180
frontier02242,1705142968,1705143063,95
frontier02243,1705142848,1705143046,198
frontier02244,1705142650,1705142678,28
frontier02245,1705142916,1705143060,144
frontier02246,1705142667,1705142695,28
frontier02247,1705142851,1705143035,184
frontier02248,1705142923,1705143060,137
frontier02249,1705142987,1705143067,80
frontier02250,1705142719,1705143021,302
frontier02251,1705142914,1705143057,143
frontier02252,1705143130,1705143146,16
frontier02253,1705142829,1705143019,190
frontier02254,1705142916,1705143058,142
frontier02255,1705142822,1705142989,167
frontier02256,1705142917,1705143058,141
frontier02257,1705142914,1705143057,143
frontier02258,1705143144,1705143150,6
frontier02259,1705142916,1705143058,142
frontier02260,1705142822,1705143022,200
frontier02261,1705142985,1705143067,82
frontier02262,1705142915,1705143059,144
frontier02263,1705142843,1705143044,201
frontier02264,1705143128,1705143143,15
frontier02265,1705142624,1705142650,26
frontier02266,1705142750,1705142911,161
frontier02267,1705142840,1705143043,203
frontier02268,1705142916,1705143059,143
frontier02269,1705142991,1705143068,77
frontier02270,1705142916,1705143057,141
frontier02271,1705142680,1705142716,36
frontier02272,1705142718,1705142829,111
frontier02273,1705142892,1705143058,166
frontier02274,1705142796,1705142989,193
frontier02275,1705142840,1705143019,179
frontier02276,1705142625,1705142645,20
frontier02277,1705142884,1705143058,174
frontier02278,1705142966,1705143064,98
frontier02279,1705142757,1705142921,164
frontier02280,1705142750,1705142892,142
frontier02281,1705142840,1705143038,198
frontier02282,1705142916,1705143059,143
frontier02283,1705142665,1705142697,32
frontier02284,1705142822,1705143009,187
frontier02285,1705142966,1705143064,98
frontier02286,1705142648,1705142669,21
frontier02287,1705143120,1705143130,10
frontier02288,1705142916,1705143055,139
frontier02289,1705142843,1705143023,180
frontier02290,1705142860,1705143042,182
frontier02291,1705142604,1705142615,11
frontier02292,1705142711,1705142823,112
frontier02293,1705142750,1705142884,134
frontier02294,1705142902,1705143008,106
frontier02295,1705143084,1705143102,18
frontier02296,1705142837,1705143024,187
frontier02297,1705142884,1705143058,174
frontier02298,1705142917,1705143058,141
frontier02299,1705142796,1705142956,160
frontier02300,1705142913,1705143059,146
frontier02301,1705142644,1705142668,24
frontier02302,1705142956,1705143066,110
frontier02303,1705142823,1705143028,205
frontier02304,1705142621,1705142648,27
frontier02305,1705143120,1705143129,9
frontier02306,1705142609,1705142628,19
frontier02307,1705142621,1705142648,27
frontier02308,1705142911,1705143039,128
frontier02309,1705142750,1705142912,162
frontier02310,1705142840,1705143030,190
frontier02311,1705142840,1705143031,191
frontier02312,1705142860,1705143049,189
frontier02313,1705142850,1705143038,188
frontier02314,1705142825,1705143016,191
frontier02315,1705142608,1705142622,14
frontier02316,1705142916,1705143059,143
frontier02317,1705142674,1705142781,107
frontier02318,1705142759,1705142885,126
frontier02319,1705142690,1705142741,51
frontier02320,1705142666,1705142700,34
frontier02321,1705142771,1705142971,200
frontier02322,1705142823,1705143008,185
frontier02323,1705142840,1705142997,157
frontier02324,1705142780,1705142967,187
frontier02325,1705142840,1705143014,174
frontier02326,1705142841,1705143036,195
frontier02327,1705142823,1705143008,185
frontier02328,1705142915,1705143059,144
frontier02331,1705142987,1705143067,80
frontier02332,1705142956,1705143066,110
frontier02333,1705142650,1705142675,25
frontier02334,1705142876,1705143042,166
frontier02335,1705142751,1705142902,151
frontier02336,1705142846,1705143036,190
frontier02337,1705142621,1705142648,27
frontier02338,1705143138,1705143150,12
frontier02339,1705142714,1705142824,110
frontier02340,1705142884,1705143058,174
frontier02341,1705142918,1705143059,141
frontier02342,1705142822,1705143009,187
frontier02343,1705142916,1705143058,142
frontier02344,1705143132,1705143148,16
frontier02345,1705142957,1705143064,107
frontier02346,1705142913,1705143055,142
frontier02347,1705142804,1705143016,212
frontier02348,1705142668,1705142700,32
frontier02349,1705142988,1705143067,79
frontier02350,1705143113,1705143123,10
frontier02351,1705142914,1705143055,141
frontier02352,1705143109,1705143119,10
frontier02353,1705142988,1705143067,79
frontier02354,1705142917,1705143058,141
frontier02355,1705142883,1705143055,172
frontier02356,1705142916,1705143058,142
frontier02357,1705142975,1705143068,93
frontier02358,1705143120,1705143129,9
frontier02359,1705142968,1705143066,98
frontier02360,1705142682,1705142725,43
frontier02361,1705142916,1705143058,142
frontier02362,1705142822,1705143009,187
frontier02363,1705142848,1705143042,194
frontier02364,1705143067,1705143082,15
frontier02365,1705142888,1705143058,170
frontier02366,1705142916,1705143053,137
frontier02367,1705142913,1705143055,142
frontier02368,1705142659,1705142692,33
frontier02369,1705142918,1705143059,141
frontier02370,1705142852,1705143049,197
frontier02371,1705142916,1705143058,142
frontier02372,1705142643,1705142666,23
frontier02373,1705142840,1705143040,200
frontier02374,1705142957,1705143063,106
frontier02375,1705142750,1705142884,134
frontier02376,1705142985,1705143067,82
frontier02377,1705142846,1705143039,193
frontier02378,1705142846,1705143031,185
frontier02379,1705142863,1705143039,176
frontier02380,1705143146,1705143150,4
frontier02381,1705142989,1705143068,79
frontier02382,1705142822,1705143011,189
frontier02383,1705142697,1705142780,83
frontier02384,1705142822,1705142978,156
frontier02385,1705142629,1705142659,30
frontier02386,1705142654,1705142722,68
frontier02387,1705142914,1705143058,144
frontier02388,1705142884,1705143048,164
frontier02389,1705142916,1705143047,131
frontier02390,1705142966,1705143066,100
frontier02391,1705142916,1705143058,142
frontier02392,1705143126,1705143149,23
frontier02393,1705142916,1705143058,142
frontier02394,1705142840,1705142996,156
frontier02395,1705142822,1705142981,159
frontier02396,1705142916,1705143059,143
frontier02397,1705142714,1705142828,114
frontier02398,1705142822,1705143014,192
frontier02399,1705142974,1705143067,93
frontier02400,1705142991,1705143068,77
frontier02401,1705142918,1705143048,130
frontier02402,1705142918,1705143056,138
frontier02403,1705142914,1705143056,142
frontier02404,1705142840,1705143035,195
frontier02405,1705143147,1705143150,3
frontier02406,1705142822,1705143016,194
frontier02407,1705142820,1705142993,173
frontier02408,1705142916,1705143049,133
frontier02409,1705143118,1705143128,10
frontier02410,1705142884,1705143047,163
frontier02411,1705142711,1705142813,102
frontier02412,1705143016,1705143069,53
frontier02413,1705142849,1705143042,193
frontier02414,1705142843,1705143032,189
frontier02415,1705142918,1705143058,140
frontier02416,1705142617,1705142630,13
frontier02417,1705142857,1705143043,186
frontier02418,1705142670,1705142700,30
frontier02419,1705142916,1705143058,142
frontier02420,1705142710,1705142820,110
frontier02421,1705142966,1705143063,97
frontier02422,1705143012,1705143069,57
frontier02423,1705142914,1705143058,144
frontier02424,1705142956,1705143066,110
frontier02425,1705142829,1705143007,178
frontier02426,1705142676,1705142709,33
frontier02427,1705143084,1705143095,11
frontier02428,1705142840,1705143029,189
frontier02429,1705142823,1705143030,207
frontier02430,1705142957,1705143064,107
frontier02431,1705142991,1705143068,77
frontier02432,1705142824,1705143026,202
frontier02433,1705142648,1705142670,22
frontier02434,1705142860,1705143043,183
frontier02435,1705142844,1705143020,176
frontier02436,1705142916,1705143058,142
frontier02437,1705142852,1705143038,186
frontier02438,1705142914,1705143067,153
frontier02439,1705142840,1705143031,191
frontier02440,1705142682,1705142730,48
frontier02441,1705142888,1705143055,167
frontier02442,1705142829,1705143037,208
frontier02443,1705142966,1705143064,98
frontier02444,1705142916,1705143037,121
frontier02445,1705142847,1705143032,185
frontier02446,1705142916,1705143058,142
frontier02447,1705142916,1705143058,142
frontier02448,1705142822,1705142993,171
frontier02449,1705143080,1705143083,3
frontier02450,1705142863,1705143046,183
frontier02451,1705142843,1705143042,199
frontier02452,1705142985,1705143067,82
frontier02453,1705142884,1705143058,174
frontier02454,1705142971,1705143064,93
frontier02455,1705142846,1705143026,180
frontier02456,1705142916,1705143059,143
frontier02457,1705142664,1705142692,28
frontier02458,1705142846,1705143039,193
frontier02459,1705142864,1705143034,170
frontier02460,1705142822,1705143017,195
frontier02461,1705142916,1705143055,139
frontier02462,1705142623,1705142658,35
frontier02463,1705142681,1705142725,44
frontier02464,1705142632,1705142661,29
frontier02465,1705142668,1705142700,32
frontier02466,1705142648,1705142674,26
frontier02467,1705142750,1705142884,134
frontier02468,1705142884,1705143036,152
frontier02469,1705142860,1705143044,184
frontier02470,1705142848,1705143019,171
frontier02471,1705142914,1705143059,145
frontier02472,1705142669,1705142704,35
frontier02473,1705142675,1705142704,29
frontier02474,1705142821,1705143007,186
frontier02475,1705142681,1705142730,49
frontier02476,1705143111,1705143122,11
frontier02477,1705142803,1705142987,184
frontier02478,1705142917,1705143058,141
frontier02479,1705142975,1705143066,91
frontier02480,1705142918,1705143058,140
frontier02481,1705142916,1705143058,142
frontier02482,1705143138,1705143150,12
frontier02483,1705142916,1705143056,140
frontier02484,1705142679,1705142717,38
frontier02485,1705142821,1705143015,194
frontier02486,1705142673,1705142701,28
frontier02487,1705142830,1705143023,193
frontier02488,1705142796,1705142981,185
frontier02489,1705142916,1705143060,144
frontier02490,1705142655,1705142682,27
frontier02491,1705142823,1705143022,199
frontier02492,1705142916,1705143058,142
frontier02493,1705142916,1705143059,143
frontier02494,1705142692,1705142760,68
frontier02495,1705142666,1705142697,31
frontier02496,1705142854,1705143049,195
frontier02497,1705142780,1705142956,176
frontier02498,1705142918,1705143055,137
frontier02499,1705142840,1705143026,186
frontier02500,1705142840,1705143032,192
frontier02501,1705142916,1705143058,142
frontier02502,1705142753,1705142913,160
frontier02503,1705142916,1705143059,143
frontier02504,1705142915,1705143070,155
frontier02505,1705142600,1705142609,9
frontier02506,1705142648,1705142670,22
frontier02507,1705142956,1705143066,110
frontier02508,1705142916,1705143058,142
frontier02509,1705142699,1705142792,93
frontier02510,1705142916,1705143056,140
frontier02511,1705142829,1705143023,194
frontier02512,1705143125,1705143135,10
frontier02513,1705142750,1705142919,169
frontier02514,1705142916,1705143058,142
frontier02515,1705142916,1705143059,143
frontier02516,1705142840,1705143029,189
frontier02517,1705142915,1705143058,143
frontier02518,1705142889,1705143045,156
frontier02519,1705142651,1705142679,28
frontier02520,1705142648,1705142669,21
frontier02521,1705142742,1705142875,133
frontier02522,1705143132,1705143147,15
frontier02523,1705142917,1705143047,130
frontier02524,1705143134,1705143149,15
frontier02525,1705142760,1705142919,159
frontier02526,1705142664,1705142694,30
frontier02527,1705142916,1705143059,143
frontier02528,1705142918,1705143056,138
frontier02529,1705143117,1705143127,10
frontier02530,1705142916,1705143059,143
frontier02531,1705142975,1705143066,91
frontier02532,1705142915,1705143058,143
frontier02533,1705142689,1705142750,61
frontier02534,1705142917,1705143060,143
frontier02535,1705143107,1705143118,11
frontier02536,1705142956,1705143067,111
frontier02537,1705142750,1705142883,133
frontier02538,1705142822,1705143028,206
frontier02539,1705142844,1705143036,192
frontier02540,1705142840,1705143038,198
frontier02541,1705142860,1705143036,176
frontier02542,1705142975,1705143067,92
frontier02543,1705142676,1705142704,28
frontier02544,1705142916,1705143057,141
frontier02545,1705142850,1705143038,188
frontier02546,1705142829,1705143009,180
frontier02547,1705142663,1705142692,29
frontier02548,1705142848,1705143017,169
frontier02549,1705142916,1705143058,142
frontier02550,1705142804,1705142990,186
frontier02551,1705142916,1705143057,141
frontier02552,1705142752,1705142885,133
frontier02553,1705142837,1705143023,186
frontier02554,1705142821,1705142998,177
frontier02555,1705142779,1705142929,150
frontier02556,1705143015,1705143069,54
frontier02557,1705142822,1705143013,191
frontier02558,1705142915,1705143059,144
frontier02559,1705142916,1705143060,144
frontier02560,1705143128,1705143147,19
frontier02561,1705142916,1705143055,139
frontier02562,1705142916,1705143058,142
frontier02563,1705142957,1705143067,110
frontier02564,1705142673,1705142708,35
frontier02565,1705142843,1705143014,171
frontier02566,1705143132,1705143147,15
frontier02567,1705142620,1705142647,27
frontier02568,1705142822,1705143009,187
frontier02569,1705142804,1705143016,212
frontier02570,1705142917,1705143054,137
frontier02571,1705142678,1705142706,28
frontier02572,1705142856,1705143046,190
frontier02573,1705142917,1705143056,139
frontier02574,1705142957,1705143063,106
frontier02575,1705142916,1705143059,143
frontier02576,1705142917,1705143058,141
frontier02577,1705142917,1705143058,141
frontier02578,1705142857,1705143053,196
frontier02579,1705142844,1705143027,183
frontier02580,1705142843,1705143044,201
frontier02581,1705142916,1705143058,142
frontier02582,1705142705,1705142798,93
frontier02583,1705142916,1705143062,146
frontier02584,1705142916,1705143049,133
frontier02585,1705142890,1705143057,167
frontier02586,1705142811,1705142997,186
frontier02587,1705142916,1705143056,140
frontier02588,1705142691,1705142751,60
frontier02589,1705142916,1705143057,141
frontier02590,1705142914,1705143059,145
frontier02591,1705142916,1705143058,142
frontier02592,1705142682,1705142729,47
frontier02593,1705142916,1705143056,140
frontier02594,1705142844,1705143038,194
frontier02595,1705143102,1705143112,10
frontier02596,1705142966,1705143064,98
frontier02597,1705142843,1705143043,200
frontier02598,1705142975,1705143067,92
frontier02599,1705142801,1705142990,189
frontier02600,1705142828,1705143012,184
frontier02601,1705142825,1705143018,193
frontier02602,1705142840,1705143011,171
frontier02603,1705142825,1705143009,184
frontier02604,1705142829,1705142994,165
frontier02605,1705142916,1705143058,142
frontier02606,1705142914,1705143058,144
frontier02607,1705142674,1705142775,101
frontier02608,1705142916,1705143060,144
frontier02609,1705143129,1705143144,15
frontier02610,1705142804,1705143003,199
frontier02611,1705142987,1705143067,80
frontier02612,1705142918,1705143058,140
frontier02613,1705142916,1705143058,142
frontier02614,1705142837,1705143027,190
frontier02615,1705142916,1705143058,142
frontier02616,1705142655,1705142683,28
frontier02617,1705142916,1705143058,142
frontier02618,1705142957,1705143064,107
frontier02621,1705143131,1705143147,16
frontier02622,1705142770,1705142971,201
frontier02623,1705142916,1705143055,139
frontier02624,1705142916,1705143058,142
frontier02625,1705143129,1705143144,15
frontier02626,1705142991,1705143068,77
frontier02627,1705142694,1705142758,64
frontier02628,1705142843,1705143017,174
frontier02629,1705142649,1705142675,26
frontier02630,1705142966,1705143064,98
frontier02631,1705142644,1705142667,23
frontier02632,1705142956,1705143067,111
frontier02633,1705142825,1705143003,178
frontier02634,1705142853,1705143035,182
frontier02635,1705143132,1705143147,15
frontier02636,1705142823,1705143030,207
frontier02637,1705143127,1705143150,23
frontier02638,1705142848,1705143042,194
frontier02639,1705142923,1705143060,137
frontier02640,1705142914,1705143058,144
frontier02641,1705142840,1705143032,192
frontier02642,1705142844,1705143015,171
frontier02643,1705143099,1705143110,11
frontier02644,1705142706,1705142811,105
frontier02645,1705143128,1705143143,15
frontier02646,1705142889,1705143067,178
frontier02647,1705142702,1705142801,99
frontier02648,1705142956,1705143063,107
frontier02649,1705142829,1705143030,201
frontier02650,1705142850,1705143024,174
frontier02651,1705142840,1705143035,195
frontier02652,1705142955,1705143063,108
frontier02653,1705142750,1705142883,133
frontier02654,1705142682,1705142729,47
frontier02655,1705143078,1705143082,4
frontier02656,1705142966,1705143066,100
frontier02657,1705142655,1705142680,25
frontier02658,1705142750,1705142890,140
frontier02659,1705142840,1705143017,177
frontier02660,1705142826,1705143023,197
frontier02661,1705142917,1705143060,143
frontier02662,1705142916,1705143058,142
frontier02663,1705142668,1705142702,34
frontier02664,1705142820,1705143003,183
frontier02665,1705142753,1705142884,131
frontier02666,1705142955,1705143063,108
frontier02667,1705142893,1705143055,162
frontier02668,1705142744,1705142876,132
frontier02669,1705142916,1705143058,142
frontier02670,1705143136,1705143149,13
frontier02671,1705142713,1705142828,115
frontier02672,1705142637,1705142666,29
frontier02673,1705142893,1705143045,152
frontier02674,1705142837,1705143018,181
frontier02675,1705142620,1705142648,28
frontier02676,1705142710,1705142819,109
frontier02677,1705142892,1705143058,166
frontier02678,1705142883,1705143055,172
frontier02679,1705142848,1705143019,171
frontier02680,1705142704,1705142800,96
frontier02681,1705142955,1705143066,111
frontier02682,1705142803,1705142990,187
frontier02683,1705142884,1705143055,171
frontier02684,1705142840,1705143031,191
frontier02685,1705142667,1705142701,34
frontier02686,1705142643,1705142663,20
frontier02687,1705142844,1705143030,186
frontier02688,1705142822,1705142990,168
frontier02689,1705142691,1705142755,64
frontier02690,1705142916,1705143050,134
frontier02691,1705142823,1705143002,179
frontier02692,1705142840,1705143000,160
frontier02693,1705142663,1705142692,29
frontier02694,1705142844,1705143029,185
frontier02695,1705142632,1705142654,22
frontier02696,1705142914,1705143068,154
frontier02697,1705142659,1705142692,33
frontier02698,1705142920,1705143061,141
frontier02699,1705142956,1705143066,110
frontier02700,1705142988,1705143067,79
frontier02701,1705142916,1705143054,138
frontier02702,1705142916,1705143059,143
frontier02703,1705142916,1705143058,142
frontier02704,1705143100,1705143112,12
frontier02705,1705142847,1705143043,196
frontier02706,1705142916,1705143057,141
frontier02707,1705142751,1705142884,133
frontier02708,1705142918,1705143060,142
frontier02709,1705142678,1705142719,41
frontier02710,1705142840,1705143032,192
frontier02711,1705142829,1705143032,203
frontier02712,1705142966,1705143064,98
frontier02713,1705142916,1705143058,142
frontier02714,1705142750,1705142890,140
frontier02715,1705142797,1705143006,209
frontier02716,1705142726,1705142847,121
frontier02717,1705143012,1705143069,57
frontier02718,1705142916,1705143058,142
frontier02719,1705142844,1705143032,188
frontier02720,1705142840,1705143041,201
frontier02723,1705142840,1705143023,183
frontier02724,1705142840,1705143038,198
frontier02725,1705142667,1705142698,31
frontier02726,1705143002,1705143069,67
frontier02727,1705143110,1705143120,10
frontier02728,1705142966,1705143064,98
frontier02729,1705142916,1705143057,141
frontier02730,1705142970,1705143064,94
frontier02731,1705143123,1705143133,10
frontier02732,1705142709,1705142802,93
frontier02733,1705142917,1705143058,141
frontier02734,1705142913,1705143058,145
frontier02735,1705142824,1705143024,200
frontier02736,1705142822,1705143027,205
frontier02737,1705142916,1705143058,142
frontier02738,1705142840,1705143017,177
frontier02739,1705142916,1705143058,142
frontier02740,1705142711,1705142822,111
frontier02741,1705142822,1705143019,197
frontier02742,1705142791,1705142974,183
frontier02743,1705142916,1705143058,142
frontier02744,1705142823,1705143014,191
frontier02745,1705142884,1705143058,174
frontier02746,1705142957,1705143067,110
frontier02747,1705142985,1705143067,82
frontier02748,1705142966,1705143066,100
frontier02749,1705142851,1705143026,175
frontier02750,1705142914,1705143057,143
frontier02751,1705142956,1705143063,107
frontier02752,1705142916,1705143056,140
frontier02753,1705142660,1705142691,31
frontier02754,1705142839,1705143040,201
frontier02755,1705142914,1705143057,143
frontier02756,1705142840,1705143030,190
frontier02757,1705142914,1705143058,144
frontier02758,1705142913,1705143058,145
frontier02759,1705142823,1705143015,192
frontier02760,1705142966,1705143064,98
frontier02761,1705142771,1705142971,200
frontier02762,1705142825,1705143028,203
frontier02763,1705142771,1705142921,150
frontier02764,1705142916,1705143058,142
frontier02765,1705142990,1705143068,78
frontier02766,1705142855,1705143031,176
frontier02767,1705142805,1705142993,188
frontier02768,1705142916,1705143059,143
frontier02769,1705142825,1705143028,203
frontier02770,1705142916,1705143060,144
frontier02771,1705142966,1705143064,98
frontier02772,1705142823,1705143013,190
frontier02773,1705142914,1705143058,144
frontier02774,1705142985,1705143067,82
frontier02775,1705142830,1705143013,183
frontier02776,1705142978,1705143068,90
frontier02777,1705142990,1705143067,77
frontier02778,1705142914,1705143058,144
frontier02779,1705142812,1705143009,197
frontier02780,1705142619,1705142645,26
frontier02781,1705142917,1705143059,142
frontier02782,1705142916,1705143058,142
frontier02783,1705142977,1705143066,89
frontier02784,1705143135,1705143149,14
frontier02785,1705142859,1705143036,177
frontier02786,1705142915,1705143057,142
frontier02787,1705143014,1705143069,55
frontier02788,1705142648,1705142670,22
frontier02789,1705142822,1705143003,181
frontier02790,1705142916,1705143046,130
frontier02791,1705142966,1705143064,98
frontier02792,1705142823,1705143018,195
frontier02793,1705142643,1705142664,21
frontier02794,1705142977,1705143066,89
frontier02795,1705142892,1705143059,167
frontier02796,1705142916,1705143059,143
frontier02797,1705142696,1705142779,83
frontier02798,1705142789,1705142971,182
frontier02799,1705142822,1705143008,186
frontier02800,1705142812,1705143015,203
frontier02801,1705142966,1705143066,100
frontier02802,1705143102,1705143112,10
frontier02803,1705142850,1705143034,184
frontier02804,1705143129,1705143144,15
frontier02805,1705142844,1705143019,175
frontier02806,1705142916,1705143058,142
frontier02807,1705142766,1705142922,156
frontier02808,1705142846,1705143027,181
frontier02809,1705142954,1705143062,108
frontier02810,1705142619,1705142642,23
frontier02811,1705142694,1705142756,62
frontier02812,1705142690,1705142752,62
frontier02813,1705142916,1705143057,141
frontier02814,1705142840,1705143036,196
frontier02815,1705142850,1705143029,179
frontier02816,1705142916,1705143046,130
frontier02817,1705142916,1705143061,145
frontier02818,1705142840,1705143037,197
frontier02819,1705142916,1705143058,142
frontier02820,1705142916,1705143058,142
frontier02821,1705142917,1705143049,132
frontier02822,1705142840,1705143027,187
frontier02823,1705142674,1705142701,27
frontier02824,1705143119,1705143129,10
frontier02825,1705142840,1705143022,182
frontier02826,1705142754,1705142914,160
frontier02827,1705142844,1705143030,186
frontier02828,1705142659,1705142692,33
frontier02829,1705142956,1705143066,110
frontier02830,1705143099,1705143110,11
frontier02831,1705142975,1705143066,91
frontier02832,1705143141,1705143150,9
frontier02833,1705142820,1705142989,169
frontier02834,1705142915,1705143055,140
frontier02835,1705142888,1705143066,178
frontier02836,1705142822,1705143009,187
frontier02837,1705142955,1705143067,112
frontier02839,1705142904,1705143057,153
frontier02840,1705142823,1705143007,184
frontier02841,1705142689,1705142744,55
frontier02842,1705143095,1705143107,12
frontier02843,1705142648,1705142669,21
frontier02844,1705142823,1705143029,206
frontier02847,1705142993,1705143068,75
frontier02848,1705142917,1705143056,139
frontier02849,1705142752,1705142912,160
frontier02850,1705142966,1705143066,100
frontier02851,1705142750,1705142878,128
frontier02852,1705142914,1705143059,145
frontier02853,1705142856,1705143033,177
frontier02854,1705142888,1705143056,168
frontier02855,1705142844,1705143039,195
frontier02856,1705142916,1705143060,144
frontier02857,1705142916,1705143058,142
frontier02858,1705142915,1705143059,144
frontier02859,1705142750,1705142892,142
frontier02860,1705142988,1705143068,80
frontier02861,1705142829,1705143069,240
frontier02863,1705142840,1705143028,188
frontier02864,1705142956,1705143066,110
frontier02865,1705142916,1705143059,143
frontier02866,1705142678,1705142708,30
frontier02867,1705143138,1705143149,11
frontier02868,1705142837,1705143036,199
frontier02869,1705143129,1705143143,14
frontier02870,1705142883,1705143055,172
frontier02871,1705142744,1705142876,132
frontier02872,1705142957,1705143064,107
frontier02873,1705142914,1705143069,155
frontier02874,1705142667,1705142701,34
frontier02875,1705142602,1705142611,9
frontier02876,1705142917,1705143058,141
frontier02877,1705142620,1705142648,28
frontier02878,1705142750,1705142890,140
frontier02879,1705143118,1705143128,10
frontier02880,1705142966,1705143067,101
frontier02881,1705142843,1705143034,191
frontier02882,1705142966,1705143066,100
frontier02883,1705142719,1705142838,119
frontier02885,1705142829,1705143069,240
frontier02886,1705142956,1705143066,110
frontier02887,1705142704,1705142803,99
frontier02888,1705142796,1705143011,215
frontier02889,1705142914,1705143058,144
frontier02890,1705142916,1705143049,133
frontier02891,1705142660,1705142690,30
frontier02892,1705142997,1705143069,72
frontier02893,1705142847,1705143033,186
frontier02894,1705142916,1705143057,141
frontier02895,1705143098,1705143109,11
frontier02896,1705142914,1705143055,141
frontier02897,1705143136,1705143149,13
frontier02898,1705142848,1705143038,190
frontier02899,1705142955,1705143064,109
frontier02900,1705142765,1705142952,187
frontier02901,1705142720,1705142840,120
frontier02902,1705142702,1705142797,95
frontier02903,1705142841,1705143028,187
frontier02904,1705143003,1705143069,66
frontier02905,1705142825,1705143021,196
frontier02906,1705142914,1705143058,144
frontier02907,1705142975,1705143066,91
frontier02908,1705142916,1705143058,142
frontier02909,1705142822,1705143068,246
frontier02910,1705142840,1705143022,182
frontier02911,1705142659,1705142691,32
frontier02912,1705142917,1705143058,141
frontier02913,1705142914,1705143058,144
frontier02914,1705142648,1705142669,21
frontier02915,1705142915,1705143058,143
frontier02916,1705142918,1705143057,139
frontier02917,1705142916,1705143060,144
frontier02918,1705142916,1705143057,141
frontier02919,1705142966,1705143066,100
frontier02920,1705142955,1705143063,108
frontier02921,1705142840,1705143007,167
frontier02922,1705142966,1705143064,98
frontier02923,1705142955,1705143063,108
frontier02924,1705142914,1705143059,145
frontier02925,1705142883,1705143056,173
frontier02926,1705142840,1705143023,183
frontier02927,1705142957,1705143064,107
frontier02928,1705142917,1705143058,141
frontier02929,1705143015,1705143070,55
frontier02930,1705142846,1705143046,200
frontier02931,1705142916,1705143058,142
frontier02932,1705142781,1705142953,172
frontier02933,1705142884,1705143055,171
frontier02934,1705142985,1705143067,82
frontier02935,1705142916,1705143058,142
frontier02936,1705142977,1705143066,89
frontier02937,1705142916,1705143058,142
frontier02938,1705142829,1705143030,201
frontier02939,1705142823,1705143031,208
frontier02940,1705142916,1705143058,142
frontier02941,1705142824,1705143022,198
frontier02942,1705142840,1705143032,192
frontier02943,1705142954,1705143066,112
frontier02944,1705142916,1705143054,138
frontier02945,1705142990,1705143068,78
frontier02946,1705142673,1705142701,28
frontier02947,1705142956,1705143067,111
frontier02948,1705142840,1705143023,183
frontier02949,1705142988,1705143067,79
frontier02950,1705142840,1705143033,193
frontier02951,1705142804,1705143003,199
frontier02952,1705142700,1705142791,91
frontier02953,1705142821,1705143018,197
frontier02954,1705142876,1705143056,180
frontier02955,1705142840,1705142913,73
frontier02956,1705142914,1705143057,143
frontier02957,1705142917,1705143058,141
frontier02958,1705142991,1705143068,77
frontier02959,1705142966,1705143067,101
frontier02960,1705142658,1705142689,31
frontier02961,1705142918,1705143059,141
frontier02962,1705142916,1705143059,143
frontier02963,1705142822,1705143016,194
frontier02964,1705143143,1705143150,7
frontier02965,1705142843,1705143029,186
frontier02966,1705142840,1705143013,173
frontier02967,1705142956,1705143067,111
frontier02968,1705143137,1705143149,12
frontier02969,1705142966,1705143066,100
frontier02970,1705142800,1705143007,207
frontier02971,1705142956,1705143067,111
frontier02972,1705142644,1705142668,24
frontier02973,1705142802,1705142989,187
frontier02974,1705142653,1705142717,64
frontier02975,1705142966,1705143066,100
frontier02976,1705142915,1705143061,146
frontier02977,1705142643,1705142666,23
frontier02978,1705142653,1705142676,23
frontier02979,1705142915,1705143058,143
frontier02980,1705142648,1705142673,25
frontier02981,1705143142,1705143150,8
frontier02982,1705142977,1705143067,90
frontier02983,1705142850,1705142913,63
frontier02984,1705142975,1705143067,92
frontier02985,1705142917,1705143048,131
frontier02986,1705142824,1705143010,186
frontier02987,1705142916,1705143052,136
frontier02988,1705142914,1705143057,143
frontier02989,1705142893,1705143058,165
frontier02990,1705142697,1705142779,82
frontier02991,1705142854,1705143037,183
frontier02992,1705142711,1705142820,109
frontier02993,1705142918,1705143058,140
frontier02994,1705142916,1705143061,145
frontier02996,1705142843,1705143037,194
frontier02997,1705142771,1705142956,185
frontier02998,1705142699,1705142790,91
frontier02999,1705142844,1705143044,200
frontier03000,1705142956,1705143067,111
frontier03001,1705142682,1705142725,43
frontier03002,1705142821,1705143026,205
frontier03003,1705142916,1705143041,125
frontier03004,1705142985,1705143068,83
frontier03005,1705142915,1705143059,144
frontier03006,1705142985,1705143067,82
frontier03007,1705142915,1705143054,139
frontier03008,1705142916,1705143060,144
frontier03009,1705142955,1705143063,108
frontier03010,1705142796,1705143009,213
frontier03011,1705142812,1705142990,178
frontier03012,1705142750,1705142893,143
frontier03013,1705142822,1705143014,192
frontier03014,1705142679,1705142714,35
frontier03015,1705142840,1705143026,186
frontier03016,1705142859,1705143044,185
frontier03017,1705142917,1705143056,139
frontier03018,1705142822,1705143009,187
frontier03019,1705142840,1705143035,195
frontier03020,1705142620,1705142645,25
frontier03021,1705142837,1705143036,199
frontier03022,1705142966,1705143067,101
frontier03023,1705142757,1705142920,163
frontier03024,1705142914,1705143059,145
frontier03025,1705142811,1705142993,182
frontier03026,1705142913,1705143058,145
frontier03027,1705142917,1705143046,129
frontier03028,1705142916,1705143058,142
frontier03029,1705142902,1705142902,0
frontier03030,1705142956,1705143066,110
frontier03031,1705142690,1705142737,47
frontier03032,1705142839,1705143003,164
frontier03033,1705143128,1705143142,14
frontier03034,1705142916,1705143058,142
frontier03035,1705142916,1705143056,140
frontier03036,1705142826,1705143019,193
frontier03037,1705142843,1705143031,188
frontier03038,1705142697,1705142781,84
frontier03039,1705142664,1705142694,30
frontier03040,1705142643,1705142666,23
frontier03041,1705142916,1705143059,143
frontier03042,1705142648,1705142673,25
frontier03043,1705142914,1705143058,144
frontier03044,1705142917,1705143055,138
frontier03045,1705142840,1705143023,183
frontier03046,1705142916,1705143055,139
frontier03047,1705142840,1705143043,203
frontier03048,1705142915,1705143059,144
frontier03049,1705142918,1705143059,141
frontier03050,1705142915,1705143059,144
frontier03051,1705142966,1705143064,98
frontier03052,1705142888,1705143042,154
frontier03053,1705142917,1705143057,140
frontier03054,1705142914,1705143058,144
frontier03055,1705142822,1705143019,197
frontier03056,1705143133,1705143148,15
frontier03057,1705142751,1705142893,142
frontier03058,1705142724,1705142848,124
frontier03059,1705142915,1705143062,147
frontier03060,1705142916,1705143058,142
frontier03061,1705142975,1705143068,93
frontier03062,1705142840,1705143029,189
frontier03063,1705142840,1705143009,169
frontier03064,1705142917,1705143058,141
frontier03065,1705143023,1705143070,47
frontier03066,1705143110,1705143120,10
frontier03067,1705142966,1705143067,101
frontier03068,1705142844,1705143036,192
frontier03069,1705142916,1705143056,140
frontier03070,1705142822,1705143019,197
frontier03071,1705142844,1705143031,187
frontier03072,1705142823,1705143015,192
frontier03073,1705142650,1705142678,28
frontier03074,1705142954,1705143062,108
frontier03075,1705143127,1705143138,11
frontier03076,1705142820,1705143011,191
frontier03077,1705142914,1705143058,144
frontier03078,1705142845,1705143035,190
frontier03079,1705142860,1705143053,193
frontier03080,1705142841,1705143041,200
frontier03081,1705142916,1705143058,142
frontier03082,1705142848,1705143032,184
frontier03083,1705142849,1705143034,185
frontier03084,1705142916,1705143059,143
frontier03085,1705142917,1705143058,141
frontier03086,1705142923,1705143060,137
frontier03087,1705142916,1705143054,138
frontier03088,1705142956,1705143063,107
frontier03089,1705143096,1705143106,10
frontier03090,1705142750,1705142893,143
frontier03091,1705142975,1705143064,89
frontier03092,1705143001,1705143068,67
frontier03093,1705142884,1705143056,172
frontier03094,1705142680,1705142719,39
frontier03095,1705142691,1705142753,62
frontier03096,1705142822,1705143022,200
frontier03097,1705142916,1705143040,124
frontier03098,1705142822,1705143003,181
frontier03099,1705143134,1705143148,14
frontier03100,1705142843,1705143014,171
frontier03101,1705142837,1705143026,189
frontier03102,1705142916,1705143060,144
frontier03103,1705142916,1705143060,144
frontier03104,1705143148,1705143150,2
frontier03105,1705142917,1705143058,141
frontier03106,1705142985,1705143067,82
frontier03107,1705142956,1705143067,111
frontier03108,1705142830,1705143014,184
frontier03109,1705142916,1705143059,143
frontier03110,1705142884,1705143057,173
frontier03111,1705142704,1705142797,93
frontier03112,1705142624,1705142653,29
frontier03113,1705142916,1705143059,143
frontier03114,1705142846,1705143047,201
frontier03115,1705142612,1705142630,18
frontier03116,1705143121,1705143131,10
frontier03117,1705142840,1705143039,199
frontier03118,1705142916,1705143056,140
frontier03119,1705142660,1705142689,29
frontier03120,1705142917,1705143058,141
frontier03121,1705142841,1705143019,178
frontier03122,1705142914,1705143051,137
frontier03123,1705142840,1705143030,190
frontier03124,1705143102,1705143113,11
frontier03125,1705142966,1705143064,98
frontier03126,1705143014,1705143069,55
frontier03127,1705142888,1705143058,170
frontier03128,1705142913,1705143059,146
frontier03129,1705142966,1705143066,100
frontier03130,1705142648,1705142669,21
frontier03131,1705142956,1705143066,110
frontier03132,1705142822,1705143002,180
frontier03133,1705142975,1705143066,91
frontier03134,1705142916,1705143061,145
frontier03135,1705142914,1705143057,143
frontier03136,1705142843,1705143043,200
frontier03137,1705142914,1705143058,144
frontier03138,1705142823,1705143023,200
frontier03139,1705142733,1705142853,120
frontier03140,1705142633,1705142663,30
frontier03141,1705142915,1705143058,143
frontier03142,1705142914,1705143057,143
frontier03143,1705142913,1705143046,133
frontier03144,1705143102,1705143113,11
frontier03145,1705142690,1705142751,61
frontier03146,1705142889,1705143050,161
frontier03147,1705142660,1705142690,30
frontier03148,1705142668,1705142700,32
frontier03149,1705142670,1705142701,31
frontier03150,1705142824,1705143008,184
frontier03151,1705142680,1705142724,44
frontier03152,1705142955,1705143063,108
frontier03153,1705142823,1705143020,197
frontier03154,1705142822,1705142993,171
frontier03155,1705142916,1705143059,143
frontier03156,1705142916,1705143058,142
frontier03157,1705142956,1705143066,110
frontier03158,1705142846,1705143038,192
frontier03159,1705142914,1705143058,144
frontier03160,1705142696,1705142781,85
frontier03161,1705142829,1705143018,189
frontier03162,1705142690,1705142878,188
frontier03163,1705142916,1705143056,140
frontier03164,1705143135,1705143149,14
frontier03165,1705142675,1705142708,33
frontier03166,1705142609,1705142622,13
frontier03167,1705142985,1705143067,82
frontier03168,1705142917,1705143058,141
frontier03169,1705142914,1705143059,145
frontier03170,1705142822,1705143009,187
frontier03171,1705142918,1705143058,140
frontier03172,1705142921,1705143061,140
frontier03173,1705142699,1705142791,92
frontier03174,1705142916,1705143059,143
frontier03175,1705142918,1705143047,129
frontier03176,1705142612,1705142630,18
frontier03177,1705142846,1705143035,189
frontier03178,1705142892,1705143055,163
frontier03179,1705142812,1705143014,202
frontier03180,1705142676,1705142708,32
frontier03183,1705142915,1705143055,140
frontier03184,1705142975,1705143067,92
frontier03185,1705142822,1705143029,207
frontier03186,1705142839,1705143028,189
frontier03187,1705142864,1705143042,178
frontier03188,1705142859,1705143042,183
frontier03189,1705142844,1705143024,180
frontier03190,1705142956,1705143066,110
frontier03191,1705142954,1705143061,107
frontier03192,1705142822,1705143016,194
frontier03193,1705143134,1705143149,15
frontier03194,1705142916,1705143057,141
frontier03195,1705142916,1705143060,144
frontier03196,1705142667,1705142696,29
frontier03197,1705142975,1705143066,91
frontier03198,1705142915,1705143058,143
frontier03199,1705142916,1705143059,143
frontier03200,1705142632,1705142660,28
frontier03203,1705142750,1705142913,163
frontier03204,1705142956,1705143067,111
frontier03205,1705142750,1705142911,161
frontier03206,1705142917,1705143061,144
frontier03207,1705142711,1705142824,113
frontier03208,1705142956,1705143066,110
frontier03209,1705142914,1705143058,144
frontier03210,1705142717,1705142826,109
frontier03211,1705142644,1705142668,24
frontier03212,1705142889,1705143052,163
frontier03213,1705143117,1705143127,10
frontier03214,1705142704,1705142798,94
frontier03215,1705142856,1705143043,187
frontier03216,1705142751,1705142885,134
frontier03217,1705142923,1705143060,137
frontier03218,1705142821,1705143008,187
frontier03219,1705143146,1705143150,4
frontier03220,1705142709,1705142810,101
frontier03221,1705142923,1705143060,137
frontier03222,1705142956,1705143066,110
frontier03223,1705142915,1705143058,143
frontier03224,1705142822,1705143009,187
frontier03225,1705142848,1705143044,196
frontier03226,1705142954,1705143063,109
frontier03227,1705142844,1705143017,173
frontier03228,1705142989,1705143069,80
frontier03229,1705142918,1705143059,141
frontier03230,1705142712,1705142822,110
frontier03231,1705142914,1705143057,143
frontier03232,1705142837,1705143031,194
frontier03233,1705142711,1705142827,116
frontier03234,1705143077,1705143082,5
frontier03235,1705142705,1705142792,87
frontier03236,1705142841,1705143029,188
frontier03237,1705142916,1705143056,140
frontier03238,1705142966,1705143064,98
frontier03239,1705142804,1705143002,198
frontier03240,1705142917,1705143056,139
frontier03241,1705142859,1705143045,186
frontier03242,1705142711,1705142821,110
frontier03243,1705142670,1705142705,35
frontier03244,1705142648,1705142669,21
frontier03245,1705142956,1705143067,111
frontier03246,1705143122,1705143131,9
frontier03247,1705142829,1705143032,203
frontier03248,1705143088,1705143097,9
frontier03249,1705142750,1705142884,134
frontier03250,1705142676,1705142709,33
frontier03251,1705142956,1705143066,110
frontier03252,1705142840,1705143029,189
frontier03253,1705142859,1705143042,183
frontier03254,1705142915,1705143058,143
frontier03255,1705142884,1705143055,171
frontier03256,1705142829,1705143032,203
frontier03257,1705142881,1705143047,166
frontier03258,1705143138,1705143150,12
frontier03259,1705142966,1705143066,100
frontier03260,1705143092,1705143102,10
frontier03261,1705142840,1705143030,190
frontier03262,1705142975,1705143066,91
frontier03263,1705142840,1705143039,199
frontier03264,1705142674,1705142790,116
frontier03265,1705142750,1705142883,133
frontier03266,1705142821,1705143002,181
frontier03267,1705143023,1705143069,46
frontier03268,1705142822,1705142998,176
frontier03269,1705142956,1705143066,110
frontier03270,1705143121,1705143131,10
frontier03271,1705142975,1705143066,91
frontier03272,1705142823,1705142996,173
frontier03273,1705142985,1705143068,83
frontier03274,1705143144,1705143150,6
frontier03275,1705142750,1705142893,143
frontier03276,1705142913,1705143059,146
frontier03277,1705142954,1705143062,108
frontier03278,1705142846,1705143036,190
frontier03279,1705142914,1705143057,143
frontier03280,1705142692,1705142753,61
frontier03281,1705142744,1705142890,146
frontier03282,1705142914,1705143058,144
frontier03283,1705142837,1705142989,152
frontier03284,1705142822,1705143016,194
frontier03285,1705142915,1705143059,144
frontier03286,1705142694,1705142753,59
frontier03287,1705142659,1705142692,33
frontier03288,1705142643,1705142664,21
frontier03289,1705142822,1705143013,191
frontier03290,1705142916,1705143056,140
frontier03291,1705142915,1705143059,144
frontier03292,1705142916,1705143055,139
frontier03293,1705142692,1705142753,61
frontier03294,1705142914,1705143059,145
frontier03295,1705142853,1705143028,175
frontier03296,1705142914,1705143060,146
frontier03297,1705142985,1705143067,82
frontier03298,1705142846,1705143022,176
frontier03299,1705142954,1705143062,108
frontier03300,1705142916,1705143060,144
frontier03301,1705142674,1705142786,112
frontier03302,1705142975,1705143068,93
frontier03303,1705142770,1705142966,196
frontier03304,1705142914,1705143054,140
frontier03305,1705142850,1705143050,200
frontier03306,1705142956,1705143066,110
frontier03307,1705142956,1705143064,108
frontier03308,1705142916,1705143057,141
frontier03309,1705142966,1705143064,98
frontier03310,1705142825,1705143008,183
frontier03311,1705143118,1705143127,9
frontier03312,1705142916,1705143055,139
frontier03313,1705143121,1705143130,9
frontier03314,1705142824,1705143007,183
frontier03315,1705142916,1705143058,142
frontier03316,1705142957,1705143066,109
frontier03317,1705142650,1705142678,28
frontier03318,1705142840,1705143031,191
frontier03319,1705143139,1705143150,11
frontier03320,1705142825,1705143027,202
frontier03321,1705142913,1705143058,145
frontier03322,1705142839,1705143021,182
frontier03323,1705143111,1705143121,10
frontier03324,1705142966,1705143064,98
frontier03327,1705142779,1705142954,175
frontier03328,1705142823,1705143008,185
frontier03329,1705143110,1705143120,10
frontier03330,1705142916,1705143058,142
frontier03331,1705142701,1705142785,84
frontier03332,1705142985,1705143068,83
frontier03333,1705142751,1705142883,132
frontier03334,1705142750,1705142884,134
frontier03337,1705142985,1705143067,82
frontier03338,1705142916,1705143046,130
frontier03339,1705142840,1705143019,179
frontier03340,1705142825,1705143013,188
frontier03341,1705142649,1705142680,31
frontier03342,1705142705,1705142802,97
frontier03343,1705142699,1705142791,92
frontier03344,1705142837,1705143018,181
frontier03345,1705142694,1705142753,59
frontier03346,1705142752,1705142885,133
frontier03347,1705142689,1705142879,190
frontier03348,1705142914,1705143055,141
frontier03349,1705142917,1705143059,142
frontier03350,1705142916,1705143058,142
frontier03351,1705142992,1705143068,76
frontier03352,1705142916,1705143055,139
frontier03353,1705143137,1705143149,12
frontier03354,1705142916,1705143058,142
frontier03355,1705142811,1705143003,192
frontier03356,1705142758,1705142920,162
frontier03357,1705142719,1705142830,111
frontier03358,1705142956,1705143066,110
frontier03359,1705142851,1705143048,197
frontier03360,1705142914,1705143058,144
frontier03361,1705142822,1705143029,207
frontier03362,1705142784,1705142932,148
frontier03363,1705142917,1705143059,142
frontier03364,1705143124,1705143133,9
frontier03365,1705142822,1705143001,179
frontier03366,1705142725,1705142843,118
frontier03367,1705142844,1705143044,200
frontier03368,1705143120,1705143129,9
frontier03369,1705142956,1705143066,110
frontier03370,1705142966,1705143066,100
frontier03371,1705142914,1705143067,153
frontier03372,1705142914,1705143056,142
frontier03373,1705142750,1705142893,143
frontier03374,1705142916,1705143059,143
frontier03375,1705142704,1705142810,106
frontier03376,1705142840,1705143026,186
frontier03377,1705142966,1705143066,100
frontier03378,1705142844,1705143024,180
frontier03379,1705142860,1705143055,195
frontier03380,1705142915,1705143058,143
frontier03381,1705142956,1705143066,110
frontier03382,1705143136,1705143149,13
frontier03383,1705142915,1705143058,143
frontier03384,1705142914,1705143058,144
frontier03385,1705142956,1705143066,110
frontier03386,1705142823,1705143028,205
frontier03387,1705142713,1705142826,113
frontier03388,1705142916,1705143038,122
frontier03389,1705142714,1705142827,113
frontier03390,1705142893,1705143056,163
frontier03391,1705142847,1705143033,186
frontier03392,1705143094,1705143105,11
frontier03393,1705142916,1705143063,147
frontier03394,1705142914,1705143058,144
frontier03395,1705142966,1705143067,101
frontier03396,1705142822,1705143028,206
frontier03397,1705142840,1705143040,200
frontier03398,1705142970,1705143066,96
frontier03399,1705142916,1705143061,145
frontier03400,1705142956,1705143063,107
frontier03401,1705142823,1705143010,187
frontier03402,1705142841,1705143042,201
frontier03403,1705142840,1705143035,195
frontier03404,1705143098,1705143108,10
frontier03405,1705142892,1705143059,167
frontier03406,1705142662,1705142696,34
frontier03407,1705142660,1705142691,31
frontier03408,1705142956,1705143064,108
frontier03409,1705142841,1705143041,200
frontier03410,1705142695,1705142756,61
frontier03411,1705142916,1705143058,142
frontier03412,1705142916,1705143059,143
frontier03413,1705142699,1705142796,97
frontier03414,1705142917,1705143058,141
frontier03415,1705142890,1705143057,167
frontier03416,1705142890,1705143057,167
frontier03417,1705142620,1705142641,21
frontier03418,1705142822,1705143017,195
frontier03419,1705142848,1705143032,184
frontier03420,1705142956,1705143064,108
frontier03421,1705142825,1705143032,207
frontier03422,1705142821,1705143019,198
frontier03423,1705142975,1705143066,91
frontier03424,1705142823,1705142984,161
frontier03425,1705142917,1705143058,141
frontier03426,1705142916,1705143060,144
frontier03427,1705142916,1705143058,142
frontier03428,1705142916,1705143056,140
frontier03429,1705142884,1705143057,173
frontier03430,1705143014,1705143069,55
frontier03431,1705142812,1705143011,199
frontier03432,1705142916,1705143047,131
frontier03433,1705142670,1705142700,30
frontier03434,1705142917,1705143058,141
frontier03435,1705142750,1705142883,133
frontier03436,1705142966,1705143066,100
frontier03437,1705142765,1705142923,158
frontier03438,1705142914,1705143057,143
frontier03439,1705142822,1705143017,195
frontier03440,1705142917,1705143058,141
frontier03441,1705142916,1705143058,142
frontier03442,1705142825,1705143013,188
frontier03443,1705142916,1705143058,142
frontier03444,1705142783,1705142974,191
frontier03445,1705142916,1705143058,142
frontier03446,1705142916,1705143057,141
frontier03447,1705142914,1705143057,143
frontier03448,1705142957,1705143066,109
frontier03449,1705142966,1705143064,98
frontier03450,1705142916,1705143055,139
frontier03451,1705143144,1705143150,6
frontier03452,1705142837,1705143020,183
frontier03453,1705142711,1705142824,113
frontier03454,1705142750,1705142884,134
frontier03455,1705142916,1705143058,142
frontier03456,1705142966,1705143066,100
frontier03457,1705142916,1705143058,142
frontier03458,1705142665,1705142694,29
frontier03459,1705143140,1705143150,10
frontier03460,1705142844,1705143016,172
frontier03461,1705142841,1705143039,198
frontier03462,1705142987,1705143068,81
frontier03463,1705142711,1705142816,105
frontier03464,1705142966,1705143066,100
frontier03465,1705142854,1705143049,195
frontier03466,1705142966,1705143064,98
frontier03467,1705142631,1705142661,30
frontier03468,1705142914,1705143058,144
frontier03469,1705142985,1705143067,82
frontier03470,1705142612,1705142630,18
frontier03471,1705142850,1705143019,169
frontier03472,1705142914,1705143055,141
frontier03473,1705143088,1705143096,8
frontier03474,1705142956,1705143067,111
frontier03475,1705142916,1705143058,142
frontier03476,1705142914,1705143060,146
frontier03477,1705142881,1705143056,175
frontier03478,1705142858,1705143040,182
frontier03479,1705142917,1705143058,141
frontier03480,1705142956,1705143066,110
frontier03481,1705142916,1705143058,142
frontier03482,1705142659,1705142690,31
frontier03483,1705142750,1705142912,162
frontier03484,1705142954,1705143062,108
frontier03485,1705142885,1705143059,174
frontier03486,1705142780,1705142923,143
frontier03487,1705142756,1705142893,137
frontier03488,1705142914,1705143057,143
frontier03489,1705142849,1705143037,188
frontier03490,1705142917,1705143054,137
frontier03491,1705142890,1705143059,169
frontier03492,1705142914,1705143058,144
frontier03493,1705142975,1705143067,92
frontier03494,1705142827,1705143030,203
frontier03495,1705142970,1705143066,96
frontier03496,1705142918,1705143057,139
frontier03497,1705142990,1705143069,79
frontier03498,1705142916,1705143057,141
frontier03499,1705142843,1705143016,173
frontier03500,1705142852,1705143037,185
frontier03501,1705142916,1705143061,145
frontier03502,1705142915,1705143060,145
frontier03503,1705142892,1705143048,156
frontier03504,1705142923,1705143061,138
frontier03505,1705142988,1705143068,80
frontier03506,1705143131,1705143146,15
frontier03507,1705142805,1705143002,197
frontier03508,1705142685,1705142730,45
frontier03509,1705142988,1705143068,80
frontier03510,1705142916,1705143058,142
frontier03511,1705142890,1705143046,156
frontier03512,1705142679,1705142719,40
frontier03513,1705142706,1705142807,101
frontier03514,1705142666,1705142696,30
frontier03515,1705142956,1705143066,110
frontier03516,1705142784,1705142931,147
frontier03517,1705142841,1705143042,201
frontier03518,1705142914,1705143058,144
frontier03519,1705142915,1705143061,146
frontier03520,1705142914,1705143057,143
frontier03521,1705142679,1705142717,38
frontier03522,1705142763,1705142923,160
frontier03523,1705142651,1705142678,27
frontier03525,1705142659,1705142691,32
frontier03526,1705142822,1705143017,195
frontier03527,1705142918,1705143057,139
frontier03528,1705143144,1705143150,6
frontier03529,1705142957,1705143066,109
frontier03530,1705142916,1705143060,144
frontier03531,1705142985,1705143068,83
frontier03532,1705142851,1705143032,181
frontier03533,1705142975,1705143067,92
frontier03534,1705142840,1705143028,188
frontier03535,1705142750,1705142883,133
frontier03536,1705142918,1705143056,138
frontier03537,1705142840,1705143035,195
frontier03538,1705142812,1705142992,180
frontier03539,1705142915,1705143058,143
frontier03540,1705142914,1705143056,142
frontier03541,1705142691,1705142754,63
frontier03542,1705143109,1705143119,10
frontier03543,1705142849,1705143047,198
frontier03544,1705142750,1705142879,129
frontier03545,1705142840,1705143021,181
frontier03546,1705143115,1705143125,10
frontier03547,1705142914,1705143058,144
frontier03548,1705143122,1705143132,10
frontier03549,1705142916,1705143048,132
frontier03550,1705142957,1705143064,107
frontier03551,1705142994,1705143069,75
frontier03552,1705142954,1705143063,109
frontier03553,1705142837,1705143032,195
frontier03555,1705142916,1705143057,141
frontier03556,1705142822,1705143014,192
frontier03557,1705142666,1705142700,34
frontier03558,1705142844,1705143034,190
frontier03559,1705143117,1705143127,10
frontier03560,1705142843,1705143040,197
frontier03561,1705142985,1705143067,82
frontier03562,1705142916,1705143061,145
frontier03563,1705142856,1705143046,190
frontier03564,1705142694,1705142775,81
frontier03565,1705142966,1705143064,98
frontier03566,1705142917,1705143054,137
frontier03567,1705142985,1705143066,81
frontier03568,1705142916,1705143057,141
frontier03569,1705142837,1705143010,173
frontier03570,1705142916,1705143058,142
frontier03571,1705142916,1705143058,142
frontier03572,1705142643,1705142663,20
frontier03573,1705142822,1705143023,201
frontier03574,1705142629,1705142658,29
frontier03575,1705142804,1705142992,188
frontier03576,1705142916,1705143060,144
frontier03577,1705143140,1705143150,10
frontier03578,1705142665,1705142694,29
frontier03579,1705142917,1705143059,142
frontier03580,1705142916,1705143058,142
frontier03581,1705142968,1705143064,96
frontier03582,1705142966,1705143066,100
frontier03583,1705143145,1705143150,5
frontier03584,1705142913,1705143056,143
frontier03585,1705142914,1705143057,143
frontier03586,1705142826,1705143016,190
frontier03587,1705142714,1705142825,111
frontier03588,1705142760,1705142921,161
frontier03589,1705142846,1705143041,195
frontier03590,1705142659,1705142691,32
frontier03591,1705142917,1705143058,141
frontier03592,1705142821,1705142978,157
frontier03593,1705142846,1705143036,190
frontier03594,1705142916,1705143057,141
frontier03595,1705142690,1705142749,59
frontier03596,1705142916,1705143057,141
frontier03597,1705142956,1705143066,110
frontier03598,1705142916,1705143056,140
frontier03599,1705142840,1705143017,177
frontier03600,1705142658,1705142691,33
frontier03601,1705142804,1705143003,199
frontier03602,1705142844,1705143040,196
frontier03603,1705142916,1705143058,142
frontier03604,1705142780,1705142977,197
frontier03605,1705142914,1705143061,147
frontier03606,1705142987,1705143067,80
frontier03607,1705142918,1705143059,141
frontier03608,1705142751,1705142883,132
frontier03609,1705142914,1705143055,141
frontier03610,1705142918,1705143059,141
frontier03611,1705142843,1705143038,195
frontier03612,1705142821,1705143023,202
frontier03615,1705142914,1705143057,143
frontier03616,1705142966,1705143066,100
frontier03617,1705142989,1705143067,78
frontier03618,1705142915,1705143059,144
frontier03619,1705142823,1705142993,170
frontier03620,1705142888,1705143042,154
frontier03621,1705142890,1705143057,167
frontier03622,1705142821,1705143024,203
frontier03623,1705142667,1705142700,33
frontier03624,1705142826,1705143006,180
frontier03625,1705142918,1705143058,140
frontier03626,1705142918,1705143059,141
frontier03627,1705142664,1705142692,28
frontier03628,1705142978,1705143068,90
frontier03629,1705142823,1705143023,200
frontier03630,1705142823,1705143017,194
frontier03631,1705143137,1705143149,12
frontier03632,1705142916,1705143060,144
frontier03633,1705142876,1705143046,170
frontier03634,1705142985,1705143067,82
frontier03635,1705142648,1705142673,25
frontier03636,1705142750,1705142884,134
frontier03637,1705142975,1705143064,89
frontier03638,1705142840,1705143023,183
frontier03639,1705143117,1705143127,10
frontier03640,1705142847,1705143042,195
frontier03641,1705142825,1705143009,184
frontier03642,1705142914,1705143055,141
frontier03643,1705142916,1705143058,142
frontier03644,1705142918,1705143058,140
frontier03645,1705142646,1705142668,22
frontier03646,1705142822,1705143009,187
frontier03647,1705142957,1705143064,107
frontier03648,1705142796,1705143003,207
frontier03649,1705142916,1705143060,144
frontier03650,1705142757,1705142920,163
frontier03651,1705142664,1705142692,28
frontier03652,1705142916,1705143059,143
frontier03653,1705142918,1705143060,142
frontier03654,1705142966,1705143064,98
frontier03655,1705142916,1705143058,142
frontier03656,1705142771,1705142954,183
frontier03657,1705142917,1705143044,127
frontier03658,1705142917,1705143058,141
frontier03659,1705143119,1705143128,9
frontier03660,1705142914,1705143056,142
frontier03661,1705142916,1705143058,142
frontier03662,1705142985,1705143068,83
frontier03663,1705142804,1705142968,164
frontier03664,1705142876,1705143043,167
frontier03665,1705143001,1705143068,67
frontier03666,1705142856,1705143039,183
frontier03667,1705142902,1705143014,112
frontier03668,1705142841,1705143035,194
frontier03669,1705142673,1705142701,28
frontier03670,1705142822,1705143023,201
frontier03671,1705142725,1705142847,122
frontier03672,1705142888,1705143058,170
frontier03673,1705142916,1705143058,142
frontier03674,1705142966,1705143067,101
frontier03675,1705142954,1705143063,109
frontier03676,1705142954,1705143062,108
frontier03677,1705142704,1705142803,99
frontier03678,1705142914,1705143055,141
frontier03679,1705142917,1705143058,141
frontier03680,1705142993,1705143068,75
frontier03681,1705142914,1705143060,146
frontier03682,1705142916,1705143057,141
frontier03683,1705142840,1705143008,168
frontier03684,1705143086,1705143093,7
frontier03685,1705142966,1705143066,100
frontier03686,1705142916,1705143045,129
frontier03687,1705142987,1705143068,81
frontier03688,1705143091,1705143102,11
frontier03689,1705142863,1705143042,179
frontier03690,1705142923,1705143060,137
frontier03691,1705142840,1705142984,144
frontier03692,1705142621,1705142649,28
frontier03693,1705142918,1705143057,139
frontier03694,1705143113,1705143123,10
frontier03695,1705142751,1705142890,139
frontier03696,1705142648,1705142676,28
frontier03697,1705142916,1705143049,133
frontier03698,1705142840,1705143023,183
frontier03699,1705142829,1705143028,199
frontier03700,1705142645,1705142673,28
frontier03701,1705142885,1705143058,173
frontier03702,1705142829,1705143034,205
frontier03703,1705142917,1705143058,141
frontier03704,1705142609,1705142621,12
frontier03705,1705142918,1705143059,141
frontier03706,1705142805,1705142983,178
frontier03707,1705142917,1705143061,144
frontier03708,1705142914,1705143058,144
frontier03709,1705142843,1705143028,185
frontier03710,1705142822,1705143008,186
frontier03711,1705142954,1705143061,107
frontier03712,1705142915,1705143058,143
frontier03713,1705142648,1705142673,25
frontier03714,1705142820,1705143014,194
frontier03715,1705142823,1705143006,183
frontier03716,1705143109,1705143119,10
frontier03717,1705142771,1705142956,185
frontier03718,1705142843,1705143036,193
frontier03719,1705142975,1705143067,92
frontier03720,1705142823,1705143032,209
frontier03721,1705142917,1705143046,129
frontier03722,1705142914,1705143058,144
frontier03723,1705142881,1705143047,166
frontier03724,1705142828,1705143018,190
frontier03725,1705142916,1705143057,141
frontier03726,1705143134,1705143149,15
frontier03727,1705142916,1705143041,125
frontier03728,1705142837,1705143035,198
frontier03729,1705142753,1705142913,160
frontier03730,1705142917,1705143058,141
frontier03731,1705142916,1705143059,143
frontier03732,1705142846,1705143045,199
frontier03733,1705142756,1705142920,164
frontier03734,1705142939,1705143064,125
frontier03735,1705142916,1705143055,139
frontier03736,1705142711,1705142821,110
frontier03737,1705142956,1705143066,110
frontier03738,1705143133,1705143148,15
frontier03739,1705142916,1705143055,139
frontier03740,1705143144,1705143150,6
frontier03741,1705142916,1705143058,142
frontier03742,1705142916,1705143058,142
frontier03743,1705142823,1705142990,167
frontier03744,1705142914,1705143056,142
frontier03745,1705143133,1705143148,15
frontier03746,1705142750,1705142893,143
frontier03747,1705142985,1705143067,82
frontier03748,1705142914,1705143058,144
frontier03749,1705142914,1705143057,143
frontier03750,1705142966,1705143064,98
frontier03751,1705142916,1705143055,139
frontier03752,1705143015,1705143070,55
frontier03753,1705142659,1705142689,30
frontier03754,1705142843,1705143032,189
frontier03755,1705142664,1705142693,29
frontier03756,1705142840,1705143028,188
frontier03757,1705142850,1705143037,187
frontier03758,1705142968,1705143066,98
frontier03759,1705142966,1705143064,98
frontier03760,1705143001,1705143069,68
frontier03761,1705142916,1705143056,140
frontier03762,1705142883,1705143055,172
frontier03763,1705142919,1705143061,142
frontier03764,1705142822,1705143030,208
frontier03765,1705143146,1705143150,4
frontier03766,1705142915,1705143056,141
frontier03767,1705142916,1705143060,144
frontier03768,1705142933,1705143066,133
frontier03769,1705143135,1705143149,14
frontier03770,1705142916,1705143052,136
frontier03772,1705142888,1705143058,170
frontier03773,1705142914,1705143058,144
frontier03774,1705142844,1705142913,69
frontier03775,1705143137,1705143149,12
frontier03776,1705142916,1705143060,144
frontier03777,1705142682,1705142724,42
frontier03778,1705142813,1705143003,190
frontier03779,1705142829,1705143035,206
frontier03780,1705142966,1705143066,100
frontier03781,1705142914,1705143057,143
frontier03782,1705142813,1705143001,188
frontier03783,1705142651,1705142678,27
frontier03784,1705142917,1705143057,140
frontier03785,1705142916,1705143057,141
frontier03786,1705142929,1705143058,129
frontier03787,1705142821,1705142994,173
frontier03788,1705142796,1705142993,197
frontier03789,1705142711,1705142822,111
frontier03790,1705142914,1705143058,144
frontier03791,1705143127,1705143141,14
frontier03792,1705142737,1705142860,123
frontier03793,1705142841,1705143014,173
frontier03794,1705142916,1705143047,131
frontier03795,1705142822,1705143003,181
frontier03796,1705142840,1705143020,180
frontier03797,1705142914,1705143058,144
frontier03798,1705142796,1705142982,186
frontier03799,1705142840,1705143036,196
frontier03800,1705142966,1705143066,100
frontier03801,1705142966,1705143064,98
frontier03802,1705142780,1705142966,186
frontier03803,1705142846,1705143044,198
frontier03804,1705142917,1705143060,143
frontier03805,1705143118,1705143128,10
frontier03806,1705142823,1705143008,185
frontier03807,1705142612,1705142644,32
frontier03808,1705142674,1705142766,92
frontier03809,1705142917,1705143059,142
frontier03810,1705142823,1705143006,183
frontier03812,1705142759,1705142924,165
frontier03813,1705142916,1705143058,142
frontier03814,1705142825,1705143023,198
frontier03815,1705142750,1705142885,135
frontier03816,1705142650,1705142678,28
frontier03817,1705142843,1705143043,200
frontier03818,1705142658,1705142691,33
frontier03819,1705142916,1705143062,146
frontier03820,1705142914,1705143069,155
frontier03821,1705142916,1705143060,144
frontier03822,1705142650,1705142679,29
frontier03823,1705142990,1705143068,78
frontier03824,1705142923,1705143060,137
frontier03825,1705142854,1705143038,184
frontier03826,1705142840,1705143016,176
frontier03827,1705142673,1705142700,27
frontier03828,1705143117,1705143127,10
frontier03829,1705142623,1705142650,27
frontier03830,1705142700,1705142788,88
frontier03831,1705142822,1705142996,174
frontier03832,1705142698,1705142790,92
frontier03833,1705142825,1705143023,198
frontier03834,1705142704,1705142801,97
frontier03835,1705142610,1705142630,20
frontier03836,1705142750,1705142883,133
frontier03837,1705142676,1705142709,33
frontier03838,1705142860,1705143041,181
frontier03839,1705142668,1705142695,27
frontier03840,1705142822,1705143014,192
frontier03841,1705142750,1705142884,134
frontier03842,1705142914,1705143054,140
frontier03843,1705142916,1705143055,139
frontier03844,1705142857,1705143036,179
frontier03845,1705142914,1705143047,133
frontier03846,1705142830,1705143018,188
frontier03847,1705142966,1705143066,100
frontier03848,1705143128,1705143142,14
frontier03849,1705142741,1705142876,135
frontier03850,1705142977,1705143066,89
frontier03851,1705142822,1705143029,207
frontier03852,1705142915,1705143056,141
frontier03853,1705142824,1705143022,198
frontier03854,1705143088,1705143099,11
frontier03855,1705142822,1705143008,186
frontier03856,1705143094,1705143105,11
frontier03857,1705142864,1705143042,178
frontier03858,1705142916,1705143058,142
frontier03859,1705142956,1705143066,110
frontier03860,1705142621,1705142648,27
frontier03861,1705142916,1705143055,139
frontier03862,1705142916,1705143043,127
frontier03863,1705142916,1705143058,142
frontier03864,1705142916,1705143057,141
frontier03865,1705142682,1705142737,55
frontier03866,1705142915,1705143059,144
frontier03867,1705142841,1705143033,192
frontier03869,1705142648,1705142676,28
frontier03870,1705142751,1705142915,164
frontier03871,1705142843,1705143020,177
frontier03872,1705142917,1705143059,142
frontier03873,1705142757,1705142922,165
frontier03874,1705142916,1705143058,142
frontier03875,1705142823,1705143009,186
frontier03876,1705142975,1705143067,92
frontier03877,1705142863,1705143043,180
frontier03878,1705142918,1705143058,140
frontier03879,1705143135,1705143149,14
frontier03880,1705142956,1705143067,111
frontier03881,1705142846,1705143037,191
frontier03882,1705142625,1705142653,28
frontier03883,1705142914,1705143059,145
frontier03884,1705142916,1705143058,142
frontier03885,1705142858,1705143053,195
frontier03886,1705142916,1705143061,145
frontier03887,1705142803,1705142983,180
frontier03888,1705142691,1705142753,62
frontier03889,1705142712,1705142824,112
frontier03890,1705142916,1705143059,143
frontier03891,1705142913,1705143049,136
frontier03892,1705142822,1705143001,179
frontier03893,1705142625,1705142667,42
frontier03894,1705142918,1705143057,139
frontier03895,1705142985,1705143067,82
frontier03896,1705142915,1705143058,143
frontier03897,1705143146,1705143150,4
frontier03898,1705142830,1705143039,209
frontier03899,1705142843,1705143023,180
frontier03900,1705142975,1705143067,92
frontier03901,1705142840,1705143026,186
frontier03902,1705142725,1705142845,120
frontier03903,1705142840,1705143023,183
frontier03904,1705142841,1705143044,203
frontier03905,1705142915,1705143058,143
frontier03906,1705142966,1705143066,100
frontier03907,1705142916,1705143054,138
frontier03908,1705142845,1705143016,171
frontier03909,1705142823,1705143028,205
frontier03910,1705142892,1705143054,162
frontier03911,1705142823,1705143018,195
frontier03912,1705142829,1705143008,179
frontier03913,1705142823,1705143019,196
frontier03914,1705142822,1705143017,195
frontier03915,1705142702,1705142810,108
frontier03916,1705142829,1705143014,185
frontier03917,1705142698,1705142785,87
frontier03918,1705142858,1705143041,183
frontier03919,1705142916,1705143056,140
frontier03920,1705142796,1705142985,189
frontier03921,1705142917,1705143059,142
frontier03922,1705142752,1705142884,132
frontier03923,1705142823,1705143002,179
frontier03924,1705142971,1705143066,95
frontier03925,1705142840,1705143015,175
frontier03926,1705142918,1705143061,143
frontier03927,1705142916,1705143058,142
frontier03928,1705142824,1705143002,178
frontier03929,1705142667,1705142698,31
frontier03930,1705142840,1705143018,178
frontier03931,1705143085,1705143102,17
frontier03932,1705142823,1705143002,179
frontier03933,1705143142,1705143150,8
frontier03934,1705142916,1705143060,144
frontier03935,1705142916,1705143057,141
frontier03936,1705142923,1705143060,137
frontier03937,1705142916,1705143058,142
frontier03938,1705142765,1705142921,156
frontier03939,1705142956,1705143067,111
frontier03940,1705142916,1705143061,145
frontier03941,1705142916,1705143058,142
frontier03942,1705143110,1705143120,10
frontier03943,1705142915,1705143059,144
frontier03944,1705142914,1705143057,143
frontier03945,1705142640,1705142664,24
frontier03946,1705142711,1705142820,109
frontier03947,1705142697,1705142782,85
frontier03948,1705143135,1705143149,14
frontier03949,1705142916,1705143061,145
frontier03950,1705142712,1705142823,111
frontier03951,1705142699,1705142790,91
frontier03952,1705142840,1705143039,199
frontier03953,1705142957,1705143066,109
frontier03954,1705142923,1705143061,138
frontier03955,1705142843,1705143016,173
frontier03956,1705142804,1705143014,210
frontier03957,1705142992,1705143068,76
frontier03958,1705142884,1705143055,171
frontier03959,1705142840,1705143016,176
frontier03960,1705142916,1705143059,143
frontier03961,1705142914,1705143055,141
frontier03962,1705142849,1705143035,186
frontier03963,1705142966,1705143067,101
frontier03964,1705142840,1705143030,190
frontier03965,1705142971,1705143066,95
frontier03966,1705142953,1705143062,109
frontier03967,1705142916,1705143047,131
frontier03968,1705142840,1705143033,193
frontier03969,1705142848,1705143031,183
frontier03970,1705142745,1705142892,147
frontier03971,1705142825,1705143008,183
frontier03972,1705142990,1705143067,77
frontier03973,1705142956,1705143066,110
frontier03974,1705142840,1705143041,201
frontier03975,1705142852,1705143039,187
frontier03976,1705142837,1705143032,195
frontier03977,1705142829,1705143019,190
frontier03978,1705142916,1705143058,142
frontier03979,1705142822,1705143003,181
frontier03980,1705142916,1705143058,142
frontier03981,1705142822,1705143017,195
frontier03982,1705142916,1705143060,144
frontier03983,1705142914,1705143066,152
frontier03984,1705142844,1705143033,189
frontier03985,1705142956,1705143067,111
frontier03986,1705142916,1705143059,143
frontier03987,1705142822,1705143026,204
frontier03988,1705142760,1705142916,156
frontier03989,1705142821,1705143014,193
frontier03990,1705142821,1705142993,172
frontier03991,1705142844,1705143022,178
frontier03992,1705143098,1705143110,12
frontier03993,1705142780,1705142928,148
frontier03994,1705142966,1705143066,100
frontier03995,1705142846,1705143029,183
frontier03996,1705142822,1705143028,206
frontier03997,1705142975,1705143068,93
frontier03998,1705142676,1705142706,30
frontier03999,1705142823,1705143013,190
frontier04000,1705142917,1705143055,138
frontier04001,1705142917,1705143059,142
frontier04002,1705142988,1705143067,79
frontier04003,1705142820,1705143015,195
frontier04004,1705142916,1705143058,142
frontier04005,1705143135,1705143149,14
frontier04006,1705142916,1705143056,140
frontier04007,1705142966,1705143064,98
frontier04008,1705142679,1705142708,29
frontier04009,1705143112,1705143122,10
frontier04010,1705142987,1705143068,81
frontier04011,1705142744,1705142864,120
frontier04012,1705142670,1705142704,34
frontier04013,1705142846,1705143017,171
frontier04014,1705142846,1705143023,177
frontier04015,1705142691,1705142749,58
frontier04016,1705142699,1705142789,90
frontier04017,1705142913,1705143058,145
frontier04018,1705142824,1705143019,195
frontier04019,1705142750,1705142883,133
frontier04020,1705142828,1705143038,210
frontier04021,1705142840,1705143009,169
frontier04022,1705142916,1705143057,141
frontier04023,1705142711,1705142823,112
frontier04024,1705142914,1705143059,145
frontier04025,1705142915,1705143055,140
frontier04026,1705142914,1705143051,137
frontier04027,1705143087,1705143100,13
frontier04028,1705142902,1705143047,145
frontier04029,1705143140,1705143150,10
frontier04030,1705142985,1705143067,82
frontier04031,1705142700,1705142791,91
frontier04032,1705142840,1705143029,189
frontier04033,1705143133,1705143148,15
frontier04034,1705142975,1705143068,93
frontier04035,1705142966,1705143066,100
frontier04036,1705142966,1705143064,98
frontier04037,1705142966,1705143064,98
frontier04038,1705142914,1705143058,144
frontier04039,1705143094,1705143105,11
frontier04040,1705142917,1705143061,144
frontier04041,1705142667,1705142698,31
frontier04042,1705142954,1705143063,109
frontier04043,1705143132,1705143147,15
frontier04044,1705142822,1705143023,201
frontier04045,1705143098,1705143109,11
frontier04046,1705142680,1705142720,40
frontier04047,1705142916,1705143058,142
frontier04048,1705142914,1705143057,143
frontier04049,1705142966,1705143066,100
frontier04050,1705142837,1705143036,199
frontier04051,1705142804,1705143009,205
frontier04052,1705142914,1705143058,144
frontier04053,1705142823,1705143018,195
frontier04054,1705142966,1705143067,101
frontier04055,1705142811,1705143001,190
frontier04056,1705142914,1705143058,144
frontier04057,1705142753,1705142919,166
frontier04058,1705142916,1705143058,142
frontier04059,1705142824,1705142996,172
frontier04060,1705142749,1705142890,141
frontier04061,1705142924,1705143019,95
frontier04062,1705142916,1705143061,145
frontier04063,1705143093,1705143103,10
frontier04064,1705142916,1705143056,140
frontier04065,1705142840,1705143038,198
frontier04066,1705142821,1705143008,187
frontier04068,1705142966,1705143066,100
frontier04069,1705142914,1705143056,142
frontier04070,1705142849,1705143035,186
frontier04071,1705142956,1705143067,111
frontier04072,1705142916,1705143058,142
frontier04073,1705142796,1705142984,188
frontier04074,1705142822,1705143019,197
frontier04075,1705142681,1705142729,48
frontier04076,1705142914,1705143056,142
frontier04077,1705142914,1705143058,144
frontier04078,1705142916,1705143058,142
frontier04079,1705142840,1705143022,182
frontier04080,1705143091,1705143102,11
frontier04081,1705142916,1705143060,144
frontier04082,1705142705,1705142796,91
frontier04083,1705142837,1705143027,190
frontier04084,1705143015,1705143068,53
frontier04085,1705142966,1705143066,100
frontier04086,1705143112,1705143123,11
frontier04087,1705142683,1705142727,44
frontier04088,1705142977,1705143067,90
frontier04089,1705142840,1705143040,200
frontier04090,1705142846,1705143046,200
frontier04091,1705142846,1705143045,199
frontier04092,1705142954,1705143063,109
frontier04093,1705142821,1705142992,171
frontier04094,1705142840,1705143030,190
frontier04095,1705142985,1705143068,83
frontier04096,1705142975,1705143068,93
frontier04097,1705142843,1705143003,160
frontier04098,1705142915,1705143059,144
frontier04099,1705142914,1705143057,143
frontier04100,1705142643,1705142662,19
frontier04101,1705142840,1705143038,198
frontier04102,1705142822,1705143008,186
frontier04103,1705142650,1705142675,25
frontier04104,1705142977,1705143067,90
frontier04105,1705143119,1705143128,9
frontier04106,1705142975,1705143067,92
frontier04107,1705142884,1705143055,171
frontier04108,1705142975,1705143067,92
frontier04109,1705142648,1705142670,22
frontier04110,1705142682,1705142725,43
frontier04111,1705142758,1705143068,310
frontier04112,1705142837,1705143020,183
frontier04113,1705142916,1705143058,142
frontier04114,1705143000,1705143069,69
frontier04115,1705142753,1705142885,132
frontier04116,1705142966,1705143066,100
frontier04117,1705142812,1705142996,184
frontier04118,1705142917,1705143045,128
frontier04119,1705143125,1705143136,11
frontier04120,1705142956,1705143067,111
frontier04121,1705142843,1705143035,192
frontier04122,1705142956,1705143066,110
frontier04123,1705142789,1705142970,181
frontier04124,1705142918,1705143058,140
frontier04126,1705142843,1705143040,197
frontier04127,1705142916,1705143057,141
frontier04128,1705142916,1705143059,143
frontier04129,1705142666,1705142694,28
frontier04130,1705142917,1705143057,140
frontier04131,1705142850,1705143029,179
frontier04132,1705142916,1705143060,144
frontier04133,1705142711,1705142820,109
frontier04134,1705142975,1705143066,91
frontier04135,1705142916,1705143062,146
frontier04136,1705142847,1705143042,195
frontier04137,1705142916,1705143058,142
frontier04138,1705142892,1705143042,150
frontier04139,1705142916,1705143058,142
frontier04140,1705143122,1705143132,10
frontier04141,1705142915,1705143060,145
frontier04142,1705142849,1705143046,197
frontier04143,1705142966,1705143067,101
frontier04144,1705142889,1705143057,168
frontier04145,1705142956,1705143066,110
frontier04146,1705143102,1705143112,10
frontier04147,1705142840,1705142991,151
frontier04148,1705142957,1705143063,106
frontier04149,1705142676,1705142710,34
frontier04150,1705142888,1705143058,170
frontier04151,1705142892,1705143050,158
frontier04152,1705142916,1705143060,144
frontier04153,1705142915,1705143062,147
frontier04154,1705142923,1705143061,138
frontier04155,1705142916,1705143058,142
frontier04156,1705142876,1705143043,167
frontier04157,1705142750,1705142884,134
frontier04158,1705142830,1705143018,188
frontier04159,1705142918,1705143060,142
frontier04160,1705142697,1705142783,86
frontier04161,1705142966,1705143067,101
frontier04162,1705142853,1705143041,188
frontier04163,1705142856,1705143037,181
frontier04164,1705142789,1705142977,188
frontier04165,1705142970,1705143066,96
frontier04166,1705142704,1705142801,97
frontier04167,1705142966,1705143067,101
frontier04168,1705142916,1705143059,143
frontier04169,1705142939,1705143066,127
frontier04170,1705142796,1705142994,198
frontier04171,1705142846,1705143041,195
frontier04172,1705142660,1705142690,30
frontier04173,1705142827,1705143038,211
frontier04174,1705142823,1705142988,165
frontier04175,1705142914,1705143058,144
frontier04176,1705142858,1705143055,197
frontier04177,1705142796,1705142987,191
frontier04178,1705142756,1705142919,163
frontier04179,1705142652,1705142677,25
frontier04180,1705142913,1705143058,145
frontier04181,1705142977,1705143067,90
frontier04182,1705142674,1705142785,111
frontier04183,1705142985,1705143067,82
frontier04184,1705142654,1705142680,26
frontier04185,1705142956,1705143067,111
frontier04186,1705142916,1705143058,142
frontier04187,1705142917,1705143058,141
frontier04188,1705142711,1705142816,105
frontier04189,1705142757,1705142922,165
frontier04190,1705142859,1705143042,183
frontier04191,1705142612,1705142630,18
frontier04192,1705142840,1705143026,186
frontier04193,1705142957,1705143064,107
frontier04194,1705142666,1705142700,34
frontier04195,1705142916,1705143045,129
frontier04196,1705142956,1705143066,110
frontier04197,1705142844,1705143044,200
frontier04198,1705142966,1705143064,98
frontier04199,1705142917,1705143043,126
frontier04200,1705142988,1705143068,80
frontier04201,1705142916,1705143059,143
frontier04202,1705142846,1705143030,184
frontier04203,1705143104,1705143114,10
frontier04204,1705142693,1705142756,63
frontier04205,1705142669,1705142704,35
frontier04206,1705142955,1705143066,111
frontier04207,1705142916,1705143057,141
frontier04208,1705143002,1705143069,67
frontier04209,1705142762,1705142923,161
frontier04210,1705142843,1705143038,195
frontier04211,1705143138,1705143150,12
frontier04212,1705142966,1705143064,98
frontier04213,1705143124,1705143133,9
frontier04214,1705142823,1705143009,186
frontier04215,1705142955,1705143063,108
frontier04216,1705142837,1705143037,200
frontier04217,1705143096,1705143107,11
frontier04218,1705142957,1705143066,109
frontier04219,1705142824,1705143019,195
frontier04220,1705142860,1705143053,193
frontier04221,1705142916,1705143059,143
frontier04222,1705142839,1705143029,190
frontier04223,1705142841,1705143015,174
frontier04224,1705142915,1705143055,140
frontier04225,1705142850,1705143038,188
frontier04226,1705142824,1705143038,214
frontier04227,1705142916,1705143058,142
frontier04228,1705142711,1705142824,113
frontier04229,1705142823,1705143014,191
frontier04230,1705142890,1705143057,167
frontier04231,1705143143,1705143150,7
frontier04232,1705142689,1705142751,62
frontier04233,1705142678,1705142714,36
frontier04234,1705142678,1705142711,33
frontier04235,1705142733,1705142851,118
frontier04236,1705142644,1705142667,23
frontier04237,1705142733,1705143064,331
frontier04238,1705142956,1705143066,110
frontier04239,1705142820,1705143015,195
frontier04240,1705142985,1705143068,83
frontier04241,1705142918,1705143058,140
frontier04242,1705142823,1705143010,187
frontier04243,1705143131,1705143146,15
frontier04244,1705142991,1705143068,77
frontier04245,1705142844,1705143016,172
frontier04246,1705142643,1705142668,25
frontier04247,1705142710,1705142822,112
frontier04248,1705142917,1705143060,143
frontier04249,1705142674,1705142785,111
frontier04250,1705142916,1705143048,132
frontier04251,1705142693,1705142756,63
frontier04252,1705142978,1705143068,90
frontier04254,1705142916,1705143059,143
frontier04255,1705143136,1705143149,13
frontier04256,1705142992,1705143068,76
frontier04257,1705142825,1705143016,191
frontier04258,1705142916,1705143056,140
frontier04259,1705142917,1705143061,144
frontier04260,1705142915,1705143059,144
frontier04261,1705142823,1705143020,197
frontier04262,1705142844,1705143034,190
frontier04263,1705142994,1705143069,75
frontier04264,1705142916,1705143058,142
frontier04265,1705142829,1705143031,202
frontier04266,1705142966,1705143066,100
frontier04267,1705142956,1705143067,111
frontier04268,1705142975,1705143066,91
frontier04269,1705142956,1705143066,110
frontier04270,1705143111,1705143122,11
frontier04271,1705142916,1705143062,146
frontier04272,1705142843,1705143032,189
frontier04273,1705142781,1705142977,196
frontier04274,1705142822,1705143003,181
frontier04275,1705142916,1705143060,144
frontier04276,1705142916,1705143058,142
frontier04277,1705143003,1705143070,67
frontier04278,1705142840,1705143031,191
frontier04279,1705142916,1705143058,142
frontier04280,1705142956,1705143063,107
frontier04281,1705142916,1705143061,145
frontier04282,1705142821,1705143010,189
frontier04283,1705142918,1705143056,138
frontier04284,1705143078,1705143083,5
frontier04285,1705142955,1705143063,108
frontier04286,1705142796,1705142989,193
frontier04287,1705142957,1705143067,110
frontier04288,1705142916,1705143058,142
frontier04289,1705142966,1705143066,100
frontier04290,1705142721,1705142837,116
frontier04291,1705142956,1705143067,111
frontier04292,1705142709,1705142811,102
frontier04293,1705142892,1705143051,159
frontier04294,1705143103,1705143114,11
frontier04295,1705142705,1705142798,93
frontier04296,1705142916,1705143059,143
frontier04297,1705142804,1705142990,186
frontier04298,1705143087,1705143101,14
frontier04299,1705142916,1705143056,140
frontier04300,1705143140,1705143150,10
frontier04301,1705142753,1705142919,166
frontier04302,1705142916,1705143059,143
frontier04303,1705142917,1705143058,141
frontier04304,1705142916,1705143057,141
frontier04305,1705142821,1705143018,197
frontier04306,1705142648,1705142709,61
frontier04307,1705142913,1705143058,145
frontier04308,1705142916,1705143057,141
frontier04309,1705142857,1705143037,180
frontier04310,1705142822,1705143021,199
frontier04311,1705142956,1705143067,111
frontier04312,1705142682,1705142725,43
frontier04313,1705142888,1705143041,153
frontier04314,1705142844,1705143034,190
frontier04315,1705142667,1705142700,33
frontier04316,1705142987,1705143067,80
frontier04317,1705142956,1705143067,111
frontier04318,1705142916,1705143061,145
frontier04319,1705142884,1705143054,170
frontier04320,1705142859,1705143057,198
frontier04321,1705142750,1705142884,134
frontier04322,1705142916,1705143058,142
frontier04323,1705142916,1705143058,142
frontier04324,1705142881,1705143047,166
frontier04325,1705142916,1705143059,143
frontier04326,1705142916,1705143059,143
frontier04327,1705142753,1705142885,132
frontier04328,1705142848,1705143037,189
frontier04329,1705142955,1705143061,106
frontier04330,1705142985,1705143068,83
frontier04331,1705142695,1705142764,69
frontier04332,1705142956,1705143067,111
frontier04333,1705142954,1705143062,108
frontier04334,1705142859,1705143048,189
frontier04335,1705143104,1705143115,11
frontier04336,1705142848,1705143036,188
frontier04337,1705142914,1705143058,144
frontier04338,1705142854,1705143042,188
frontier04339,1705142753,1705142919,166
frontier04340,1705142676,1705142710,34
frontier04341,1705142702,1705142802,100
frontier04342,1705142916,1705143058,142
frontier04343,1705143137,1705143149,12
frontier04344,1705142757,1705142918,161
frontier04345,1705142916,1705143058,142
frontier04346,1705142916,1705143061,145
frontier04347,1705142812,1705143008,196
frontier04348,1705142916,1705143062,146
frontier04349,1705142914,1705143057,143
frontier04350,1705142917,1705143058,141
frontier04351,1705142916,1705143059,143
frontier04352,1705142915,1705143054,139
frontier04353,1705142884,1705143058,174
frontier04354,1705142916,1705143057,141
frontier04355,1705142917,1705143058,141
frontier04356,1705142914,1705143067,153
frontier04357,1705142804,1705143014,210
frontier04358,1705142844,1705143040,196
frontier04359,1705142914,1705143059,145
frontier04360,1705142830,1705143022,192
frontier04361,1705142918,1705143058,140
frontier04362,1705142916,1705143055,139
frontier04363,1705143100,1705143110,10
frontier04364,1705142917,1705143061,144
frontier04365,1705143086,1705143098,12
frontier04366,1705142643,1705142673,30
frontier04367,1705142840,1705143029,189
frontier04368,1705142847,1705143014,167
frontier04369,1705142771,1705142924,153
frontier04371,1705143142,1705143150,8
frontier04372,1705142702,1705142800,98
frontier04373,1705142916,1705143057,141
frontier04374,1705142751,1705142893,142
frontier04375,1705142915,1705143060,145
frontier04376,1705142917,1705143051,134
frontier04377,1705143090,1705143100,10
frontier04378,1705142839,1705143036,197
frontier04379,1705142829,1705143020,191
frontier04380,1705142825,1705142988,163
frontier04381,1705142651,1705142679,28
frontier04382,1705142803,1705142991,188
frontier04383,1705142957,1705143064,107
frontier04384,1705142966,1705143066,100
frontier04385,1705142956,1705143066,110
frontier04386,1705142916,1705143058,142
frontier04387,1705142822,1705142997,175
frontier04388,1705143136,1705143149,13
frontier04389,1705142719,1705142837,118
frontier04390,1705142837,1705143028,191
frontier04391,1705142704,1705142804,100
frontier04392,1705142918,1705143042,124
frontier04393,1705142849,1705143033,184
frontier04394,1705142690,1705142748,58
frontier04395,1705142918,1705143058,140
frontier04396,1705142661,1705142689,28
frontier04397,1705142918,1705143058,140
frontier04398,1705143141,1705143150,9
frontier04399,1705142915,1705143058,143
frontier04400,1705142917,1705143059,142
frontier04401,1705142916,1705143060,144
frontier04402,1705142916,1705143057,141
frontier04403,1705142989,1705143068,79
frontier04404,1705142957,1705143064,107
frontier04405,1705142823,1705142989,166
frontier04406,1705142916,1705143059,143
frontier04407,1705142829,1705143030,201
frontier04408,1705142985,1705143067,82
frontier04409,1705142858,1705143041,183
frontier04410,1705142856,1705143040,184
frontier04411,1705142933,1705143066,133
frontier04413,1705142884,1705143058,174
frontier04414,1705142846,1705143041,195
frontier04415,1705142847,1705143036,189
frontier04416,1705142837,1705143029,192
frontier04417,1705142892,1705143052,160
frontier04418,1705142985,1705143067,82
frontier04419,1705142916,1705143057,141
frontier04421,1705142822,1705143013,191
frontier04422,1705143141,1705143150,9
frontier04423,1705142858,1705143041,183
frontier04424,1705142839,1705143021,182
frontier04425,1705142956,1705143067,111
frontier04426,1705143124,1705143134,10
frontier04427,1705142823,1705143019,196
frontier04428,1705142837,1705143029,192
frontier04429,1705142892,1705143055,163
frontier04430,1705142711,1705142822,111
frontier04431,1705142916,1705143061,145
frontier04432,1705142780,1705142953,173
frontier04433,1705142966,1705143066,100
frontier04434,1705143121,1705143131,10
frontier04435,1705142853,1705143035,182
frontier04436,1705143121,1705143130,9
frontier04437,1705142917,1705143045,128
frontier04438,1705142916,1705143058,142
frontier04439,1705142956,1705143067,111
frontier04440,1705142916,1705143055,139
frontier04441,1705142822,1705142983,161
frontier04442,1705142914,1705143058,144
frontier04443,1705142975,1705143067,92
frontier04444,1705142992,1705143068,76
frontier04445,1705142956,1705143066,110
frontier04446,1705142955,1705143063,108
frontier04447,1705142804,1705143002,198
frontier04448,1705142914,1705143058,144
frontier04449,1705142890,1705143058,168
frontier04450,1705142843,1705143033,190
frontier04451,1705142821,1705143000,179
frontier04452,1705142914,1705143051,137
frontier04453,1705143107,1705143117,10
frontier04454,1705142917,1705143059,142
frontier04455,1705142820,1705142987,167
frontier04456,1705142829,1705143031,202
frontier04457,1705142916,1705143057,141
frontier04458,1705142860,1705143038,178
frontier04459,1705142916,1705143058,142
frontier04460,1705142956,1705143067,111
frontier04462,1705142822,1705143023,201
frontier04463,1705142823,1705142987,164
frontier04464,1705142859,1705143045,186
frontier04465,1705142918,1705143058,140
frontier04466,1705142837,1705142975,138
frontier04467,1705142975,1705143066,91
frontier04468,1705142799,1705143007,208
frontier04469,1705142864,1705143039,175
frontier04470,1705142822,1705143014,192
frontier04471,1705142914,1705143057,143
frontier04472,1705142916,1705143058,142
frontier04473,1705142915,1705143059,144
frontier04474,1705142823,1705143006,183
frontier04475,1705142916,1705143055,139
frontier04476,1705142840,1705143035,195
frontier04477,1705142796,1705142992,196
frontier04478,1705142954,1705143062,108
frontier04479,1705142916,1705143058,142
frontier04480,1705142975,1705143066,91
frontier04481,1705142823,1705143028,205
frontier04482,1705142710,1705142816,106
frontier04483,1705142796,1705143007,211
frontier04484,1705143015,1705143069,54
frontier04485,1705142665,1705142694,29
frontier04486,1705142914,1705143056,142
frontier04487,1705142844,1705143030,186
frontier04488,1705142916,1705143061,145
frontier04489,1705143143,1705143150,7
frontier04490,1705142913,1705143058,145
frontier04491,1705142916,1705143059,143
frontier04492,1705142783,1705142968,185
frontier04493,1705142956,1705143063,107
frontier04494,1705142822,1705143015,193
frontier04495,1705142955,1705143063,108
frontier04496,1705142916,1705143055,139
frontier04497,1705142820,1705143023,203
frontier04498,1705142916,1705143058,142
frontier04499,1705142822,1705143014,192
frontier04500,1705142985,1705143068,83
frontier04501,1705142902,1705143041,139
frontier04502,1705142914,1705143060,146
frontier04503,1705142977,1705143066,89
frontier04504,1705142711,1705142822,111
frontier04505,1705142888,1705143041,153
frontier04506,1705143013,1705143069,56
frontier04507,1705142820,1705143003,183
frontier04508,1705142840,1705143037,197
frontier04509,1705143120,1705143130,10
frontier04510,1705143015,1705143070,55
frontier04511,1705142766,1705142954,188
frontier04512,1705142757,1705142921,164
frontier04513,1705142916,1705143056,140
frontier04514,1705142820,1705143015,195
frontier04515,1705143003,1705143069,66
frontier04516,1705142916,1705143058,142
frontier04517,1705142914,1705143060,146
frontier04518,1705143098,1705143109,11
frontier04519,1705142914,1705143057,143
frontier04520,1705142914,1705143058,144
frontier04521,1705142985,1705143068,83
frontier04522,1705143120,1705143129,9
frontier04523,1705142914,1705143058,144
frontier04524,1705142859,1705143032,173
frontier04525,1705142904,1705143047,143
frontier04526,1705142856,1705143035,179
frontier04527,1705142844,1705143031,187
frontier04528,1705142860,1705143053,193
frontier04529,1705142757,1705142914,157
frontier04530,1705142915,1705143053,138
frontier04531,1705142916,1705143058,142
frontier04532,1705142916,1705143060,144
frontier04533,1705142844,1705143020,176
frontier04534,1705142966,1705143066,100
frontier04535,1705142781,1705142955,174
frontier04536,1705142955,1705143063,108
frontier04537,1705142840,1705143033,193
frontier04538,1705142840,1705143015,175
frontier04539,1705142856,1705143051,195
frontier04540,1705142663,1705142693,30
frontier04541,1705142780,1705142980,200
frontier04542,1705142888,1705143058,170
frontier04543,1705142914,1705143061,147
frontier04544,1705142840,1705143026,186
frontier04545,1705142956,1705143067,111
frontier04546,1705142750,1705142892,142
frontier04547,1705142916,1705143055,139
frontier04548,1705142823,1705143023,200
frontier04549,1705142750,1705142913,163
frontier04550,1705142840,1705143023,183
frontier04551,1705142824,1705143014,190
frontier04552,1705142848,1705143035,187
frontier04553,1705142637,1705142664,27
frontier04554,1705142829,1705143018,189
frontier04555,1705142971,1705143067,96
frontier04556,1705142966,1705143066,100
frontier04557,1705142914,1705143056,142
frontier04558,1705142916,1705143058,142
frontier04559,1705142829,1705143032,203
frontier04560,1705142914,1705143049,135
frontier04561,1705142823,1705143020,197
frontier04562,1705142883,1705143046,163
frontier04563,1705142966,1705143064,98
frontier04564,1705142916,1705143058,142
frontier04565,1705142844,1705143029,185
frontier04566,1705142843,1705143040,197
frontier04567,1705142917,1705143058,141
frontier04568,1705142916,1705143058,142
frontier04569,1705142966,1705143067,101
frontier04571,1705142757,1705142923,166
frontier04572,1705142820,1705143013,193
frontier04573,1705142724,1705142842,118
frontier04574,1705142998,1705143068,70
frontier04575,1705142956,1705143066,110
frontier04576,1705142914,1705143058,144
frontier04577,1705143095,1705143106,11
frontier04578,1705142916,1705143058,142
frontier04579,1705142840,1705143034,194
frontier04580,1705142966,1705143066,100
frontier04581,1705142844,1705143038,194
frontier04582,1705142849,1705143023,174
frontier04583,1705142840,1705143031,191
frontier04584,1705142975,1705143067,92
frontier04585,1705142780,1705142954,174
frontier04586,1705142956,1705143064,108
frontier04587,1705143132,1705143147,15
frontier04588,1705142840,1705143017,177
frontier04589,1705143117,1705143127,10
frontier04590,1705142650,1705142676,26
frontier04591,1705142643,1705142665,22
frontier04592,1705142916,1705143058,142
frontier04593,1705142845,1705143029,184
frontier04594,1705142916,1705143060,144
frontier04595,1705142975,1705143064,89
frontier04596,1705142837,1705143023,186
frontier04597,1705142848,1705143022,174
frontier04598,1705142957,1705143064,107
frontier04599,1705142966,1705143064,98
frontier04600,1705142916,1705143061,145
frontier04601,1705142916,1705143059,143
frontier04602,1705142760,1705142924,164
frontier04603,1705142744,1705142879,135
frontier04604,1705142918,1705143058,140
frontier04606,1705142800,1705142993,193
frontier04607,1705143132,1705143147,15
frontier04608,1705142822,1705143029,207
frontier04609,1705142711,1705142823,112
frontier04610,1705142840,1705143026,186
frontier04611,1705142975,1705143067,92
frontier04612,1705142860,1705143033,173
frontier04613,1705142916,1705143059,143
frontier04614,1705143146,1705143150,4
frontier04615,1705142988,1705143067,79
frontier04616,1705142780,1705142928,148
frontier04617,1705142860,1705143043,183
frontier04618,1705143083,1705143092,9
frontier04619,1705142822,1705143015,193
frontier04620,1705143131,1705143147,16
frontier04621,1705142711,1705142823,112
frontier04622,1705142918,1705143058,140
frontier04623,1705142765,1705142925,160
frontier04624,1705142966,1705143064,98
frontier04625,1705142916,1705143058,142
frontier04626,1705142892,1705143059,167
frontier04627,1705142848,1705143022,174
frontier04628,1705143093,1705143104,11
frontier04629,1705142621,1705142648,27
frontier04630,1705142918,1705143058,140
frontier04631,1705142916,1705143055,139
frontier04632,1705142954,1705143061,107
frontier04633,1705142914,1705143058,144
frontier04634,1705142914,1705143058,144
frontier04635,1705142975,1705143067,92
frontier04636,1705142701,1705142790,89
frontier04637,1705142916,1705143059,143
frontier04638,1705143112,1705143122,10
frontier04639,1705142694,1705142771,77
frontier04640,1705142916,1705143058,142
frontier04641,1705142916,1705143058,142
frontier04642,1705142839,1705143019,180
frontier04643,1705142892,1705143059,167
frontier04644,1705142856,1705143040,184
frontier04645,1705142914,1705143057,143
frontier04646,1705142987,1705143068,81
frontier04647,1705142826,1705143001,175
frontier04648,1705142843,1705142989,146
frontier04649,1705142858,1705143041,183
frontier04650,1705142840,1705143023,183
frontier04651,1705142623,1705142651,28
frontier04652,1705142916,1705143061,145
frontier04653,1705142643,1705142665,22
frontier04654,1705142916,1705143058,142
frontier04655,1705142822,1705143030,208
frontier04656,1705142823,1705143013,190
frontier04657,1705143122,1705143132,10
frontier04658,1705142830,1705143028,198
frontier04659,1705142938,1705143066,128
frontier04660,1705142656,1705142684,28
frontier04661,1705142966,1705143064,98
frontier04662,1705142847,1705143015,168
frontier04663,1705142917,1705143058,141
frontier04664,1705142822,1705143009,187
frontier04665,1705142916,1705143058,142
frontier04666,1705142916,1705143058,142
frontier04667,1705142912,1705143037,125
frontier04669,1705142681,1705142725,44
frontier04670,1705142632,1705142649,17
frontier04671,1705142916,1705143058,142
frontier04672,1705142957,1705143064,107
frontier04673,1705142659,1705142692,33
frontier04674,1705142840,1705143039,199
frontier04675,1705142914,1705143057,143
frontier04676,1705142914,1705143058,144
frontier04677,1705142644,1705142668,24
frontier04678,1705142918,1705143060,142
frontier04679,1705143087,1705143096,9
frontier04680,1705142830,1705143018,188
frontier04681,1705142796,1705143001,205
frontier04682,1705142916,1705143057,141
frontier04683,1705143122,1705143131,9
frontier04684,1705142916,1705143058,142
frontier04685,1705143098,1705143109,11
frontier04686,1705142918,1705143058,140
frontier04687,1705142885,1705143058,173
frontier04688,1705143019,1705143070,51
frontier04689,1705142830,1705143017,187
frontier04690,1705142916,1705143047,131
frontier04691,1705142916,1705143059,143
frontier04692,1705142957,1705143066,109
frontier04693,1705142796,1705142992,196
frontier04694,1705142985,1705143067,82
frontier04696,1705142892,1705143056,164
frontier04697,1705143119,1705143128,9
frontier04698,1705142916,1705143061,145
frontier04699,1705142647,1705142673,26
frontier04700,1705143001,1705143069,68
frontier04701,1705142693,1705142766,73
frontier04702,1705142975,1705143066,91
frontier04703,1705142757,1705142891,134
frontier04704,1705142914,1705143057,143
frontier04705,1705142956,1705143067,111
frontier04706,1705142644,1705142667,23
frontier04707,1705142966,1705143066,100
frontier04708,1705143138,1705143149,11
frontier04709,1705142823,1705142913,90
frontier04710,1705142914,1705143038,124
frontier04711,1705142974,1705143067,93
frontier04712,1705142966,1705143064,98
frontier04713,1705142622,1705142653,31
frontier04714,1705142841,1705143029,188
frontier04715,1705142957,1705143067,110
frontier04716,1705142975,1705143066,91
frontier04717,1705142956,1705143067,111
frontier04718,1705142916,1705143058,142
frontier04719,1705142916,1705143060,144
frontier04720,1705142851,1705143026,175
frontier04721,1705142692,1705142758,66
frontier04722,1705142966,1705143064,98
frontier04723,1705142917,1705143058,141
frontier04724,1705143015,1705143069,54
frontier04725,1705142987,1705143068,81
frontier04726,1705142822,1705143019,197
frontier04727,1705142903,1705143058,155
frontier04728,1705142916,1705143061,145
frontier04729,1705142914,1705143059,145
frontier04730,1705143100,1705143110,10
frontier04731,1705142848,1705143045,197
frontier04734,1705142916,1705143058,142
frontier04735,1705142966,1705143067,101
frontier04736,1705142916,1705143056,140
frontier04737,1705142843,1705143007,164
frontier04738,1705142916,1705143058,142
frontier04739,1705142914,1705143058,144
frontier04740,1705142916,1705143058,142
frontier04741,1705142668,1705142700,32
frontier04742,1705142620,1705142645,25
frontier04743,1705142674,1705142702,28
frontier04744,1705143123,1705143133,10
frontier04745,1705142914,1705143060,146
frontier04746,1705142916,1705143058,142
frontier04747,1705142804,1705143007,203
frontier04748,1705142840,1705143019,179
frontier04749,1705142985,1705143068,83
frontier04750,1705143101,1705143112,11
frontier04751,1705142846,1705143041,195
frontier04752,1705142917,1705143058,141
frontier04753,1705142916,1705143060,144
frontier04754,1705142966,1705143064,98
frontier04755,1705142956,1705143067,111
frontier04756,1705142676,1705142708,32
frontier04757,1705142985,1705143067,82
frontier04758,1705142914,1705143059,145
frontier04759,1705142876,1705143055,179
frontier04760,1705142916,1705143059,143
frontier04761,1705142854,1705143043,189
frontier04762,1705142750,1705142890,140
frontier04763,1705142692,1705142751,59
frontier04764,1705143113,1705143123,10
frontier04765,1705142985,1705143067,82
frontier04766,1705142682,1705142729,47
frontier04767,1705142663,1705142696,33
frontier04768,1705142966,1705143066,100
frontier04769,1705142844,1705143041,197
frontier04770,1705142989,1705143069,80
frontier04771,1705142750,1705142892,142
frontier04772,1705142916,1705143058,142
frontier04773,1705142917,1705143046,129
frontier04774,1705142917,1705143060,143
frontier04775,1705143132,1705143147,15
frontier04776,1705142985,1705143067,82
frontier04777,1705142840,1705143020,180
frontier04778,1705142916,1705143056,140
frontier04779,1705143147,1705143150,3
frontier04780,1705142917,1705143060,143
frontier04781,1705142783,1705142974,191
frontier04782,1705142918,1705143058,140
frontier04783,1705142648,1705142670,22
frontier04784,1705142718,1705142828,110
frontier04785,1705142823,1705143011,188
frontier04786,1705142957,1705143066,109
frontier04787,1705142890,1705143057,167
frontier04788,1705142753,1705142914,161
frontier04789,1705143132,1705143147,15
frontier04790,1705142750,1705142890,140
frontier04791,1705142673,1705142700,27
frontier04792,1705142916,1705143043,127
frontier04793,1705142709,1705142813,104
frontier04794,1705142916,1705143058,142
frontier04795,1705142611,1705142624,13
frontier04796,1705142956,1705143067,111
frontier04797,1705142916,1705143058,142
frontier04798,1705142844,1705143034,190
frontier04799,1705142840,1705143030,190
frontier04800,1705142915,1705143058,143
frontier04801,1705142914,1705143057,143
frontier04802,1705142892,1705143052,160
frontier04803,1705142954,1705143066,112
frontier04804,1705142916,1705143060,144
frontier04805,1705142916,1705143059,143
frontier04806,1705142916,1705143058,142
frontier04807,1705142673,1705142701,28
frontier04808,1705142812,1705143007,195
frontier04809,1705143091,1705143104,13
frontier04810,1705142844,1705143030,186
frontier04811,1705142693,1705142765,72
frontier04812,1705142994,1705143069,75
frontier04813,1705142860,1705143047,187
frontier04814,1705142850,1705143040,190
frontier04815,1705142916,1705143059,143
frontier04816,1705142916,1705143055,139
frontier04817,1705142823,1705143023,200
frontier04818,1705142956,1705143066,110
frontier04819,1705142954,1705143061,107
frontier04820,1705142603,1705142621,18
frontier04821,1705142917,1705143058,141
frontier04822,1705142840,1705143035,195
frontier04823,1705142744,1705142882,138
frontier04824,1705142975,1705143068,93
frontier04825,1705142915,1705143059,144
frontier04826,1705142850,1705143022,172
frontier04827,1705142977,1705143066,89
frontier04828,1705142916,1705143058,142
frontier04829,1705143101,1705143112,11
frontier04830,1705142917,1705143059,142
frontier04831,1705142900,1705143058,158
frontier04832,1705143147,1705143150,3
frontier04833,1705142750,1705142883,133
frontier04834,1705142916,1705143054,138
frontier04835,1705142915,1705143061,146
frontier04836,1705142985,1705143067,82
frontier04837,1705142985,1705143068,83
frontier04838,1705143141,1705143150,9
frontier04839,1705142913,1705143059,146
frontier04840,1705142860,1705143053,193
frontier04841,1705142702,1705142811,109
frontier04842,1705143130,1705143146,16
frontier04843,1705142914,1705143057,143
frontier04844,1705143139,1705143150,11
frontier04845,1705142937,1705143054,117
frontier04846,1705142916,1705143056,140
frontier04847,1705142966,1705143067,101
frontier04848,1705142823,1705143028,205
frontier04849,1705142914,1705143067,153
frontier04850,1705143100,1705143110,10
frontier04851,1705142824,1705143032,208
frontier04852,1705142913,1705143058,145
frontier04853,1705142823,1705143018,195
frontier04854,1705142966,1705143064,98
frontier04855,1705142957,1705143067,110
frontier04856,1705142914,1705143057,143
frontier04857,1705142918,1705143058,140
frontier04858,1705142913,1705143058,145
frontier04859,1705142840,1705143015,175
frontier04860,1705142840,1705142913,73
frontier04861,1705142914,1705143058,144
frontier04862,1705142913,1705143050,137
frontier04863,1705142841,1705143023,182
frontier04864,1705142844,1705143030,186
frontier04865,1705142914,1705143067,153
frontier04866,1705143091,1705143102,11
frontier04867,1705142916,1705143060,144
frontier04868,1705142859,1705143055,196
frontier04869,1705142918,1705143057,139
frontier04870,1705142924,1705143016,92
frontier04871,1705142975,1705143068,93
frontier04872,1705142918,1705143057,139
frontier04873,1705142843,1705143038,195
frontier04874,1705142966,1705143064,98
frontier04875,1705142844,1705143040,196
frontier04876,1705142826,1705143023,197
frontier04877,1705142956,1705143067,111
frontier04878,1705143138,1705143150,12
frontier04879,1705142915,1705143057,142
frontier04880,1705142840,1705143014,174
frontier04881,1705142804,1705142991,187
frontier04882,1705142917,1705143059,142
frontier04883,1705142985,1705143068,83
frontier04884,1705142650,1705142680,30
frontier04885,1705142860,1705142860,0
frontier04886,1705142844,1705143024,180
frontier04887,1705142916,1705143061,145
frontier04888,1705142859,1705143052,193
frontier04889,1705142916,1705143061,145
frontier04890,1705143085,1705143092,7
frontier04891,1705142699,1705142796,97
frontier04892,1705142844,1705143028,184
frontier04893,1705142988,1705143067,79
frontier04894,1705142916,1705143058,142
frontier04895,1705142702,1705142811,109
frontier04896,1705142644,1705142667,23
frontier04897,1705142916,1705143057,141
frontier04898,1705142750,1705142884,134
frontier04899,1705142837,1705143037,200
frontier04900,1705142916,1705143059,143
frontier04901,1705142966,1705143066,100
frontier04902,1705142913,1705143059,146
frontier04903,1705142916,1705143059,143
frontier04904,1705142989,1705143068,79
frontier04905,1705142915,1705143055,140
frontier04906,1705142751,1705142884,133
frontier04907,1705142915,1705143059,144
frontier04909,1705143132,1705143147,15
frontier04910,1705142840,1705143015,175
frontier04911,1705142648,1705142681,33
frontier04912,1705142840,1705143027,187
frontier04913,1705142846,1705143045,199
frontier04914,1705142843,1705143037,194
frontier04915,1705142915,1705143059,144
frontier04916,1705142823,1705143008,185
frontier04917,1705142685,1705142724,39
frontier04918,1705142821,1705143014,193
frontier04919,1705142915,1705143058,143
frontier04920,1705142848,1705143046,198
frontier04921,1705142823,1705143016,193
frontier04922,1705142988,1705143068,80
frontier04923,1705142848,1705143037,189
frontier04924,1705142821,1705142993,172
frontier04925,1705142923,1705143061,138
frontier04926,1705142822,1705143015,193
frontier04927,1705142843,1705143013,170
frontier04928,1705142822,1705143010,188
frontier04929,1705142955,1705143063,108
frontier04930,1705143015,1705143069,54
frontier04931,1705143093,1705143104,11
frontier04932,1705142993,1705143068,75
frontier04933,1705142860,1705143054,194
frontier04934,1705142916,1705143059,143
frontier04935,1705142975,1705143066,91
frontier04936,1705142916,1705143060,144
frontier04937,1705143123,1705143132,9
frontier04938,1705142956,1705143066,110
frontier04939,1705142750,1705142884,134
frontier04940,1705142840,1705143029,189
frontier04941,1705142858,1705143044,186
frontier04942,1705142966,1705143066,100
frontier04943,1705142822,1705143028,206
frontier04944,1705142863,1705143043,180
frontier04945,1705143119,1705143128,9
frontier04946,1705142987,1705143067,80
frontier04947,1705142694,1705142762,68
frontier04948,1705142916,1705143058,142
frontier04949,1705142914,1705143055,141
frontier04950,1705142812,1705143011,199
frontier04951,1705142916,1705143051,135
frontier04952,1705142966,1705143067,101
frontier04953,1705142822,1705143009,187
frontier04954,1705142975,1705143066,91
frontier04955,1705142844,1705143020,176
frontier04956,1705142837,1705143014,177
frontier04957,1705142805,1705143016,211
frontier04958,1705142711,1705142823,112
frontier04959,1705142710,1705142816,106
frontier04960,1705142650,1705142679,29
frontier04961,1705142884,1705143058,174
frontier04962,1705142757,1705142916,159
frontier04963,1705142648,1705142673,25
frontier04964,1705142840,1705143014,174
frontier04965,1705142975,1705143067,92
frontier04966,1705143096,1705143109,13
frontier04967,1705142847,1705143031,184
frontier04968,1705142916,1705143060,144
frontier04969,1705142985,1705143067,82
frontier04970,1705142970,1705143064,94
frontier04971,1705142916,1705143058,142
frontier04972,1705142916,1705143059,143
frontier04973,1705142693,1705142760,67
frontier04974,1705142732,1705142853,121
frontier04975,1705142956,1705143066,110
frontier04976,1705142916,1705143056,140
frontier04977,1705142916,1705143058,142
frontier04978,1705142916,1705143058,142
frontier04979,1705142916,1705143056,140
frontier04980,1705142916,1705143057,141
frontier04981,1705142805,1705142992,187
frontier04982,1705142820,1705142982,162
frontier04983,1705142750,1705142889,139
frontier04984,1705142750,1705142884,134
frontier04985,1705142923,1705142940,17
frontier04986,1705142750,1705142884,134
frontier04987,1705142914,1705143058,144
frontier04988,1705142667,1705142698,31
frontier04989,1705142916,1705143054,138
frontier04990,1705142914,1705143057,143
frontier04991,1705142985,1705143067,82
frontier04992,1705142826,1705143018,192
frontier04993,1705142957,1705143066,109
frontier04994,1705142844,1705143030,186
frontier04995,1705142837,1705143037,200
frontier04996,1705142970,1705143064,94
frontier04997,1705142750,1705142883,133
frontier04998,1705142916,1705143057,141
frontier04999,1705142916,1705143058,142
frontier05000,1705142916,1705143058,142
frontier05001,1705142915,1705143060,145
frontier05002,1705142812,1705143006,194
frontier05003,1705142840,1705143015,175
frontier05004,1705142987,1705143067,80
frontier05005,1705142706,1705142802,96
frontier05006,1705142916,1705143058,142
frontier05007,1705142704,1705142802,98
frontier05008,1705142609,1705142622,13
frontier05009,1705142956,1705143066,110
frontier05010,1705142916,1705143058,142
frontier05011,1705142852,1705143036,184
frontier05012,1705143102,1705143112,10
frontier05013,1705142916,1705143058,142
frontier05014,1705142751,1705142883,132
frontier05015,1705142956,1705143067,111
frontier05016,1705142804,1705143014,210
frontier05017,1705142711,1705142822,111
frontier05018,1705142916,1705143059,143
frontier05019,1705142881,1705143047,166
frontier05020,1705142619,1705142648,29
frontier05021,1705142916,1705143058,142
frontier05022,1705142846,1705143048,202
frontier05023,1705142822,1705142988,166
frontier05024,1705142824,1705143016,192
frontier05025,1705142844,1705143028,184
frontier05026,1705142916,1705143058,142
frontier05027,1705142854,1705143051,197
frontier05028,1705142849,1705143022,173
frontier05029,1705143070,1705143080,10
frontier05030,1705142711,1705142823,112
frontier05031,1705142915,1705143058,143
frontier05032,1705142859,1705143041,182
frontier05033,1705142851,1705143035,184
frontier05034,1705142916,1705143058,142
frontier05035,1705142837,1705143035,198
frontier05036,1705142989,1705143069,80
frontier05037,1705142796,1705143002,206
frontier05038,1705142840,1705143020,180
frontier05039,1705143091,1705143102,11
frontier05040,1705142840,1705143029,189
frontier05041,1705142757,1705142892,135
frontier05043,1705142988,1705143067,79
frontier05044,1705142916,1705143055,139
frontier05045,1705142975,1705143066,91
frontier05046,1705142759,1705142923,164
frontier05047,1705142915,1705143059,144
frontier05048,1705142752,1705142885,133
frontier05049,1705142823,1705143010,187
frontier05050,1705142917,1705143061,144
frontier05051,1705143116,1705143126,10
frontier05052,1705142916,1705143058,142
frontier05053,1705143099,1705143110,11
frontier05054,1705142985,1705143068,83
frontier05055,1705142916,1705143056,140
frontier05056,1705142915,1705143059,144
frontier05057,1705142913,1705143059,146
frontier05058,1705142957,1705143067,110
frontier05059,1705142966,1705143066,100
frontier05060,1705142655,1705142680,25
frontier05061,1705142923,1705143060,137
frontier05062,1705142919,1705143063,144
frontier05063,1705142847,1705143034,187
frontier05064,1705142915,1705143059,144
frontier05065,1705142837,1705143018,181
frontier05066,1705142834,1705142998,164
frontier05067,1705142914,1705143058,144
frontier05068,1705142858,1705143052,194
frontier05069,1705142914,1705143059,145
frontier05070,1705142989,1705143068,79
frontier05071,1705142840,1705143018,178
frontier05072,1705142917,1705143058,141
frontier05073,1705142668,1705142701,33
frontier05074,1705142915,1705143062,147
frontier05075,1705142851,1705143046,195
frontier05076,1705142682,1705142729,47
frontier05077,1705143119,1705143128,9
frontier05078,1705142956,1705143067,111
frontier05079,1705142918,1705143059,141
frontier05080,1705142853,1705143049,196
frontier05081,1705143145,1705143150,5
frontier05082,1705142916,1705143062,146
frontier05083,1705142916,1705143060,144
frontier05084,1705142966,1705143066,100
frontier05085,1705142966,1705143064,98
frontier05086,1705142750,1705142893,143
frontier05087,1705142914,1705143058,144
frontier05088,1705143015,1705143069,54
frontier05089,1705142744,1705142876,132
frontier05090,1705143101,1705143112,11
frontier05091,1705142956,1705143063,107
frontier05092,1705142843,1705143038,195
frontier05093,1705142916,1705143060,144
frontier05094,1705142892,1705143058,166
frontier05095,1705142846,1705143041,195
frontier05096,1705142917,1705143058,141
frontier05097,1705142916,1705143058,142
frontier05098,1705142915,1705143059,144
frontier05099,1705142916,1705143058,142
frontier05100,1705142649,1705142679,30
frontier05101,1705142918,1705143058,140
frontier05102,1705142914,1705143058,144
frontier05103,1705142850,1705143049,199
frontier05104,1705142822,1705143023,201
frontier05105,1705142914,1705143053,139
frontier05106,1705143001,1705143068,67
frontier05107,1705142701,1705142801,100
frontier05108,1705142847,1705143015,168
frontier05109,1705142620,1705142640,20
frontier05110,1705142696,1705142783,87
frontier05111,1705142977,1705143067,90
frontier05112,1705143001,1705143068,67
frontier05113,1705142914,1705143058,144
frontier05114,1705142916,1705143059,143
frontier05115,1705142860,1705143039,179
frontier05116,1705142916,1705143059,143
frontier05117,1705142847,1705143029,182
frontier05118,1705142985,1705143067,82
frontier05119,1705142916,1705143049,133
frontier05120,1705142957,1705143067,110
frontier05121,1705142913,1705143057,144
frontier05122,1705142918,1705143058,140
frontier05123,1705142917,1705143058,141
frontier05124,1705142914,1705143060,146
frontier05125,1705142796,1705142987,191
frontier05126,1705142805,1705142994,189
frontier05127,1705142916,1705143058,142
frontier05128,1705142706,1705142809,103
frontier05129,1705142742,1705142865,123
frontier05130,1705142848,1705143033,185
frontier05131,1705142849,1705143037,188
frontier05132,1705142860,1705143047,187
frontier05133,1705142843,1705143031,188
frontier05134,1705142970,1705143066,96
frontier05135,1705143143,1705143150,7
frontier05136,1705142843,1705143036,193
frontier05137,1705143128,1705143142,14
frontier05138,1705142712,1705142816,104
frontier05139,1705142917,1705143058,141
frontier05140,1705142914,1705143067,153
frontier05141,1705142822,1705143007,185
frontier05142,1705142648,1705142669,21
frontier05143,1705142649,1705142674,25
frontier05144,1705142975,1705143067,92
frontier05145,1705142659,1705142690,31
frontier05146,1705142918,1705143058,140
frontier05147,1705142750,1705142884,134
frontier05148,1705142954,1705143062,108
frontier05149,1705142771,1705142957,186
frontier05150,1705142613,1705142631,18
frontier05151,1705142854,1705143038,184
frontier05152,1705143103,1705143113,10
frontier05153,1705142884,1705143057,173
frontier05154,1705142966,1705143064,98
frontier05155,1705142620,1705142648,28
frontier05156,1705142668,1705142700,32
frontier05157,1705142844,1705143028,184
frontier05158,1705142966,1705143064,98
frontier05159,1705142851,1705143026,175
frontier05160,1705142822,1705143008,186
frontier05161,1705142840,1705143019,179
frontier05162,1705143107,1705143117,10
frontier05163,1705142992,1705143068,76
frontier05164,1705143118,1705143127,9
frontier05165,1705142917,1705143048,131
frontier05166,1705142843,1705143014,171
frontier05167,1705142839,1705143013,174
frontier05168,1705142916,1705143058,142
frontier05169,1705142847,1705143035,188
frontier05170,1705142750,1705142883,133
frontier05171,1705142791,1705142976,185
frontier05172,1705142754,1705142914,160
frontier05173,1705142829,1705143019,190
frontier05174,1705142892,1705143053,161
frontier05175,1705142957,1705143064,107
frontier05176,1705143095,1705143106,11
frontier05177,1705142914,1705143055,141
frontier05178,1705142843,1705143017,174
frontier05179,1705142916,1705143056,140
frontier05180,1705142916,1705143058,142
frontier05181,1705142966,1705143067,101
frontier05182,1705142694,1705142763,69
frontier05183,1705142812,1705143008,196
frontier05184,1705142744,1705142876,132
frontier05185,1705142989,1705143068,79
frontier05186,1705142850,1705143030,180
frontier05187,1705142916,1705143053,137
frontier05188,1705142648,1705142669,21
frontier05189,1705142938,1705143064,126
frontier05190,1705142916,1705143057,141
frontier05191,1705142847,1705143029,182
frontier05192,1705143101,1705143111,10
frontier05193,1705142750,1705142893,143
frontier05194,1705142709,1705142811,102
frontier05195,1705142648,1705142669,21
frontier05196,1705142840,1705143023,183
frontier05197,1705142840,1705143029,189
frontier05198,1705142828,1705143019,191
frontier05199,1705142623,1705142649,26
frontier05200,1705143145,1705143150,5
frontier05201,1705142915,1705143058,143
frontier05202,1705142853,1705143042,189
frontier05203,1705142822,1705143014,192
frontier05204,1705142678,1705142714,36
frontier05205,1705142652,1705142675,23
frontier05206,1705142916,1705143058,142
frontier05207,1705142970,1705143066,96
frontier05208,1705142884,1705143046,162
frontier05209,1705142855,1705143052,197
frontier05210,1705142916,1705143057,141
frontier05211,1705142820,1705143015,195
frontier05212,1705142840,1705143026,186
frontier05213,1705142918,1705143058,140
frontier05214,1705142803,1705142994,191
frontier05215,1705142956,1705143067,111
frontier05216,1705142750,1705142883,133
frontier05217,1705142750,1705142893,143
frontier05218,1705142843,1705143028,185
frontier05219,1705142840,1705143029,189
frontier05220,1705142985,1705143067,82
frontier05221,1705142966,1705143064,98
frontier05222,1705142916,1705143058,142
frontier05223,1705142844,1705143036,192
frontier05224,1705142916,1705143058,142
frontier05225,1705142914,1705143057,143
frontier05226,1705142829,1705143022,193
frontier05227,1705142858,1705143035,177
frontier05228,1705142823,1705142985,162
frontier05229,1705143101,1705143112,11
frontier05230,1705142822,1705143013,191
frontier05231,1705142844,1705143039,195
frontier05232,1705142914,1705143058,144
frontier05233,1705142915,1705143057,142
frontier05234,1705142830,1705142994,164
frontier05235,1705142915,1705143058,143
frontier05236,1705142837,1705143018,181
frontier05237,1705142858,1705143054,196
frontier05238,1705142975,1705143067,92
frontier05239,1705142885,1705143058,173
frontier05240,1705142966,1705143066,100
frontier05241,1705143112,1705143122,10
frontier05242,1705142916,1705143051,135
frontier05243,1705142914,1705143056,142
frontier05244,1705142956,1705143067,111
frontier05245,1705142697,1705142775,78
frontier05246,1705142840,1705143029,189
frontier05247,1705143099,1705143109,10
frontier05248,1705142789,1705142980,191
frontier05249,1705143132,1705143148,16
frontier05250,1705142957,1705143066,109
frontier05251,1705142822,1705143020,198
frontier05252,1705142971,1705143066,95
frontier05253,1705142915,1705143058,143
frontier05254,1705142914,1705143051,137
frontier05255,1705142843,1705143012,169
frontier05256,1705142876,1705143036,160
frontier05257,1705142916,1705143058,142
frontier05258,1705142916,1705143056,140
frontier05259,1705143104,1705143114,10
frontier05260,1705142840,1705143037,197
frontier05261,1705143140,1705143150,10
frontier05262,1705142718,1705142830,112
frontier05263,1705142844,1705143042,198
frontier05264,1705142821,1705143014,193
frontier05265,1705142648,1705142673,25
frontier05266,1705142863,1705143044,181
frontier05267,1705142915,1705143058,143
frontier05268,1705142850,1705143048,198
frontier05269,1705142829,1705143030,201
frontier05270,1705142860,1705143055,195
frontier05271,1705142823,1705143013,190
frontier05272,1705142816,1705143006,190
frontier05273,1705143141,1705143150,9
frontier05274,1705142840,1705143015,175
frontier05275,1705142822,1705143017,195
frontier05276,1705142813,1705143006,193
frontier05277,1705142840,1705143023,183
frontier05278,1705142917,1705143061,144
frontier05279,1705142917,1705143059,142
frontier05280,1705142704,1705142810,106
frontier05281,1705142881,1705143036,155
frontier05282,1705142864,1705143043,179
frontier05283,1705142916,1705143050,134
frontier05284,1705142840,1705143028,188
frontier05285,1705142977,1705143067,90
frontier05286,1705142803,1705143002,199
frontier05287,1705142840,1705143041,201
frontier05288,1705142844,1705143016,172
frontier05289,1705142673,1705142700,27
frontier05290,1705142682,1705142727,45
frontier05291,1705142975,1705143067,92
frontier05292,1705142916,1705143059,143
frontier05293,1705142914,1705143059,145
frontier05294,1705143088,1705143107,19
frontier05295,1705142809,1705142992,183
frontier05296,1705142860,1705143044,184
frontier05297,1705142917,1705143061,144
frontier05298,1705142822,1705143010,188
frontier05299,1705143015,1705143069,54
frontier05300,1705142975,1705143064,89
frontier05301,1705142840,1705143029,189
frontier05302,1705143136,1705143149,13
frontier05303,1705142916,1705143057,141
frontier05304,1705142823,1705143018,195
frontier05305,1705142975,1705143068,93
frontier05306,1705143082,1705143090,8
frontier05307,1705142822,1705142972,150
frontier05309,1705142849,1705143046,197
frontier05310,1705142623,1705142649,26
frontier05311,1705142825,1705143023,198
frontier05312,1705142915,1705143059,144
frontier05313,1705142650,1705142675,25
frontier05314,1705142916,1705143058,142
frontier05315,1705142757,1705142920,163
frontier05316,1705142824,1705143023,199
frontier05317,1705142975,1705143067,92
frontier05318,1705142644,1705142668,24
frontier05319,1705142916,1705143060,144
frontier05320,1705142917,1705143055,138
frontier05321,1705142771,1705142920,149
frontier05322,1705142847,1705143033,186
frontier05323,1705142840,1705143032,192
frontier05324,1705142849,1705143033,184
frontier05325,1705142985,1705143067,82
frontier05326,1705142650,1705142680,30
frontier05327,1705142799,1705142985,186
frontier05328,1705142673,1705142702,29
frontier05329,1705142916,1705143060,144
frontier05330,1705142916,1705143058,142
frontier05331,1705142989,1705143067,78
frontier05332,1705143092,1705143103,11
frontier05333,1705142916,1705143060,144
frontier05334,1705142954,1705143061,107
frontier05335,1705142750,1705142913,163
frontier05336,1705142840,1705143013,173
frontier05337,1705142692,1705142756,64
frontier05338,1705142820,1705142992,172
frontier05339,1705142853,1705143040,187
frontier05340,1705142916,1705143058,142
frontier05341,1705142824,1705143022,198
frontier05342,1705142856,1705143053,197
frontier05343,1705142916,1705143058,142
frontier05344,1705142956,1705143067,111
frontier05345,1705142916,1705143058,142
frontier05346,1705142711,1705142823,112
frontier05347,1705142916,1705143058,142
frontier05348,1705142827,1705143028,201
frontier05349,1705142664,1705142691,27
frontier05350,1705142750,1705142879,129
frontier05351,1705142823,1705143017,194
frontier05352,1705142822,1705142994,172
frontier05353,1705142823,1705143018,195
frontier05354,1705142840,1705143029,189
frontier05355,1705142780,1705142954,174
frontier05356,1705142916,1705143059,143
frontier05357,1705142966,1705143064,98
frontier05358,1705142750,1705142883,133
frontier05359,1705142750,1705142883,133
frontier05360,1705142915,1705143058,143
frontier05361,1705143132,1705143148,16
frontier05362,1705143015,1705143069,54
frontier05363,1705142840,1705143041,201
frontier05364,1705142915,1705143059,144
frontier05365,1705142825,1705143021,196
frontier05367,1705142837,1705143008,171
frontier05368,1705142916,1705143055,139
frontier05369,1705142823,1705143007,184
frontier05370,1705142939,1705143066,127
frontier05371,1705142643,1705142668,25
frontier05372,1705142823,1705143001,178
frontier05373,1705143085,1705143099,14
frontier05374,1705142916,1705143058,142
frontier05375,1705142648,1705142670,22
frontier05376,1705142917,1705143058,141
frontier05377,1705142885,1705143069,184
frontier05378,1705142916,1705143058,142
frontier05379,1705142859,1705143043,184
frontier05380,1705142840,1705143035,195
frontier05381,1705142917,1705143059,142
frontier05382,1705142823,1705143012,189
frontier05383,1705142890,1705143045,155
frontier05384,1705142987,1705143068,81
frontier05385,1705142966,1705143066,100
frontier05386,1705142923,1705143061,138
frontier05387,1705143134,1705143148,14
frontier05388,1705142917,1705143058,141
frontier05389,1705142913,1705143059,146
frontier05390,1705142765,1705142957,192
frontier05391,1705142916,1705143058,142
frontier05392,1705142985,1705143068,83
frontier05393,1705142966,1705143064,98
frontier05394,1705142837,1705143028,191
frontier05395,1705143097,1705143107,10
frontier05396,1705142859,1705143053,194
frontier05397,1705142750,1705142890,140
frontier05398,1705142918,1705143058,140
frontier05399,1705142844,1705143032,188
frontier05400,1705142840,1705143001,161
frontier05401,1705142689,1705142742,53
frontier05402,1705142916,1705143059,143
frontier05403,1705142704,1705142821,117
frontier05404,1705142988,1705143068,80
frontier05405,1705142829,1705143037,208
frontier05406,1705142847,1705143037,190
frontier05407,1705143101,1705143112,11
frontier05408,1705142876,1705143045,169
frontier05409,1705142956,1705143066,110
frontier05410,1705142916,1705143056,140
frontier05411,1705142913,1705143058,145
frontier05412,1705142842,1705143034,192
frontier05413,1705142843,1705143030,187
frontier05414,1705142916,1705143054,138
frontier05415,1705142837,1705143034,197
frontier05416,1705142966,1705143066,100
frontier05417,1705142803,1705143003,200
frontier05418,1705142968,1705143064,96
frontier05419,1705142918,1705143059,141
frontier05420,1705142751,1705142883,132
frontier05421,1705142916,1705143058,142
frontier05422,1705142823,1705143003,180
frontier05423,1705142917,1705143046,129
frontier05424,1705142750,1705142882,132
frontier05425,1705142700,1705142797,97
frontier05426,1705142720,1705142839,119
frontier05427,1705142699,1705142791,92
frontier05428,1705142822,1705143009,187
frontier05429,1705142985,1705143068,83
frontier05430,1705142856,1705143043,187
frontier05431,1705142704,1705142798,94
frontier05432,1705142840,1705143023,183
frontier05433,1705142840,1705143014,174
frontier05434,1705142839,1705143041,202
frontier05435,1705142625,1705142655,30
frontier05436,1705142917,1705143058,141
frontier05437,1705142992,1705143068,76
frontier05438,1705142918,1705143058,140
frontier05439,1705142993,1705143069,76
frontier05440,1705142846,1705143046,200
frontier05441,1705142876,1705143042,166
frontier05442,1705142916,1705143061,145
frontier05443,1705142956,1705143067,111
frontier05444,1705142848,1705143034,186
frontier05445,1705142670,1705142701,31
frontier05446,1705143131,1705143146,15
frontier05447,1705142923,1705143062,139
frontier05448,1705142705,1705142801,96
frontier05449,1705142829,1705143029,200
frontier05450,1705142861,1705143046,185
frontier05451,1705142822,1705143019,197
frontier05452,1705142822,1705143000,178
frontier05453,1705142892,1705143055,163
frontier05454,1705142989,1705143067,78
frontier05455,1705142956,1705143066,110
frontier05456,1705142916,1705143056,140
frontier05457,1705142918,1705143058,140
frontier05458,1705142914,1705143058,144
frontier05459,1705142994,1705143068,74
frontier05460,1705142823,1705143023,200
frontier05461,1705142968,1705143066,98
frontier05462,1705142822,1705142913,91
frontier05463,1705142841,1705143029,188
frontier05464,1705143113,1705143122,9
frontier05465,1705142753,1705142887,134
frontier05466,1705143002,1705143068,66
frontier05467,1705142813,1705143017,204
frontier05468,1705142966,1705143066,100
frontier05469,1705142966,1705143067,101
frontier05470,1705142916,1705143057,141
frontier05471,1705142848,1705143046,198
frontier05472,1705142966,1705143067,101
frontier05473,1705142803,1705142985,182
frontier05474,1705142890,1705143058,168
frontier05475,1705143119,1705143129,10
frontier05476,1705142709,1705142813,104
frontier05477,1705142822,1705143010,188
frontier05478,1705142813,1705142985,172
frontier05479,1705142822,1705143009,187
frontier05480,1705142914,1705143058,144
frontier05481,1705143145,1705143150,5
frontier05482,1705142841,1705143028,187
frontier05483,1705142890,1705143058,168
frontier05484,1705142975,1705143067,92
frontier05485,1705142990,1705143068,78
frontier05486,1705142711,1705142826,115
frontier05487,1705142916,1705143058,142
frontier05488,1705142917,1705143062,145
frontier05489,1705142829,1705143018,189
frontier05490,1705142913,1705143040,127
frontier05491,1705142916,1705143058,142
frontier05492,1705142822,1705142985,163
frontier05493,1705142966,1705143066,100
frontier05494,1705142843,1705143028,185
frontier05495,1705142840,1705143023,183
frontier05496,1705142824,1705143040,216
frontier05497,1705142823,1705143009,186
frontier05498,1705142915,1705143058,143
frontier05500,1705142916,1705143058,142
frontier05501,1705142823,1705143023,200
frontier05502,1705142823,1705143008,185
frontier05503,1705142750,1705142913,163
frontier05504,1705142884,1705143058,174
frontier05505,1705142652,1705142676,24
frontier05506,1705142916,1705143060,144
frontier05507,1705143136,1705143149,13
frontier05508,1705142985,1705143067,82
frontier05509,1705143145,1705143150,5
frontier05510,1705142917,1705143058,141
frontier05511,1705142750,1705142883,133
frontier05512,1705142623,1705142650,27
frontier05513,1705143130,1705143145,15
frontier05514,1705142750,1705142890,140
frontier05515,1705142915,1705143059,144
frontier05516,1705142966,1705143067,101
frontier05517,1705142915,1705143058,143
frontier05518,1705142914,1705143055,141
frontier05519,1705143108,1705143118,10
frontier05520,1705142710,1705142812,102
frontier05521,1705142892,1705143059,167
frontier05522,1705142829,1705143030,201
frontier05523,1705142694,1705142762,68
frontier05524,1705142843,1705143013,170
frontier05525,1705142659,1705142690,31
frontier05526,1705142892,1705143056,164
frontier05527,1705143125,1705143136,11
frontier05528,1705143003,1705143069,66
frontier05529,1705142854,1705143042,188
frontier05530,1705142824,1705143014,190
frontier05531,1705142750,1705142881,131
frontier05532,1705142822,1705143026,204
frontier05533,1705142840,1705143024,184
frontier05534,1705142966,1705143066,100
frontier05535,1705142840,1705143003,163
frontier05536,1705142823,1705143015,192
frontier05537,1705142918,1705143058,140
frontier05538,1705143015,1705143069,54
frontier05539,1705142956,1705143064,108
frontier05540,1705142844,1705143030,186
frontier05541,1705142918,1705143058,140
frontier05542,1705142918,1705143059,141
frontier05543,1705142822,1705143009,187
frontier05544,1705142966,1705143064,98
frontier05545,1705142916,1705143057,141
frontier05546,1705142842,1705143031,189
frontier05547,1705142966,1705143064,98
frontier05548,1705142916,1705143057,141
frontier05549,1705142711,1705142823,112
frontier05550,1705142668,1705142701,33
frontier05551,1705142665,1705142694,29
frontier05552,1705142918,1705143058,140
frontier05553,1705142810,1705143029,219
frontier05554,1705143143,1705143150,7
frontier05555,1705142914,1705143055,141
frontier05556,1705142843,1705143013,170
frontier05557,1705142916,1705143058,142
frontier05558,1705142916,1705143043,127
frontier05559,1705142916,1705143058,142
frontier05560,1705143089,1705143101,12
frontier05561,1705142989,1705143068,79
frontier05562,1705142690,1705142754,64
frontier05563,1705142988,1705143068,80
frontier05565,1705142917,1705143058,141
frontier05566,1705142916,1705143040,124
frontier05567,1705142844,1705143034,190
frontier05568,1705142916,1705143055,139
frontier05569,1705142846,1705143047,201
frontier05570,1705142837,1705143020,183
frontier05571,1705142918,1705143056,138
frontier05572,1705142753,1705142893,140
frontier05573,1705142916,1705143058,142
frontier05574,1705142651,1705142680,29
frontier05575,1705142659,1705142692,33
frontier05576,1705142653,1705142677,24
frontier05577,1705142916,1705143060,144
frontier05578,1705142863,1705143035,172
frontier05579,1705142700,1705142791,91
frontier05580,1705142693,1705142760,67
frontier05581,1705142966,1705143067,101
frontier05582,1705142916,1705143057,141
frontier05583,1705142916,1705143059,143
frontier05584,1705143111,1705143121,10
frontier05585,1705142917,1705143061,144
frontier05586,1705142966,1705143066,100
frontier05587,1705143015,1705143070,55
frontier05588,1705142966,1705143064,98
frontier05589,1705142822,1705142996,174
frontier05591,1705142837,1705143026,189
frontier05592,1705142916,1705143055,139
frontier05593,1705142954,1705143062,108
frontier05594,1705142859,1705143055,196
frontier05595,1705142843,1705143042,199
frontier05596,1705142913,1705143058,145
frontier05597,1705142822,1705143014,192
frontier05598,1705142968,1705143064,96
frontier05599,1705142990,1705143068,78
frontier05600,1705142883,1705143055,172
frontier05601,1705142985,1705143067,82
frontier05602,1705142924,1705143061,137
frontier05603,1705142840,1705143038,198
frontier05604,1705142750,1705142913,163
frontier05605,1705142917,1705143049,132
frontier05606,1705142916,1705143059,143
frontier05607,1705142822,1705143023,201
frontier05608,1705142956,1705143067,111
frontier05609,1705142682,1705142730,48
frontier05610,1705142667,1705142700,33
frontier05611,1705143123,1705143133,10
frontier05612,1705142966,1705143064,98
frontier05613,1705142916,1705143048,132
frontier05614,1705142956,1705143067,111
frontier05615,1705142956,1705143063,107
frontier05616,1705142650,1705142680,30
frontier05617,1705142987,1705143067,80
frontier05618,1705142914,1705143060,146
frontier05619,1705142841,1705143031,190
frontier05620,1705142822,1705143011,189
frontier05621,1705142966,1705143064,98
frontier05622,1705142914,1705143057,143
frontier05623,1705142820,1705143016,196
frontier05624,1705142840,1705143040,200
frontier05625,1705142840,1705143040,200
frontier05626,1705142888,1705143059,171
frontier05627,1705142860,1705143046,186
frontier05628,1705142916,1705143062,146
frontier05629,1705142648,1705142682,34
frontier05630,1705142620,1705142647,27
frontier05631,1705142632,1705142667,35
frontier05632,1705142916,1705143057,141
frontier05633,1705142711,1705142814,103
frontier05634,1705142914,1705143057,143
frontier05635,1705142659,1705142693,34
frontier05636,1705142820,1705142988,168
frontier05637,1705142985,1705143067,82
frontier05638,1705142840,1705143001,161
frontier05639,1705142820,1705142996,176
frontier05641,1705142957,1705143067,110
frontier05642,1705142840,1705143023,183
frontier05643,1705142822,1705143017,195
frontier05644,1705142860,1705143048,188
frontier05645,1705142840,1705143013,173
frontier05646,1705142916,1705143051,135
frontier05647,1705142915,1705143058,143
frontier05648,1705142916,1705143055,139
frontier05649,1705142825,1705143027,202
frontier05650,1705143121,1705143131,10
frontier05651,1705142844,1705143040,196
frontier05652,1705143136,1705143149,13
frontier05653,1705142966,1705143066,100
frontier05654,1705142914,1705143058,144
frontier05655,1705142916,1705143061,145
frontier05656,1705142916,1705143058,142
frontier05657,1705142914,1705143058,144
frontier05658,1705142857,1705143040,183
frontier05659,1705142956,1705143067,111
frontier05661,1705142956,1705143067,111
frontier05662,1705142916,1705143059,143
frontier05663,1705142823,1705143029,206
frontier05664,1705142823,1705143009,186
frontier05665,1705142846,1705143039,193
frontier05666,1705142968,1705143067,99
frontier05667,1705142860,1705143041,181
frontier05668,1705142966,1705143066,100
frontier05669,1705142916,1705143058,142
frontier05670,1705142978,1705143068,90
frontier05671,1705142682,1705142727,45
frontier05672,1705142668,1705142699,31
frontier05673,1705142840,1705143030,190
frontier05674,1705142796,1705143006,210
frontier05675,1705142796,1705142988,192
frontier05676,1705142709,1705142812,103
frontier05677,1705142917,1705143058,141
frontier05678,1705142916,1705143058,142
frontier05679,1705142916,1705143061,145
frontier05680,1705142840,1705143038,198
frontier05681,1705143137,1705143149,12
frontier05682,1705142853,1705143041,188
frontier05683,1705142919,1705143061,142
frontier05684,1705142992,1705143069,77
frontier05685,1705142844,1705142913,69
frontier05686,1705142758,1705142922,164
frontier05688,1705142840,1705142913,73
frontier05689,1705142884,1705143036,152
frontier05690,1705142993,1705143068,75
frontier05691,1705142916,1705143059,143
frontier05692,1705142889,1705143045,156
frontier05693,1705143115,1705143124,9
frontier05694,1705142759,1705142921,162
frontier05695,1705142916,1705143056,140
frontier05696,1705142857,1705143039,182
frontier05697,1705142914,1705143059,145
frontier05698,1705142966,1705143067,101
frontier05699,1705142918,1705143059,141
frontier05700,1705142957,1705143066,109
frontier05701,1705142840,1705143029,189
frontier05702,1705142914,1705143057,143
frontier05703,1705142883,1705143058,175
frontier05704,1705142956,1705143064,108
frontier05705,1705143030,1705143069,39
frontier05706,1705142824,1705142988,164
frontier05707,1705142876,1705143046,170
frontier05708,1705142953,1705143066,113
frontier05709,1705143092,1705143103,11
frontier05710,1705142844,1705143040,196
frontier05711,1705142796,1705142956,160
frontier05712,1705142956,1705143066,110
frontier05713,1705142954,1705143062,108
frontier05714,1705142916,1705143058,142
frontier05715,1705142918,1705143058,140
frontier05716,1705142857,1705143044,187
frontier05717,1705142916,1705143058,142
frontier05718,1705142847,1705143046,199
frontier05719,1705142812,1705143013,201
frontier05720,1705142690,1705142752,62
frontier05721,1705142914,1705143058,144
frontier05722,1705142825,1705143017,192
frontier05723,1705142916,1705143059,143
frontier05724,1705142804,1705143002,198
frontier05725,1705142669,1705142701,32
frontier05726,1705142785,1705142971,186
frontier05727,1705142643,1705142665,22
frontier05728,1705142804,1705142993,189
frontier05729,1705142956,1705143067,111
frontier05730,1705142846,1705143018,172
frontier05731,1705142955,1705143064,109
frontier05732,1705142916,1705143059,143
frontier05733,1705142840,1705143023,183
frontier05734,1705142823,1705143019,196
frontier05735,1705142988,1705143068,80
frontier05736,1705142914,1705143058,144
frontier05737,1705142846,1705143044,198
frontier05738,1705142923,1705143061,138
frontier05739,1705142846,1705143037,191
frontier05740,1705142847,1705143035,188
frontier05741,1705142966,1705143067,101
frontier05742,1705142914,1705143055,141
frontier05743,1705142888,1705143044,156
frontier05744,1705142916,1705143059,143
frontier05745,1705142916,1705143059,143
frontier05746,1705142916,1705143058,142
frontier05747,1705142956,1705143067,111
frontier05748,1705142914,1705143058,144
frontier05749,1705142975,1705143067,92
frontier05750,1705142985,1705143067,82
frontier05751,1705143015,1705143069,54
frontier05752,1705142803,1705143011,208
frontier05753,1705142914,1705143058,144
frontier05754,1705142916,1705143057,141
frontier05755,1705142650,1705142680,30
frontier05756,1705142913,1705143058,145
frontier05757,1705142918,1705143047,129
frontier05758,1705142648,1705142668,20
frontier05759,1705142914,1705143061,147
frontier05760,1705142840,1705143033,193
frontier05761,1705142918,1705143058,140
frontier05762,1705143131,1705143146,15
frontier05763,1705142917,1705143057,140
frontier05764,1705143116,1705143126,10
frontier05765,1705142916,1705143059,143
frontier05766,1705142917,1705143052,135
frontier05767,1705142622,1705142649,27
frontier05768,1705143118,1705143128,10
frontier05769,1705142918,1705143047,129
frontier05770,1705142699,1705142785,86
frontier05771,1705142841,1705143024,183
frontier05772,1705142918,1705143059,141
frontier05773,1705142914,1705143066,152
frontier05774,1705142956,1705143063,107
frontier05775,1705142914,1705143057,143
frontier05776,1705142812,1705142998,186
frontier05777,1705142843,1705143044,201
frontier05778,1705142884,1705143055,171
frontier05779,1705142966,1705143064,98
frontier05780,1705142803,1705142992,189
frontier05781,1705142916,1705143058,142
frontier05782,1705142820,1705143023,203
frontier05783,1705142975,1705143067,92
frontier05784,1705142798,1705142987,189
frontier05785,1705142918,1705143059,141
frontier05786,1705142824,1705143015,191
frontier05787,1705142956,1705143063,107
frontier05788,1705142844,1705143023,179
frontier05789,1705142955,1705143066,111
frontier05790,1705142916,1705143050,134
frontier05791,1705142956,1705143067,111
frontier05792,1705142916,1705143055,139
frontier05793,1705142849,1705143041,192
frontier05794,1705142956,1705143066,110
frontier05795,1705142840,1705143015,175
frontier05796,1705142915,1705143066,151
frontier05797,1705142916,1705143055,139
frontier05798,1705142916,1705143058,142
frontier05799,1705142840,1705143019,179
frontier05800,1705142803,1705142998,195
frontier05801,1705142916,1705143058,142
frontier05802,1705142915,1705142933,18
frontier05803,1705142813,1705143006,193
frontier05804,1705142857,1705143040,183
frontier05805,1705143145,1705143150,5
frontier05806,1705142798,1705142998,200
frontier05807,1705142892,1705143057,165
frontier05808,1705142915,1705143058,143
frontier05809,1705142820,1705142993,173
frontier05810,1705142915,1705143042,127
frontier05811,1705142915,1705143048,133
frontier05812,1705142889,1705143058,169
frontier05813,1705142653,1705142719,66
frontier05814,1705142823,1705143017,194
frontier05815,1705142916,1705143059,143
frontier05816,1705142954,1705143062,108
frontier05817,1705143143,1705143150,7
frontier05818,1705142975,1705143068,93
frontier05819,1705142916,1705143058,142
frontier05820,1705142916,1705143060,144
frontier05821,1705142916,1705143058,142
frontier05822,1705142914,1705143058,144
frontier05823,1705143096,1705143108,12
frontier05824,1705142919,1705143062,143
frontier05825,1705142915,1705143058,143
frontier05826,1705142892,1705143043,151
frontier05827,1705143129,1705143144,15
frontier05828,1705142914,1705143057,143
frontier05829,1705143124,1705143135,11
frontier05830,1705142829,1705143023,194
frontier05831,1705142916,1705143056,140
frontier05832,1705142914,1705143058,144
frontier05833,1705143099,1705143111,12
frontier05834,1705142988,1705143068,80
frontier05835,1705142837,1705143029,192
frontier05836,1705142822,1705143017,195
frontier05837,1705142966,1705143066,100
frontier05838,1705142822,1705143019,197
frontier05839,1705142821,1705143008,187
frontier05840,1705142856,1705143044,188
frontier05841,1705143136,1705143149,13
frontier05842,1705142956,1705143066,110
frontier05843,1705142837,1705143024,187
frontier05844,1705142977,1705143068,91
frontier05845,1705142863,1705143042,179
frontier05846,1705142822,1705143017,195
frontier05847,1705142844,1705143032,188
frontier05848,1705142957,1705143067,110
frontier05849,1705142643,1705142661,18
frontier05851,1705142916,1705143058,142
frontier05852,1705142916,1705143060,144
frontier05853,1705143136,1705143149,13
frontier05854,1705142844,1705143034,190
frontier05855,1705142830,1705143019,189
frontier05856,1705142755,1705142920,165
frontier05857,1705142966,1705143064,98
frontier05858,1705142916,1705143041,125
frontier05859,1705142850,1705143038,188
frontier05860,1705142900,1705143056,156
frontier05861,1705142853,1705143041,188
frontier05862,1705143104,1705143113,9
frontier05863,1705142843,1705143019,176
frontier05864,1705142916,1705143058,142
frontier05865,1705142987,1705143068,81
frontier05866,1705142650,1705142675,25
frontier05867,1705142668,1705142696,28
frontier05868,1705143139,1705143150,11
frontier05869,1705142917,1705143040,123
frontier05870,1705142804,1705143002,198
frontier05871,1705142914,1705143058,144
frontier05872,1705142988,1705143068,80
frontier05873,1705142822,1705143021,199
frontier05874,1705143137,1705143150,13
frontier05875,1705142708,1705142812,104
frontier05876,1705142884,1705143055,171
frontier05877,1705142757,1705142920,163
frontier05878,1705142796,1705142998,202
frontier05879,1705142843,1705143042,199
frontier05880,1705142860,1705143045,185
frontier05881,1705142812,1705142993,181
frontier05882,1705142840,1705142996,156
frontier05883,1705142975,1705143068,93
frontier05884,1705142916,1705143057,141
frontier05885,1705142854,1705143051,197
frontier05886,1705143106,1705143117,11
frontier05887,1705142914,1705143060,146
frontier05888,1705142849,1705143035,186
frontier05889,1705142975,1705143067,92
frontier05890,1705143114,1705143123,9
frontier05891,1705142851,1705143039,188
frontier05892,1705142840,1705143030,190
frontier05893,1705142892,1705143043,151
frontier05894,1705142888,1705143058,170
frontier05895,1705142956,1705143066,110
frontier05896,1705143138,1705143150,12
frontier05897,1705142914,1705143058,144
frontier05898,1705142987,1705143067,80
frontier05899,1705142701,1705142790,89
frontier05900,1705142756,1705142916,160
frontier05901,1705142914,1705143043,129
frontier05902,1705142860,1705143056,196
frontier05903,1705142826,1705143023,197
frontier05904,1705142914,1705143058,144
frontier05905,1705142830,1705143017,187
frontier05906,1705142975,1705143066,91
frontier05907,1705142918,1705143059,141
frontier05908,1705142822,1705143031,209
frontier05909,1705142915,1705143059,144
frontier05911,1705142755,1705142895,140
frontier05912,1705142627,1705142655,28
frontier05913,1705142915,1705143058,143
frontier05914,1705142916,1705143058,142
frontier05915,1705142884,1705143058,174
frontier05916,1705142822,1705143018,196
frontier05917,1705142914,1705143059,145
frontier05918,1705142645,1705142670,25
frontier05919,1705142648,1705142675,27
frontier05920,1705142804,1705143014,210
frontier05921,1705143094,1705143110,16
frontier05922,1705142990,1705143068,78
frontier05923,1705142783,1705142966,183
frontier05924,1705142914,1705143061,147
frontier05925,1705142829,1705143020,191
frontier05926,1705142916,1705143062,146
frontier05927,1705143090,1705143100,10
frontier05928,1705142917,1705143050,133
frontier05929,1705142916,1705143059,143
frontier05930,1705142711,1705142822,111
frontier05931,1705142900,1705143058,158
frontier05932,1705142917,1705143049,132
frontier05933,1705142755,1705143068,313
frontier05934,1705142975,1705143067,92
frontier05935,1705142954,1705143061,107
frontier05936,1705142956,1705143066,110
frontier05937,1705142888,1705143041,153
frontier05938,1705142916,1705143062,146
frontier05939,1705142840,1705143039,199
frontier05940,1705142917,1705143055,138
frontier05941,1705143085,1705143097,12
frontier05942,1705143015,1705143069,54
frontier05943,1705142681,1705142724,43
frontier05944,1705142966,1705143064,98
frontier05945,1705143108,1705143118,10
frontier05946,1705142805,1705142992,187
frontier05947,1705143015,1705143069,54
frontier05948,1705142860,1705143052,192
frontier05949,1705142710,1705142813,103
frontier05950,1705142915,1705143058,143
frontier05951,1705142840,1705143023,183
frontier05952,1705142750,1705142884,134
frontier05953,1705142754,1705142916,162
frontier05954,1705142892,1705143048,156
frontier05955,1705143111,1705143121,10
frontier05956,1705142966,1705143064,98
frontier05957,1705142860,1705143054,194
frontier05958,1705142916,1705143058,142
frontier05959,1705142711,1705142813,102
frontier05960,1705142846,1705143042,196
frontier05961,1705143132,1705143147,15
frontier05962,1705142803,1705142988,185
frontier05963,1705142840,1705143034,194
frontier05964,1705142956,1705143066,110
frontier05965,1705142825,1705143032,207
frontier05966,1705142798,1705142974,176
frontier05967,1705143123,1705143133,10
frontier05968,1705142913,1705143058,145
frontier05969,1705142915,1705143058,143
frontier05970,1705142916,1705143062,146
frontier05971,1705142823,1705143009,186
frontier05972,1705142676,1705142711,35
frontier05973,1705142916,1705143058,142
frontier05974,1705142917,1705143058,141
frontier05975,1705142916,1705143058,142
frontier05976,1705142841,1705143032,191
frontier05977,1705142916,1705143059,143
frontier05978,1705142667,1705142700,33
frontier05979,1705142823,1705143022,199
frontier05980,1705142916,1705143058,142
frontier05981,1705142851,1705143023,172
frontier05982,1705142956,1705143067,111
frontier05983,1705142985,1705143067,82
frontier05984,1705142673,1705142700,27
frontier05985,1705142966,1705143064,98
frontier05986,1705142840,1705143027,187
frontier05987,1705142988,1705143068,80
frontier05988,1705142916,1705143058,142
frontier05989,1705142914,1705143057,143
frontier05990,1705143134,1705143148,14
frontier05991,1705142954,1705143066,112
frontier05992,1705142612,1705142630,18
frontier05993,1705142985,1705143068,83
frontier05994,1705142918,1705143059,141
frontier05995,1705142824,1705143024,200
frontier05996,1705142916,1705143058,142
frontier05997,1705142914,1705143058,144
frontier05998,1705142917,1705143049,132
frontier05999,1705142822,1705143022,200
frontier06000,1705142955,1705143063,108
frontier06001,1705142994,1705143069,75
frontier06002,1705143106,1705143116,10
frontier06003,1705142915,1705143058,143
frontier06004,1705142823,1705143029,206
frontier06005,1705142957,1705143063,106
frontier06006,1705142821,1705143017,196
frontier06007,1705142966,1705143067,101
frontier06008,1705142840,1705143032,192
frontier06009,1705142765,1705142923,158
frontier06010,1705142916,1705143059,143
frontier06011,1705142841,1705143030,189
frontier06012,1705142975,1705143066,91
frontier06013,1705142917,1705143058,141
frontier06014,1705143138,1705143150,12
frontier06015,1705142916,1705143061,145
frontier06016,1705142824,1705143017,193
frontier06017,1705142846,1705143043,197
frontier06018,1705142854,1705143041,187
frontier06019,1705142966,1705143067,101
frontier06020,1705142914,1705143057,143
frontier06021,1705142796,1705143009,213
frontier06022,1705142848,1705143033,185
frontier06023,1705142822,1705143010,188
frontier06024,1705142916,1705143058,142
frontier06025,1705142916,1705143058,142
frontier06026,1705142916,1705143060,144
frontier06027,1705142822,1705143011,189
frontier06028,1705143146,1705143150,4
frontier06029,1705142916,1705143058,142
frontier06030,1705142820,1705143014,194
frontier06031,1705142840,1705143013,173
frontier06032,1705142844,1705143029,185
frontier06033,1705142916,1705143061,145
frontier06034,1705142785,1705143068,283
frontier06035,1705142837,1705143014,177
frontier06036,1705143135,1705143149,14
frontier06037,1705142915,1705143058,143
frontier06038,1705142708,1705142816,108
frontier06039,1705142754,1705142919,165
frontier06040,1705142916,1705143057,141
frontier06041,1705142916,1705143058,142
frontier06042,1705142902,1705143055,153
frontier06043,1705142892,1705143038,146
frontier06044,1705142623,1705142650,27
frontier06045,1705142844,1705143013,169
frontier06046,1705142822,1705143017,195
frontier06047,1705142914,1705143057,143
frontier06048,1705142692,1705142753,61
frontier06049,1705142916,1705143058,142
frontier06050,1705142916,1705143058,142
frontier06051,1705143121,1705143130,9
frontier06052,1705142970,1705143067,97
frontier06053,1705143141,1705143150,9
frontier06054,1705142956,1705143067,111
frontier06055,1705142916,1705143058,142
frontier06056,1705142975,1705143067,92
frontier06057,1705142975,1705143064,89
frontier06058,1705142844,1705143035,191
frontier06059,1705142916,1705143058,142
frontier06060,1705142975,1705143067,92
frontier06061,1705142957,1705143064,107
frontier06062,1705142730,1705142850,120
frontier06063,1705143132,1705143147,15
frontier06064,1705142849,1705143048,199
frontier06065,1705142892,1705143057,165
frontier06066,1705142822,1705143011,189
frontier06067,1705142977,1705143067,90
frontier06068,1705142704,1705142810,106
frontier06069,1705142608,1705142623,15
frontier06070,1705142915,1705143061,146
frontier06071,1705143121,1705143130,9
frontier06072,1705142916,1705143058,142
frontier06073,1705142916,1705143057,141
frontier06074,1705142916,1705143058,142
frontier06075,1705143133,1705143148,15
frontier06076,1705142680,1705142730,50
frontier06077,1705143111,1705143121,10
frontier06078,1705142825,1705143021,196
frontier06079,1705142840,1705143024,184
frontier06080,1705142918,1705143045,127
frontier06081,1705142914,1705143057,143
frontier06082,1705142884,1705143058,174
frontier06083,1705142914,1705143048,134
frontier06084,1705142955,1705143063,108
frontier06085,1705142916,1705143058,142
frontier06086,1705142822,1705143018,196
frontier06087,1705142844,1705143031,187
frontier06088,1705142803,1705143016,213
frontier06089,1705142985,1705143067,82
frontier06090,1705142780,1705142944,164
frontier06091,1705142853,1705143039,186
frontier06092,1705142914,1705143060,146
frontier06093,1705143125,1705143137,12
frontier06094,1705142985,1705143068,83
frontier06095,1705142840,1705143015,175
frontier06096,1705142916,1705143059,143
frontier06097,1705142916,1705143057,141
frontier06098,1705142985,1705143067,82
frontier06099,1705142711,1705142821,110
frontier06100,1705142753,1705142885,132
frontier06101,1705142966,1705143064,98
frontier06102,1705142853,1705143033,180
frontier06103,1705142881,1705143055,174
frontier06104,1705142884,1705143058,174
frontier06105,1705142916,1705143058,142
frontier06106,1705142850,1705143028,178
frontier06107,1705142820,1705143024,204
frontier06108,1705142916,1705143058,142
frontier06109,1705142711,1705142824,113
frontier06110,1705142840,1705143022,182
frontier06111,1705142914,1705143057,143
frontier06112,1705142823,1705142982,159
frontier06113,1705142825,1705143023,198
frontier06114,1705142954,1705143063,109
frontier06115,1705142785,1705142954,169
frontier06116,1705142916,1705143050,134
frontier06117,1705142918,1705143044,126
frontier06118,1705142676,1705142708,32
frontier06119,1705142749,1705142883,134
frontier06120,1705142694,1705142767,73
frontier06121,1705142917,1705143061,144
frontier06122,1705142916,1705143058,142
frontier06123,1705142975,1705143067,92
frontier06124,1705142966,1705143066,100
frontier06125,1705142916,1705143062,146
frontier06126,1705142916,1705143055,139
frontier06127,1705142915,1705143057,142
frontier06128,1705142918,1705143058,140
frontier06129,1705142923,1705143060,137
frontier06130,1705142975,1705143067,92
frontier06131,1705142896,1705143057,161
frontier06132,1705142860,1705143042,182
frontier06133,1705142956,1705143067,111
frontier06134,1705142837,1705143023,186
frontier06135,1705142916,1705143062,146
frontier06136,1705142711,1705142819,108
frontier06137,1705142923,1705143060,137
frontier06138,1705142966,1705143064,98
frontier06139,1705142975,1705143067,92
frontier06140,1705142914,1705143058,144
frontier06141,1705142916,1705143058,142
frontier06142,1705142968,1705143064,96
frontier06143,1705142966,1705143067,101
frontier06144,1705142711,1705142825,114
frontier06145,1705142841,1705143041,200
frontier06146,1705142844,1705143030,186
frontier06147,1705142917,1705143059,142
frontier06148,1705142916,1705143054,138
frontier06149,1705142844,1705143042,198
frontier06150,1705142916,1705143056,140
frontier06151,1705142648,1705142669,21
frontier06153,1705143127,1705143149,22
frontier06154,1705142651,1705142678,27
frontier06155,1705142673,1705142706,33
frontier06156,1705142848,1705143020,172
frontier06157,1705142915,1705143041,126
frontier06158,1705142625,1705142655,30
frontier06159,1705143119,1705143129,10
frontier06160,1705142837,1705143016,179
frontier06161,1705142618,1705142628,10
frontier06162,1705142856,1705143043,187
frontier06163,1705142687,1705142730,43
frontier06164,1705142837,1705143023,186
frontier06165,1705142968,1705143064,96
frontier06166,1705142840,1705142994,154
frontier06167,1705142648,1705142673,25
frontier06168,1705142833,1705143029,196
frontier06169,1705142968,1705143064,96
frontier06170,1705142916,1705143055,139
frontier06171,1705142848,1705143048,200
frontier06172,1705142916,1705143061,145
frontier06173,1705142751,1705142915,164
frontier06174,1705143015,1705143070,55
frontier06175,1705142827,1705143032,205
frontier06176,1705142882,1705143046,164
frontier06177,1705142916,1705143058,142
frontier06178,1705142751,1705142893,142
frontier06179,1705142956,1705143067,111
frontier06180,1705142714,1705142828,114
frontier06181,1705142916,1705143058,142
frontier06182,1705142822,1705143010,188
frontier06183,1705142918,1705143057,139
frontier06184,1705142892,1705143056,164
frontier06185,1705142956,1705143064,108
frontier06186,1705142860,1705143036,176
frontier06187,1705142966,1705143067,101
frontier06188,1705142892,1705143050,158
frontier06189,1705142916,1705143058,142
frontier06190,1705142883,1705143056,173
frontier06191,1705142914,1705143057,143
frontier06192,1705142916,1705143060,144
frontier06193,1705142975,1705143067,92
frontier06194,1705142843,1705143040,197
frontier06195,1705142966,1705143067,101
frontier06196,1705143134,1705143149,15
frontier06197,1705142750,1705142883,133
frontier06198,1705142844,1705143037,193
frontier06199,1705142956,1705143066,110
frontier06200,1705142914,1705143058,144
frontier06201,1705142733,1705142855,122
frontier06202,1705142797,1705143002,205
frontier06203,1705142916,1705143060,144
frontier06204,1705142955,1705143063,108
frontier06205,1705142924,1705143061,137
frontier06206,1705143103,1705143112,9
frontier06207,1705142916,1705143058,142
frontier06208,1705142648,1705142670,22
frontier06209,1705142975,1705143067,92
frontier06210,1705143094,1705143105,11
frontier06211,1705142902,1705143022,120
frontier06212,1705142679,1705142717,38
frontier06213,1705142975,1705143067,92
frontier06214,1705142820,1705143020,200
frontier06215,1705142876,1705143043,167
frontier06216,1705142758,1705142923,165
frontier06217,1705143014,1705143069,55
frontier06218,1705142916,1705143059,143
frontier06219,1705142914,1705143058,144
frontier06220,1705142676,1705142706,30
frontier06221,1705142966,1705143067,101
frontier06222,1705142674,1705142784,110
frontier06223,1705142890,1705143058,168
frontier06224,1705142916,1705143058,142
frontier06225,1705142957,1705143067,110
frontier06226,1705142840,1705143023,183
frontier06227,1705142780,1705142967,187
frontier06228,1705142966,1705143064,98
frontier06229,1705142966,1705143064,98
frontier06230,1705142796,1705143001,205
frontier06231,1705142807,1705142984,177
frontier06232,1705142633,1705142660,27
frontier06233,1705142955,1705143067,112
frontier06234,1705142644,1705142675,31
frontier06235,1705142676,1705142710,34
frontier06236,1705142916,1705143059,143
frontier06237,1705142918,1705143056,138
frontier06238,1705142667,1705142695,28
frontier06239,1705142977,1705143068,91
frontier06240,1705142914,1705143056,142
frontier06241,1705143134,1705143149,15
frontier06242,1705142955,1705143067,112
frontier06243,1705142966,1705143066,100
frontier06244,1705142988,1705143068,80
frontier06245,1705142642,1705142673,31
frontier06246,1705142706,1705142811,105
frontier06247,1705143075,1705143080,5
frontier06248,1705142956,1705143067,111
frontier06249,1705142820,1705143002,182
frontier06250,1705142916,1705143040,124
frontier06251,1705143137,1705143149,12
frontier06252,1705142989,1705143068,79
frontier06253,1705142916,1705143058,142
frontier06254,1705142956,1705143067,111
frontier06255,1705142840,1705143029,189
frontier06256,1705142975,1705143067,92
frontier06257,1705142760,1705142916,156
frontier06258,1705142750,1705142883,133
frontier06259,1705142957,1705143064,107
frontier06260,1705142840,1705143038,198
frontier06261,1705143112,1705143122,10
frontier06262,1705142956,1705143067,111
frontier06263,1705142844,1705143040,196
frontier06264,1705142840,1705143039,199
frontier06265,1705142916,1705143059,143
frontier06266,1705142956,1705143067,111
frontier06267,1705142914,1705143058,144
frontier06268,1705142975,1705143067,92
frontier06269,1705142750,1705142893,143
frontier06270,1705142845,1705143033,188
frontier06271,1705143106,1705143116,10
frontier06272,1705142966,1705143067,101
frontier06273,1705143112,1705143122,10
frontier06274,1705142824,1705142990,166
frontier06275,1705142975,1705143066,91
frontier06276,1705142916,1705143061,145
frontier06277,1705142916,1705143060,144
frontier06278,1705142916,1705143059,143
frontier06279,1705143076,1705143081,5
frontier06280,1705142844,1705143037,193
frontier06281,1705142673,1705142700,27
frontier06282,1705142822,1705143007,185
frontier06283,1705143104,1705143114,10
frontier06284,1705142917,1705143058,141
frontier06285,1705142860,1705143054,194
frontier06286,1705142966,1705143067,101
frontier06287,1705142840,1705143022,182
frontier06288,1705142966,1705143067,101
frontier06289,1705142915,1705143055,140
frontier06290,1705142916,1705143046,130
frontier06291,1705142914,1705143057,143
frontier06292,1705142843,1705143017,174
frontier06293,1705143136,1705143149,13
frontier06294,1705142750,1705142889,139
frontier06295,1705142914,1705143058,144
frontier06296,1705142805,1705143003,198
frontier06297,1705142844,1705143037,193
frontier06299,1705142834,1705143019,185
frontier06300,1705142975,1705143067,92
frontier06301,1705142966,1705143064,98
frontier06302,1705142914,1705143055,141
frontier06303,1705142966,1705143064,98
frontier06304,1705142643,1705142664,21
frontier06305,1705142975,1705143067,92
frontier06306,1705142918,1705143059,141
frontier06307,1705142915,1705143058,143
frontier06308,1705143128,1705143141,13
frontier06309,1705142732,1705142857,125
frontier06310,1705142988,1705143067,79
frontier06311,1705142789,1705142976,187
frontier06312,1705143120,1705143129,9
frontier06313,1705142851,1705143040,189
frontier06314,1705142846,1705143033,187
frontier06315,1705142956,1705143066,110
frontier06316,1705142700,1705142796,96
frontier06317,1705142917,1705143057,140
frontier06318,1705142845,1705143027,182
frontier06319,1705142966,1705143066,100
frontier06320,1705143083,1705143089,6
frontier06321,1705142840,1705143021,181
frontier06322,1705142966,1705143066,100
frontier06323,1705142988,1705143069,81
frontier06324,1705142917,1705143058,141
frontier06325,1705142915,1705143067,152
frontier06326,1705142840,1705143033,193
frontier06327,1705142916,1705143058,142
frontier06328,1705142966,1705143066,100
frontier06329,1705142840,1705143022,182
frontier06330,1705142970,1705143066,96
frontier06331,1705142988,1705143068,80
frontier06332,1705142785,1705142974,189
frontier06333,1705142916,1705143061,145
frontier06334,1705142650,1705142675,25
frontier06335,1705142823,1705143017,194
frontier06336,1705142844,1705143034,190
frontier06337,1705142917,1705143061,144
frontier06338,1705142758,1705142919,161
frontier06339,1705142842,1705143031,189
frontier06340,1705142985,1705143067,82
frontier06341,1705142916,1705143062,146
frontier06342,1705142916,1705143057,141
frontier06343,1705142990,1705143069,79
frontier06344,1705142789,1705142984,195
frontier06345,1705142916,1705143062,146
frontier06346,1705143136,1705143149,13
frontier06347,1705142848,1705143017,169
frontier06348,1705142966,1705143064,98
frontier06349,1705142916,1705143061,145
frontier06350,1705142837,1705143019,182
frontier06351,1705142820,1705143018,198
frontier06352,1705142708,1705142811,103
frontier06353,1705142985,1705143067,82
frontier06354,1705142664,1705142691,27
frontier06355,1705142615,1705142630,15
frontier06356,1705142916,1705143051,135
frontier06357,1705142916,1705143048,132
frontier06358,1705142916,1705143056,140
frontier06359,1705142822,1705143018,196
frontier06360,1705143102,1705143112,10
frontier06361,1705142847,1705143039,192
frontier06362,1705142718,1705142827,109
frontier06363,1705142846,1705143045,199
frontier06364,1705142985,1705143067,82
frontier06365,1705142856,1705143052,196
frontier06366,1705142825,1705143015,190
frontier06367,1705142758,1705142923,165
frontier06368,1705142916,1705143058,142
frontier06369,1705142823,1705143019,196
frontier06370,1705142876,1705143046,170
frontier06371,1705143101,1705143112,11
frontier06372,1705142916,1705143058,142
frontier06373,1705143119,1705143128,9
frontier06374,1705142915,1705143059,144
frontier06375,1705142710,1705142814,104
frontier06376,1705142760,1705142923,163
frontier06377,1705143122,1705143131,9
frontier06378,1705142822,1705143008,186
frontier06379,1705142966,1705143066,100
frontier06380,1705142830,1705143015,185
frontier06381,1705142915,1705143059,144
frontier06382,1705142917,1705143063,146
frontier06383,1705142840,1705143028,188
frontier06384,1705142916,1705143043,127
frontier06385,1705143130,1705143145,15
frontier06386,1705142842,1705143042,200
frontier06387,1705142840,1705143035,195
frontier06388,1705142916,1705143046,130
frontier06389,1705142915,1705143058,143
frontier06390,1705142711,1705142824,113
frontier06391,1705142823,1705142997,174
frontier06392,1705142966,1705143067,101
frontier06393,1705142771,1705142924,153
frontier06394,1705142796,1705142980,184
frontier06395,1705142890,1705143057,167
frontier06396,1705142954,1705143061,107
frontier06397,1705142705,1705142800,95
frontier06398,1705142913,1705143058,145
frontier06399,1705142863,1705143043,180
frontier06400,1705142837,1705143019,182
frontier06401,1705143144,1705143150,6
frontier06402,1705142993,1705143069,76
frontier06403,1705142820,1705143016,196
frontier06404,1705142918,1705143058,140
frontier06405,1705142663,1705142694,31
frontier06406,1705142849,1705143043,194
frontier06407,1705142844,1705143037,193
frontier06408,1705142762,1705142923,161
frontier06409,1705142841,1705143035,194
frontier06410,1705142923,1705143061,138
frontier06411,1705142917,1705143059,142
frontier06412,1705142914,1705143058,144
frontier06413,1705142796,1705142993,197
frontier06414,1705142858,1705143046,188
frontier06415,1705142966,1705143064,98
frontier06416,1705142966,1705143067,101
frontier06417,1705142955,1705143062,107
frontier06418,1705142812,1705143006,194
frontier06419,1705142860,1705143053,193
frontier06420,1705142914,1705143057,143
frontier06421,1705142916,1705143057,141
frontier06422,1705142915,1705143059,144
frontier06423,1705142915,1705143048,133
frontier06424,1705142823,1705143018,195
frontier06425,1705142917,1705143059,142
frontier06426,1705142957,1705143067,110
frontier06427,1705142850,1705143020,170
frontier06429,1705142916,1705143040,124
frontier06430,1705142918,1705143058,140
frontier06431,1705143132,1705143147,15
frontier06432,1705142825,1705143018,193
frontier06433,1705142843,1705142885,42
frontier06434,1705143137,1705143149,12
frontier06435,1705142991,1705143069,78
frontier06436,1705142916,1705143043,127
frontier06437,1705142914,1705143057,143
frontier06438,1705142843,1705143023,180
frontier06439,1705142822,1705143016,194
frontier06440,1705143120,1705143130,10
frontier06441,1705142892,1705143058,166
frontier06442,1705142916,1705143055,139
frontier06443,1705142975,1705143068,93
frontier06444,1705142844,1705143009,165
frontier06445,1705142705,1705142796,91
frontier06446,1705142829,1705143020,191
frontier06447,1705142822,1705143015,193
frontier06448,1705142916,1705143058,142
frontier06449,1705142968,1705143067,99
frontier06450,1705142666,1705142697,31
frontier06451,1705142918,1705143058,140
frontier06452,1705142664,1705142693,29
frontier06453,1705142918,1705143058,140
frontier06454,1705143139,1705143150,11
frontier06455,1705142975,1705143067,92
frontier06456,1705142750,1705142914,164
frontier06457,1705142956,1705143067,111
frontier06458,1705143029,1705143075,46
frontier06459,1705142699,1705142786,87
frontier06460,1705142916,1705143061,145
frontier06461,1705142860,1705143052,192
frontier06462,1705142774,1705142966,192
frontier06463,1705142985,1705143068,83
frontier06464,1705142914,1705143069,155
frontier06465,1705142916,1705143055,139
frontier06466,1705142916,1705143055,139
frontier06467,1705142966,1705143067,101
frontier06468,1705142844,1705143040,196
frontier06469,1705142914,1705143066,152
frontier06470,1705142674,1705142701,27
frontier06471,1705142675,1705142708,33
frontier06472,1705142916,1705143054,138
frontier06473,1705142857,1705143052,195
frontier06474,1705142916,1705143055,139
frontier06475,1705142840,1705143002,162
frontier06476,1705142977,1705143066,89
frontier06477,1705142844,1705143043,199
frontier06478,1705142914,1705143057,143
frontier06479,1705142975,1705143067,92
frontier06480,1705142966,1705143064,98
frontier06481,1705143014,1705143069,55
frontier06482,1705142852,1705143034,182
frontier06483,1705142844,1705143034,190
frontier06484,1705143112,1705143122,10
frontier06485,1705142623,1705142649,26
frontier06486,1705142791,1705142988,197
frontier06487,1705142680,1705142715,35
frontier06488,1705143134,1705143148,14
frontier06489,1705142966,1705143067,101
frontier06490,1705142661,1705142689,28
frontier06491,1705142840,1705143042,202
frontier06492,1705142696,1705142782,86
frontier06493,1705142805,1705142991,186
frontier06494,1705142916,1705143059,143
frontier06495,1705142710,1705142819,109
frontier06496,1705142975,1705143067,92
frontier06497,1705142825,1705143023,198
frontier06498,1705142923,1705143061,138
frontier06499,1705142923,1705143061,138
frontier06500,1705142888,1705143058,170
frontier06501,1705142837,1705143037,200
frontier06502,1705142987,1705143068,81
frontier06503,1705142751,1705142915,164
frontier06504,1705142955,1705143066,111
frontier06505,1705143112,1705143122,10
frontier06506,1705142916,1705143062,146
frontier06507,1705142650,1705142673,23
frontier06508,1705142916,1705143061,145
frontier06509,1705142956,1705143063,107
frontier06510,1705142771,1705142957,186
frontier06511,1705142649,1705142679,30
frontier06512,1705142859,1705143040,181
frontier06513,1705143084,1705143100,16
frontier06514,1705142822,1705143003,181
frontier06515,1705142648,1705142669,21
frontier06516,1705142766,1705142924,158
frontier06517,1705142805,1705142993,188
frontier06518,1705142916,1705143058,142
frontier06519,1705142860,1705143048,188
frontier06520,1705142915,1705143057,142
frontier06521,1705142844,1705143043,199
frontier06522,1705142916,1705143061,145
frontier06523,1705143137,1705143149,12
frontier06524,1705142844,1705143038,194
frontier06525,1705142689,1705142754,65
frontier06526,1705143035,1705143069,34
frontier06527,1705142966,1705143064,98
frontier06528,1705142664,1705142693,29
frontier06529,1705142916,1705143058,142
frontier06530,1705142643,1705142663,20
frontier06531,1705143131,1705143147,16
frontier06532,1705142859,1705143053,194
frontier06533,1705142916,1705143060,144
frontier06534,1705142650,1705142680,30
frontier06535,1705142820,1705143015,195
frontier06536,1705142914,1705143058,144
frontier06537,1705142956,1705143063,107
frontier06538,1705142714,1705142829,115
frontier06539,1705142918,1705143058,140
frontier06540,1705142966,1705143066,100
frontier06541,1705142916,1705143060,144
frontier06542,1705142915,1705143061,146
frontier06543,1705142825,1705143034,209
frontier06544,1705143014,1705143069,55
frontier06545,1705143134,1705143149,15
frontier06546,1705142956,1705143067,111
frontier06547,1705142766,1705142924,158
frontier06548,1705142916,1705143062,146
frontier06550,1705142840,1705143029,189
frontier06551,1705143127,1705143139,12
frontier06552,1705142914,1705143057,143
frontier06553,1705142916,1705143056,140
frontier06554,1705142840,1705143027,187
frontier06555,1705143134,1705143149,15
frontier06556,1705142916,1705143058,142
frontier06557,1705142916,1705143059,143
frontier06558,1705142916,1705143061,145
frontier06559,1705142966,1705143064,98
frontier06560,1705143144,1705143150,6
frontier06561,1705142812,1705143003,191
frontier06562,1705142916,1705143058,142
frontier06563,1705142918,1705143058,140
frontier06564,1705142999,1705143068,69
frontier06565,1705142916,1705143058,142
frontier06566,1705143136,1705143149,13
frontier06567,1705142799,1705142982,183
frontier06568,1705142744,1705142876,132
frontier06569,1705142711,1705142816,105
frontier06570,1705142918,1705143058,140
frontier06571,1705142805,1705142988,183
frontier06572,1705142966,1705143064,98
frontier06573,1705142968,1705143067,99
frontier06574,1705142916,1705143058,142
frontier06575,1705142954,1705143066,112
frontier06576,1705142659,1705142692,33
frontier06577,1705142956,1705143067,111
frontier06578,1705142830,1705143034,204
frontier06579,1705142977,1705143068,91
frontier06580,1705142917,1705143057,140
frontier06581,1705142824,1705143020,196
frontier06582,1705142888,1705142913,25
frontier06583,1705142916,1705143063,147
frontier06584,1705142846,1705143035,189
frontier06585,1705142975,1705143067,92
frontier06586,1705142916,1705143059,143
frontier06587,1705142916,1705143061,145
frontier06588,1705142653,1705142679,26
frontier06589,1705142975,1705143068,93
frontier06590,1705142657,1705142690,33
frontier06591,1705142966,1705143067,101
frontier06592,1705142975,1705143066,91
frontier06593,1705142956,1705143067,111
frontier06594,1705142812,1705143009,197
frontier06595,1705142822,1705143012,190
frontier06596,1705142914,1705143056,142
frontier06597,1705142916,1705143058,142
frontier06598,1705142915,1705143059,144
frontier06599,1705142916,1705143062,146
frontier06600,1705142658,1705142689,31
frontier06601,1705142954,1705143064,110
frontier06602,1705142892,1705143058,166
frontier06603,1705142975,1705143067,92
frontier06604,1705142853,1705143050,197
frontier06605,1705142975,1705143067,92
frontier06606,1705142840,1705143032,192
frontier06607,1705142888,1705143057,169
frontier06608,1705142916,1705143062,146
frontier06609,1705142859,1705143043,184
frontier06610,1705142988,1705143067,79
frontier06611,1705142916,1705143055,139
frontier06612,1705142966,1705143066,100
frontier06613,1705142914,1705143067,153
frontier06614,1705142840,1705143029,189
frontier06615,1705142916,1705143061,145
frontier06616,1705142918,1705143058,140
frontier06617,1705142915,1705143058,143
frontier06618,1705142844,1705143040,196
frontier06619,1705142849,1705143033,184
frontier06620,1705142840,1705143032,192
frontier06621,1705142914,1705143057,143
frontier06622,1705142966,1705143066,100
frontier06623,1705142975,1705143067,92
frontier06624,1705142750,1705142893,143
frontier06625,1705142966,1705143066,100
frontier06626,1705142916,1705143060,144
frontier06627,1705142662,1705142694,32
frontier06628,1705142733,1705142876,143
frontier06629,1705142916,1705143058,142
frontier06630,1705142902,1705143058,156
frontier06631,1705142916,1705143058,142
frontier06632,1705142655,1705142682,27
frontier06633,1705142915,1705143059,144
frontier06634,1705142916,1705143059,143
frontier06635,1705142914,1705143059,145
frontier06636,1705142710,1705142812,102
frontier06637,1705142884,1705143053,169
frontier06638,1705142916,1705143055,139
frontier06639,1705142917,1705143058,141
frontier06640,1705142916,1705143059,143
frontier06641,1705142916,1705143058,142
frontier06642,1705142917,1705143059,142
frontier06643,1705142850,1705143048,198
frontier06644,1705142824,1705143017,193
frontier06645,1705143142,1705143150,8
frontier06646,1705142916,1705143062,146
frontier06647,1705142704,1705142816,112
frontier06648,1705142682,1705142725,43
frontier06649,1705143138,1705143149,11
frontier06650,1705142825,1705143041,216
frontier06651,1705142985,1705143067,82
frontier06652,1705142966,1705143067,101
frontier06653,1705142820,1705143018,198
frontier06654,1705142966,1705143067,101
frontier06655,1705142676,1705142706,30
frontier06656,1705142890,1705143056,166
frontier06657,1705142917,1705143061,144
frontier06658,1705142916,1705143056,140
frontier06659,1705142848,1705143040,192
frontier06660,1705142917,1705143058,141
frontier06661,1705142916,1705143063,147
frontier06662,1705142750,1705142915,165
frontier06663,1705142966,1705143064,98
frontier06664,1705142822,1705142998,176
frontier06665,1705142913,1705143058,145
frontier06666,1705142704,1705142810,106
frontier06667,1705142851,1705143003,152
frontier06668,1705143113,1705143123,10
frontier06669,1705142812,1705143011,199
frontier06670,1705142751,1705142890,139
frontier06671,1705142975,1705143067,92
frontier06672,1705142975,1705143066,91
frontier06673,1705142954,1705143063,109
frontier06674,1705142916,1705143058,142
frontier06675,1705142914,1705143052,138
frontier06676,1705142899,1705143058,159
frontier06677,1705142975,1705143067,92
frontier06678,1705142913,1705143057,144
frontier06679,1705142971,1705143068,97
frontier06680,1705143109,1705143119,10
frontier06681,1705142796,1705142992,196
frontier06682,1705142690,1705142755,65
frontier06683,1705142706,1705142804,98
frontier06684,1705142822,1705143013,191
frontier06685,1705142826,1705143011,185
frontier06686,1705143139,1705143150,11
frontier06687,1705142955,1705143063,108
frontier06688,1705142985,1705143068,83
frontier06689,1705142822,1705142990,168
frontier06690,1705143001,1705143069,68
frontier06691,1705142966,1705143066,100
frontier06692,1705142670,1705142699,29
frontier06693,1705142824,1705143019,195
frontier06694,1705142917,1705143061,144
frontier06695,1705142822,1705143009,187
frontier06696,1705142643,1705142664,21
frontier06697,1705142916,1705143059,143
frontier06698,1705142985,1705143068,83
frontier06699,1705142821,1705143018,197
frontier06700,1705142977,1705143067,90
frontier06701,1705142839,1705143000,161
frontier06702,1705142712,1705142821,109
frontier06703,1705142989,1705143068,79
frontier06704,1705142966,1705143064,98
frontier06705,1705142851,1705143037,186
frontier06706,1705142916,1705143058,142
frontier06707,1705142648,1705142669,21
frontier06708,1705142842,1705143043,201
frontier06709,1705142667,1705142698,31
frontier06710,1705142859,1705143044,185
frontier06711,1705142863,1705143043,180
frontier06712,1705142916,1705143059,143
frontier06713,1705142915,1705143059,144
frontier06714,1705142716,1705142827,111
frontier06715,1705143130,1705143147,17
frontier06716,1705142859,1705143053,194
frontier06717,1705142885,1705143059,174
frontier06718,1705142822,1705142986,164
frontier06719,1705143015,1705143069,54
frontier06720,1705142915,1705143062,147
frontier06721,1705142669,1705142700,31
frontier06722,1705142846,1705143039,193
frontier06723,1705142917,1705143059,142
frontier06724,1705142985,1705143068,83
frontier06725,1705142676,1705142709,33
frontier06726,1705142914,1705143058,144
frontier06727,1705142975,1705143066,91
frontier06728,1705142822,1705143015,193
frontier06729,1705142823,1705142998,175
frontier06730,1705142825,1705143030,205
frontier06731,1705143133,1705143148,15
frontier06732,1705142846,1705143032,186
frontier06733,1705143121,1705143130,9
frontier06734,1705142916,1705143057,141
frontier06735,1705142915,1705143041,126
frontier06736,1705142821,1705143030,209
frontier06737,1705142966,1705143066,100
frontier06738,1705142846,1705143035,189
frontier06739,1705142915,1705143059,144
frontier06740,1705142917,1705143060,143
frontier06741,1705142821,1705142991,170
frontier06742,1705142916,1705143058,142
frontier06743,1705142966,1705143066,100
frontier06744,1705142840,1705143016,176
frontier06745,1705142841,1705143034,193
frontier06746,1705142918,1705143059,141
frontier06747,1705142916,1705143058,142
frontier06748,1705142805,1705143015,210
frontier06749,1705142840,1705143026,186
frontier06750,1705142643,1705142667,24
frontier06751,1705142916,1705143043,127
frontier06752,1705142825,1705143015,190
frontier06753,1705142825,1705143018,193
frontier06754,1705142849,1705143036,187
frontier06755,1705142876,1705143056,180
frontier06756,1705143145,1705143150,5
frontier06757,1705142855,1705143033,178
frontier06758,1705142821,1705143011,190
frontier06759,1705142840,1705143028,188
frontier06760,1705142822,1705143068,246
frontier06761,1705142711,1705142813,102
frontier06762,1705142916,1705143060,144
frontier06763,1705142956,1705143066,110
frontier06764,1705142752,1705142919,167
frontier06765,1705142843,1705143028,185
frontier06766,1705142704,1705142802,98
frontier06767,1705142840,1705143009,169
frontier06768,1705142860,1705143045,185
frontier06770,1705142721,1705142841,120
frontier06771,1705142956,1705143067,111
frontier06772,1705142916,1705143056,140
frontier06773,1705142917,1705143058,141
frontier06774,1705142824,1705142988,164
frontier06775,1705142914,1705143058,144
frontier06776,1705142823,1705142990,167
frontier06777,1705142954,1705143066,112
frontier06778,1705142916,1705143055,139
frontier06779,1705142966,1705143066,100
frontier06780,1705143117,1705143126,9
frontier06781,1705142660,1705142690,30
frontier06782,1705142822,1705142986,164
frontier06783,1705142916,1705143061,145
frontier06784,1705142840,1705143016,176
frontier06785,1705142840,1705143043,203
frontier06786,1705142822,1705143019,197
frontier06787,1705142825,1705143019,194
frontier06788,1705143137,1705143149,12
frontier06789,1705142883,1705143055,172
frontier06790,1705142702,1705142786,84
frontier06791,1705142803,1705142998,195
frontier06792,1705142988,1705143068,80
frontier06793,1705142985,1705143068,83
frontier06794,1705142711,1705142814,103
frontier06795,1705142988,1705143068,80
frontier06796,1705142916,1705143058,142
frontier06797,1705142917,1705143060,143
frontier06798,1705142892,1705143058,166
frontier06799,1705142914,1705143062,148
frontier06800,1705143095,1705143107,12
frontier06801,1705142956,1705143063,107
frontier06802,1705142913,1705143057,144
frontier06803,1705142994,1705143069,75
frontier06804,1705142843,1705143017,174
frontier06805,1705142737,1705142865,128
frontier06806,1705143101,1705143112,11
frontier06807,1705142822,1705143014,192
frontier06808,1705142659,1705142690,31
frontier06809,1705142975,1705143067,92
frontier06810,1705143091,1705143101,10
frontier06811,1705142663,1705142689,26
frontier06812,1705143140,1705143150,10
frontier06813,1705142985,1705143068,83
frontier06814,1705142632,1705142660,28
frontier06815,1705142918,1705143059,141
frontier06816,1705142916,1705143063,147
frontier06817,1705142916,1705143055,139
frontier06818,1705142916,1705143028,112
frontier06819,1705142918,1705143050,132
frontier06820,1705142916,1705143058,142
frontier06821,1705142825,1705143017,192
frontier06822,1705142884,1705143059,175
frontier06823,1705142845,1705143028,183
frontier06824,1705142651,1705142679,28
frontier06825,1705142757,1705142919,162
frontier06826,1705142914,1705143058,144
frontier06827,1705143029,1705143076,47
frontier06828,1705142624,1705142649,25
frontier06829,1705143133,1705143148,15
frontier06830,1705142916,1705143064,148
frontier06831,1705142827,1705143027,200
frontier06832,1705142823,1705143019,196
frontier06833,1705142914,1705143057,143
frontier06834,1705142685,1705142730,45
frontier06835,1705143141,1705143150,9
frontier06836,1705142889,1705143056,167
frontier06837,1705142689,1705142731,42
frontier06838,1705142847,1705143038,191
frontier06839,1705142917,1705143058,141
frontier06840,1705142844,1705143038,194
frontier06841,1705142829,1705143030,201
frontier06842,1705142957,1705143067,110
frontier06843,1705142917,1705143059,142
frontier06844,1705142780,1705142923,143
frontier06845,1705142823,1705142992,169
frontier06846,1705142706,1705142810,104
frontier06847,1705142852,1705143041,189
frontier06848,1705142674,1705142702,28
frontier06849,1705142809,1705143007,198
frontier06850,1705142780,1705142955,175
frontier06851,1705142822,1705143022,200
frontier06852,1705142917,1705143061,144
frontier06853,1705142916,1705143059,143
frontier06854,1705142975,1705143067,92
frontier06855,1705142956,1705143063,107
frontier06856,1705142840,1705143040,200
frontier06857,1705142854,1705143050,196
frontier06858,1705142750,1705142890,140
frontier06859,1705142843,1705143023,180
frontier06860,1705142918,1705143058,140
frontier06861,1705142824,1705143020,196
frontier06862,1705142843,1705143031,188
frontier06863,1705143123,1705143134,11
frontier06864,1705142913,1705143058,145
frontier06865,1705142768,1705142954,186
frontier06866,1705142966,1705143067,101
frontier06867,1705142916,1705143058,142
frontier06868,1705142956,1705143067,111
frontier06869,1705142840,1705143028,188
frontier06870,1705142916,1705143060,144
frontier06871,1705142918,1705143058,140
frontier06872,1705142710,1705142826,116
frontier06873,1705142822,1705143012,190
frontier06874,1705142916,1705143055,139
frontier06875,1705143085,1705143100,15
frontier06876,1705142829,1705142997,168
frontier06877,1705142700,1705142792,92
frontier06878,1705142649,1705142680,31
frontier06879,1705142649,1705142680,31
frontier06880,1705142674,1705142785,111
frontier06881,1705142966,1705143067,101
frontier06882,1705142650,1705142675,25
frontier06883,1705143015,1705143070,55
frontier06884,1705142932,1705143064,132
frontier06885,1705142975,1705143067,92
frontier06886,1705143085,1705143101,16
frontier06887,1705142956,1705143063,107
frontier06888,1705142916,1705143058,142
frontier06889,1705142916,1705143061,145
frontier06890,1705142744,1705142876,132
frontier06891,1705142823,1705143008,185
frontier06892,1705142917,1705143055,138
frontier06893,1705142840,1705143011,171
frontier06894,1705142840,1705143029,189
frontier06895,1705142966,1705143064,98
frontier06896,1705142916,1705143055,139
frontier06897,1705142916,1705143058,142
frontier06899,1705142916,1705143061,145
frontier06900,1705142916,1705143059,143
frontier06901,1705142968,1705143067,99
frontier06902,1705142843,1705143026,183
frontier06903,1705142750,1705142890,140
frontier06904,1705143089,1705143099,10
frontier06905,1705142821,1705143019,198
frontier06906,1705142975,1705143066,91
frontier06907,1705142753,1705142886,133
frontier06908,1705142678,1705142713,35
frontier06909,1705142917,1705143060,143
frontier06910,1705142829,1705143034,205
frontier06911,1705142844,1705143037,193
frontier06912,1705142918,1705143058,140
frontier06913,1705142916,1705143046,130
frontier06914,1705142916,1705143056,140
frontier06915,1705142837,1705143036,199
frontier06917,1705142916,1705143056,140
frontier06918,1705142848,1705143028,180
frontier06919,1705142841,1705143043,202
frontier06920,1705142849,1705143050,201
frontier06921,1705142914,1705143056,142
frontier06922,1705142822,1705143030,208
frontier06923,1705142966,1705143067,101
frontier06924,1705142840,1705143000,160
frontier06925,1705142822,1705143011,189
frontier06926,1705143129,1705143144,15
frontier06927,1705142966,1705143067,101
frontier06928,1705142917,1705143051,134
frontier06929,1705142804,1705143013,209
frontier06930,1705142844,1705143020,176
frontier06931,1705142667,1705142698,31
frontier06932,1705142848,1705143032,184
frontier06933,1705142916,1705143047,131
frontier06934,1705142861,1705143045,184
frontier06935,1705142851,1705143038,187
frontier06936,1705142916,1705143060,144
frontier06937,1705142916,1705143058,142
frontier06938,1705142823,1705143010,187
frontier06939,1705142822,1705142983,161
frontier06940,1705142917,1705143059,142
frontier06941,1705142828,1705143026,198
frontier06942,1705142923,1705143061,138
frontier06943,1705142918,1705143060,142
frontier06944,1705142966,1705143067,101
frontier06945,1705142915,1705143057,142
frontier06946,1705142916,1705143057,141
frontier06947,1705142856,1705143040,184
frontier06948,1705142956,1705143067,111
frontier06949,1705142843,1705143021,178
frontier06950,1705142884,1705143061,177
frontier06951,1705142916,1705143058,142
frontier06952,1705142824,1705143007,183
frontier06953,1705142971,1705143066,95
frontier06954,1705142957,1705143064,107
frontier06955,1705143077,1705143081,4
frontier06956,1705142916,1705143062,146
frontier06957,1705142846,1705143028,182
frontier06958,1705142837,1705143042,205
frontier06959,1705142975,1705143064,89
frontier06960,1705142916,1705143060,144
frontier06961,1705142966,1705143066,100
frontier06962,1705142966,1705143067,101
frontier06963,1705142851,1705143037,186
frontier06964,1705142788,1705142967,179
frontier06965,1705143111,1705143121,10
frontier06966,1705142916,1705143059,143
frontier06967,1705142785,1705142954,169
frontier06968,1705142883,1705143055,172
frontier06969,1705142955,1705143064,109
frontier06970,1705142954,1705143066,112
frontier06971,1705142830,1705143018,188
frontier06972,1705142843,1705143039,196
frontier06973,1705142916,1705143058,142
frontier06974,1705142941,1705143066,125
frontier06975,1705142804,1705142994,190
frontier06976,1705142840,1705143029,189
frontier06977,1705142852,1705143039,187
frontier06978,1705142966,1705143067,101
frontier06979,1705142826,1705143019,193
frontier06980,1705143014,1705143069,55
frontier06981,1705142883,1705143057,174
frontier06982,1705142977,1705143068,91
frontier06983,1705142850,1705143038,188
frontier06984,1705142837,1705143012,175
frontier06985,1705143110,1705143120,10
frontier06986,1705142956,1705143068,112
frontier06987,1705142918,1705143058,140
frontier06988,1705142696,1705142781,85
frontier06989,1705142864,1705143022,158
frontier06990,1705142841,1705143028,187
frontier06991,1705142812,1705143019,207
frontier06992,1705142690,1705142743,53
frontier06993,1705142624,1705142655,31
frontier06994,1705142956,1705143067,111
frontier06995,1705142805,1705143003,198
frontier06996,1705142966,1705143067,101
frontier06997,1705142863,1705143044,181
frontier06998,1705142847,1705143013,166
frontier06999,1705142914,1705143059,145
frontier07000,1705142956,1705143067,111
frontier07001,1705142957,1705143064,107
frontier07002,1705142843,1705143034,191
frontier07003,1705142914,1705143059,145
frontier07004,1705142711,1705142816,105
frontier07005,1705142916,1705143055,139
frontier07006,1705142916,1705143057,141
frontier07007,1705142609,1705142621,12
frontier07008,1705142913,1705143058,145
frontier07009,1705142750,1705142893,143
frontier07010,1705142892,1705143055,163
frontier07011,1705142914,1705143061,147
frontier07012,1705142968,1705143066,98
frontier07015,1705142918,1705143046,128
frontier07016,1705142892,1705143054,162
frontier07017,1705142827,1705143015,188
frontier07018,1705142914,1705143054,140
frontier07019,1705142914,1705143057,143
frontier07020,1705142914,1705143058,144
frontier07021,1705142916,1705143059,143
frontier07022,1705142975,1705143066,91
frontier07023,1705143000,1705143069,69
frontier07024,1705142840,1705143026,186
frontier07025,1705142966,1705143067,101
frontier07026,1705143117,1705143127,10
frontier07027,1705142954,1705143063,109
frontier07028,1705143098,1705143110,12
frontier07029,1705142711,1705142821,110
frontier07030,1705142826,1705143015,189
frontier07031,1705142915,1705143067,152
frontier07032,1705143133,1705143148,15
frontier07034,1705142822,1705143018,196
frontier07035,1705142701,1705142790,89
frontier07036,1705142680,1705142725,45
frontier07037,1705142977,1705143068,91
frontier07038,1705142914,1705143057,143
frontier07039,1705142844,1705143043,199
frontier07040,1705142918,1705143059,141
frontier07041,1705142957,1705143066,109
frontier07042,1705142888,1705143058,170
frontier07043,1705142918,1705143058,140
frontier07044,1705142966,1705143066,100
frontier07045,1705142957,1705143067,110
frontier07046,1705142966,1705143066,100
frontier07047,1705142916,1705143057,141
frontier07048,1705142750,1705142889,139
frontier07049,1705142917,1705143058,141
frontier07050,1705142840,1705143034,194
frontier07051,1705142711,1705142825,114
frontier07052,1705143134,1705143149,15
frontier07053,1705142917,1705143052,135
frontier07054,1705142667,1705142699,32
frontier07055,1705142705,1705142799,94
frontier07056,1705142977,1705143067,90
frontier07057,1705142956,1705143066,110
frontier07058,1705142890,1705143058,168
frontier07059,1705142975,1705143066,91
frontier07060,1705143076,1705143081,5
frontier07062,1705142917,1705143056,139
frontier07063,1705142915,1705143059,144
frontier07064,1705143126,1705143140,14
frontier07065,1705142625,1705142655,30
frontier07066,1705142893,1705143056,163
frontier07067,1705142660,1705142689,29
frontier07068,1705142751,1705142890,139
frontier07069,1705142820,1705143000,180
frontier07070,1705143136,1705143149,13
frontier07071,1705142822,1705143013,191
frontier07072,1705142989,1705143068,79
frontier07073,1705142916,1705143060,144
frontier07074,1705142826,1705143015,189
frontier07075,1705142916,1705143058,142
frontier07076,1705142966,1705143067,101
frontier07077,1705142851,1705143045,194
frontier07078,1705142997,1705143069,72
frontier07079,1705142846,1705143014,168
frontier07080,1705142916,1705143058,142
frontier07081,1705142696,1705142780,84
frontier07082,1705142691,1705142754,63
frontier07083,1705143001,1705143068,67
frontier07084,1705142822,1705142997,175
frontier07085,1705142916,1705143057,141
frontier07086,1705142884,1705143057,173
frontier07087,1705143138,1705143149,11
frontier07088,1705142914,1705143058,144
frontier07089,1705143109,1705143119,10
frontier07090,1705142966,1705143067,101
frontier07091,1705142711,1705142822,111
frontier07092,1705142956,1705143067,111
frontier07093,1705142924,1705143061,137
frontier07094,1705142825,1705143014,189
frontier07095,1705142822,1705143019,197
frontier07096,1705142956,1705143067,111
frontier07097,1705142750,1705142883,133
frontier07098,1705142889,1705143049,160
frontier07099,1705142916,1705143056,140
frontier07100,1705142913,1705143058,145
frontier07101,1705142916,1705143059,143
frontier07102,1705142916,1705143062,146
frontier07103,1705142663,1705142694,31
frontier07104,1705142885,1705143057,172
frontier07105,1705142824,1705143026,202
frontier07106,1705142822,1705142986,164
frontier07107,1705143015,1705143069,54
frontier07108,1705142840,1705143023,183
frontier07109,1705142731,1705142852,121
frontier07110,1705142917,1705143063,146
frontier07111,1705142840,1705143028,188
frontier07112,1705142760,1705142923,163
frontier07113,1705142915,1705143059,144
frontier07114,1705142985,1705143067,82
frontier07115,1705143143,1705143150,7
frontier07116,1705142916,1705143058,142
frontier07117,1705142744,1705143068,324
frontier07118,1705142975,1705143067,92
frontier07119,1705142841,1705143027,186
frontier07120,1705142829,1705143014,185
frontier07121,1705142916,1705143055,139
frontier07122,1705142917,1705143061,144
frontier07123,1705142914,1705143057,143
frontier07124,1705142759,1705142922,163
frontier07125,1705142845,1705143011,166
frontier07126,1705142985,1705143068,83
frontier07127,1705142840,1705143027,187
frontier07128,1705142675,1705142704,29
frontier07129,1705142653,1705142725,72
frontier07130,1705142825,1705143016,191
frontier07131,1705142659,1705142690,31
frontier07132,1705142644,1705142667,23
frontier07133,1705142750,1705142915,165
frontier07134,1705142822,1705143019,197
frontier07135,1705142820,1705142981,161
frontier07136,1705142849,1705143013,164
frontier07137,1705142696,1705142765,69
frontier07138,1705142843,1705143006,163
frontier07139,1705142822,1705143011,189
frontier07140,1705142957,1705143064,107
frontier07141,1705142914,1705143060,146
frontier07142,1705142660,1705142689,29
frontier07143,1705142850,1705143048,198
frontier07144,1705142916,1705143055,139
frontier07145,1705142919,1705143061,142
frontier07146,1705142847,1705143048,201
frontier07147,1705142917,1705143058,141
frontier07148,1705142916,1705143056,140
frontier07149,1705142705,1705142798,93
frontier07150,1705143127,1705143140,13
frontier07151,1705142916,1705143058,142
frontier07152,1705143139,1705143150,11
frontier07153,1705142840,1705143016,176
frontier07154,1705142839,1705143028,189
frontier07155,1705142975,1705143067,92
frontier07156,1705142902,1705143058,156
frontier07157,1705142956,1705143067,111
frontier07158,1705142916,1705143057,141
frontier07159,1705142966,1705143067,101
frontier07160,1705142804,1705142994,190
frontier07161,1705142840,1705143023,183
frontier07162,1705143088,1705143099,11
frontier07163,1705142917,1705143057,140
frontier07164,1705143142,1705143150,8
frontier07165,1705142804,1705142989,185
frontier07166,1705142829,1705143030,201
frontier07167,1705142956,1705143066,110
frontier07168,1705142822,1705143030,208
frontier07169,1705142689,1705142737,48
frontier07170,1705142918,1705143060,142
frontier07171,1705142970,1705143066,96
frontier07172,1705142916,1705143061,145
frontier07173,1705142914,1705143058,144
frontier07174,1705142988,1705143068,80
frontier07175,1705142840,1705143028,188
frontier07176,1705142844,1705143029,185
frontier07177,1705143139,1705143150,11
frontier07178,1705142780,1705142954,174
frontier07179,1705142824,1705143001,177
frontier07180,1705142916,1705143061,145
frontier07181,1705142843,1705143033,190
frontier07182,1705142916,1705143061,145
frontier07183,1705142914,1705143055,141
frontier07184,1705142916,1705143056,140
frontier07185,1705142694,1705142759,65
frontier07186,1705142853,1705143047,194
frontier07187,1705142916,1705143060,144
frontier07188,1705142975,1705143067,92
frontier07189,1705142643,1705142664,21
frontier07190,1705142957,1705143064,107
frontier07191,1705142846,1705143048,202
frontier07192,1705142985,1705143068,83
frontier07193,1705142650,1705142680,30
frontier07194,1705142916,1705143048,132
frontier07195,1705142892,1705143058,166
frontier07196,1705142752,1705142913,161
frontier07197,1705142916,1705143059,143
frontier07198,1705142966,1705143067,101
frontier07199,1705142649,1705142670,21
frontier07200,1705142847,1705143035,188
frontier07201,1705142822,1705143030,208
frontier07202,1705142701,1705142802,101
frontier07203,1705142966,1705143067,101
frontier07204,1705142916,1705143058,142
frontier07205,1705142676,1705142706,30
frontier07206,1705142822,1705143022,200
frontier07207,1705142659,1705142692,33
frontier07208,1705142744,1705142878,134
frontier07209,1705142917,1705143061,144
frontier07210,1705142916,1705143058,142
frontier07211,1705142860,1705143045,185
frontier07212,1705142822,1705142990,168
frontier07213,1705142917,1705143062,145
frontier07214,1705142916,1705143058,142
frontier07216,1705142916,1705143047,131
frontier07217,1705142840,1705143039,199
frontier07218,1705143113,1705143123,10
frontier07219,1705142975,1705143066,91
frontier07220,1705142892,1705143056,164
frontier07221,1705142821,1705143013,192
frontier07222,1705142916,1705143056,140
frontier07223,1705142966,1705143067,101
frontier07224,1705142820,1705143009,189
frontier07225,1705142766,1705142956,190
frontier07226,1705142990,1705143068,78
frontier07227,1705142966,1705143067,101
frontier07228,1705142916,1705143061,145
frontier07229,1705142916,1705143055,139
frontier07230,1705143096,1705143106,10
frontier07231,1705142975,1705143066,91
frontier07232,1705142812,1705142984,172
frontier07233,1705142914,1705143054,140
frontier07234,1705142916,1705143058,142
frontier07235,1705142916,1705143058,142
frontier07236,1705142844,1705143031,187
frontier07237,1705142916,1705143056,140
frontier07238,1705142902,1705143046,144
frontier07239,1705142966,1705143067,101
frontier07240,1705142916,1705143057,141
frontier07241,1705142917,1705143062,145
frontier07242,1705142916,1705143058,142
frontier07243,1705142916,1705143057,141
frontier07244,1705142955,1705143063,108
frontier07245,1705142916,1705143062,146
frontier07246,1705142970,1705143064,94
frontier07247,1705142916,1705143061,145
frontier07248,1705142823,1705142985,162
frontier07249,1705142892,1705143062,170
frontier07250,1705142842,1705143030,188
frontier07251,1705142975,1705143067,92
frontier07252,1705142966,1705143064,98
frontier07253,1705142966,1705143067,101
frontier07254,1705142914,1705143058,144
frontier07255,1705142966,1705143064,98
frontier07256,1705142916,1705143051,135
frontier07257,1705142975,1705143068,93
frontier07258,1705142857,1705143052,195
frontier07259,1705142851,1705143041,190
frontier07260,1705143090,1705143101,11
frontier07261,1705142710,1705142822,112
frontier07262,1705142840,1705143003,163
frontier07263,1705142796,1705142994,198
frontier07264,1705142916,1705143058,142
frontier07265,1705142916,1705143059,143
frontier07266,1705142916,1705143047,131
frontier07267,1705142892,1705143054,162
frontier07268,1705142916,1705143042,126
frontier07269,1705142840,1705143023,183
frontier07270,1705142759,1705142916,157
frontier07271,1705143109,1705143120,11
frontier07272,1705142956,1705143061,105
frontier07273,1705142916,1705143045,129
frontier07274,1705142690,1705142744,54
frontier07275,1705142851,1705143040,189
frontier07276,1705142983,1705143067,84
frontier07277,1705142916,1705143058,142
frontier07278,1705143003,1705143069,66
frontier07279,1705142916,1705143049,133
frontier07280,1705142966,1705143067,101
frontier07281,1705142918,1705143058,140
frontier07282,1705142840,1705143023,183
frontier07283,1705142918,1705143059,141
frontier07284,1705142650,1705142680,30
frontier07285,1705142710,1705142812,102
frontier07286,1705142916,1705143060,144
frontier07287,1705142824,1705143010,186
frontier07288,1705142957,1705143067,110
frontier07289,1705142844,1705143044,200
frontier07290,1705143015,1705143070,55
frontier07291,1705142648,1705142669,21
frontier07292,1705142858,1705143043,185
frontier07293,1705142918,1705143048,130
frontier07294,1705142683,1705142729,46
frontier07295,1705142966,1705143064,98
frontier07296,1705142966,1705143064,98
frontier07297,1705142914,1705143068,154
frontier07298,1705142792,1705142990,198
frontier07299,1705142917,1705143057,140
frontier07300,1705142966,1705143067,101
frontier07301,1705142697,1705142789,92
frontier07302,1705142804,1705142977,173
frontier07303,1705143148,1705143150,2
frontier07304,1705142824,1705143011,187
frontier07305,1705142851,1705143048,197
frontier07306,1705142913,1705143058,145
frontier07307,1705142847,1705143033,186
frontier07308,1705142916,1705143055,139
frontier07309,1705142914,1705143058,144
frontier07310,1705142956,1705143067,111
frontier07311,1705142771,1705142967,196
frontier07312,1705143003,1705143069,66
frontier07313,1705142966,1705143064,98
frontier07314,1705142612,1705142628,16
frontier07315,1705143132,1705143148,16
frontier07316,1705142837,1705143039,202
frontier07317,1705142913,1705143059,146
frontier07318,1705142916,1705143062,146
frontier07319,1705142975,1705143066,91
frontier07320,1705142853,1705143050,197
frontier07321,1705143090,1705143101,11
frontier07322,1705142954,1705143061,107
frontier07323,1705142731,1705142849,118
frontier07324,1705142985,1705143068,83
frontier07325,1705142883,1705143033,150
frontier07326,1705142844,1705143038,194
frontier07327,1705142849,1705143037,188
frontier07328,1705142914,1705143055,141
frontier07329,1705143014,1705143070,56
frontier07330,1705142916,1705143055,139
frontier07331,1705142914,1705143060,146
frontier07332,1705143088,1705143100,12
frontier07334,1705142856,1705143050,194
frontier07335,1705142966,1705143067,101
frontier07336,1705142840,1705143036,196
frontier07337,1705142916,1705143062,146
frontier07338,1705142821,1705142913,92
frontier07339,1705142975,1705143067,92
frontier07340,1705142711,1705142813,102
frontier07341,1705142916,1705143042,126
frontier07343,1705142822,1705142997,175
frontier07344,1705143144,1705143150,6
frontier07345,1705142916,1705143063,147
frontier07346,1705142975,1705143066,91
frontier07347,1705142966,1705143067,101
frontier07348,1705142915,1705143058,143
frontier07349,1705142883,1705143052,169
frontier07350,1705142713,1705142822,109
frontier07351,1705142823,1705143013,190
frontier07352,1705142820,1705142994,174
frontier07353,1705142859,1705143033,174
frontier07354,1705142916,1705143058,142
frontier07355,1705142917,1705143043,126
frontier07356,1705142849,1705143043,194
frontier07357,1705142822,1705143011,189
frontier07358,1705142823,1705143028,205
frontier07359,1705142988,1705143068,80
frontier07360,1705142822,1705143019,197
frontier07361,1705142966,1705143067,101
frontier07362,1705142916,1705143043,127
frontier07363,1705142956,1705143067,111
frontier07364,1705142916,1705143056,140
frontier07365,1705142955,1705143067,112
frontier07366,1705142914,1705143058,144
frontier07367,1705142626,1705142653,27
frontier07368,1705142914,1705143059,145
frontier07369,1705142821,1705143012,191
frontier07370,1705142915,1705143059,144
frontier07371,1705142916,1705143063,147
frontier07372,1705142917,1705143056,139
frontier07373,1705142711,1705142820,109
frontier07374,1705142659,1705142690,31
frontier07375,1705142890,1705143047,157
frontier07376,1705142916,1705143057,141
frontier07377,1705142975,1705143067,92
frontier07378,1705142916,1705143046,130
frontier07379,1705142892,1705143050,158
frontier07380,1705143135,1705143149,14
frontier07381,1705142916,1705143058,142
frontier07382,1705142840,1705143020,180
frontier07383,1705143015,1705143069,54
frontier07384,1705142859,1705143046,187
frontier07385,1705142824,1705143010,186
frontier07386,1705142966,1705143066,100
frontier07387,1705142750,1705142883,133
frontier07388,1705142941,1705143064,123
frontier07389,1705142956,1705143067,111
frontier07390,1705142918,1705143059,141
frontier07391,1705142884,1705143056,172
frontier07392,1705142916,1705143058,142
frontier07393,1705142913,1705143058,145
frontier07394,1705142957,1705143064,107
frontier07395,1705142825,1705143032,207
frontier07396,1705142840,1705143033,193
frontier07397,1705143120,1705143129,9
frontier07398,1705142884,1705143055,171
frontier07399,1705142822,1705142981,159
frontier07400,1705142918,1705143061,143
frontier07401,1705143132,1705143147,15
frontier07402,1705142918,1705143060,142
frontier07403,1705142825,1705143022,197
frontier07404,1705142916,1705143061,145
frontier07405,1705142966,1705143064,98
frontier07406,1705142750,1705142893,143
frontier07407,1705142884,1705143039,155
frontier07408,1705142917,1705143060,143
frontier07409,1705142914,1705143058,144
frontier07410,1705142843,1705143038,195
frontier07411,1705142933,1705143064,131
frontier07412,1705142914,1705143058,144
frontier07413,1705142653,1705142676,23
frontier07414,1705142954,1705143063,109
frontier07415,1705142899,1705143058,159
frontier07416,1705142966,1705143067,101
frontier07417,1705142966,1705143066,100
frontier07418,1705142700,1705142791,91
frontier07419,1705142657,1705142689,32
frontier07420,1705142917,1705143046,129
frontier07421,1705142751,1705142915,164
frontier07422,1705142750,1705142892,142
frontier07423,1705142840,1705143036,196
frontier07424,1705142914,1705143058,144
frontier07425,1705143132,1705143147,15
frontier07426,1705142750,1705142883,133
frontier07427,1705142889,1705143043,154
frontier07428,1705142916,1705143059,143
frontier07429,1705142823,1705143017,194
frontier07430,1705142884,1705143056,172
frontier07431,1705142648,1705142669,21
frontier07432,1705142956,1705143067,111
frontier07433,1705142916,1705143058,142
frontier07434,1705142916,1705143058,142
frontier07435,1705142699,1705142789,90
frontier07436,1705142914,1705143059,145
frontier07437,1705142963,1705143070,107
frontier07438,1705142956,1705143066,110
frontier07439,1705142849,1705143038,189
frontier07440,1705142914,1705143058,144
frontier07441,1705142977,1705143067,90
frontier07442,1705142843,1705143016,173
frontier07443,1705142917,1705143054,137
frontier07444,1705142837,1705143014,177
frontier07445,1705142918,1705143059,141
frontier07446,1705142629,1705142662,33
frontier07447,1705142916,1705143055,139
frontier07448,1705142742,1705142863,121
frontier07449,1705143123,1705143132,9
frontier07450,1705142916,1705143061,145
frontier07451,1705142916,1705143058,142
frontier07452,1705142916,1705143058,142
frontier07453,1705142988,1705143067,79
frontier07454,1705142914,1705143062,148
frontier07455,1705143138,1705143150,12
frontier07456,1705142916,1705143059,143
frontier07457,1705142823,1705142980,157
frontier07458,1705143107,1705143117,10
frontier07459,1705142956,1705143066,110
frontier07460,1705142876,1705143046,170
frontier07461,1705142836,1705143031,195
frontier07462,1705142751,1705142883,132
frontier07463,1705142860,1705143033,173
frontier07464,1705142916,1705143058,142
frontier07465,1705142812,1705143016,204
frontier07466,1705142975,1705143066,91
frontier07467,1705142918,1705143063,145
frontier07468,1705142820,1705143027,207
frontier07469,1705142966,1705143066,100
frontier07470,1705142670,1705142700,30
frontier07471,1705142914,1705143055,141
frontier07472,1705142629,1705142667,38
frontier07473,1705142970,1705143067,97
frontier07474,1705142796,1705142989,193
frontier07475,1705142840,1705143042,202
frontier07476,1705142892,1705143046,154
frontier07477,1705142830,1705143021,191
frontier07478,1705142914,1705143059,145
frontier07479,1705142665,1705142693,28
frontier07480,1705142916,1705143059,143
frontier07481,1705142989,1705143069,80
frontier07482,1705142731,1705142865,134
frontier07483,1705142840,1705143032,192
frontier07484,1705142711,1705142813,102
frontier07485,1705142852,1705143042,190
frontier07486,1705142955,1705143063,108
frontier07487,1705142916,1705143059,143
frontier07488,1705142916,1705143058,142
frontier07489,1705142682,1705142730,48
frontier07491,1705142990,1705143068,78
frontier07492,1705142975,1705143066,91
frontier07493,1705142918,1705143061,143
frontier07494,1705143142,1705143150,8
frontier07495,1705142821,1705143010,189
frontier07496,1705142916,1705143056,140
frontier07497,1705142915,1705143055,140
frontier07498,1705142847,1705143040,193
frontier07499,1705142916,1705143063,147
frontier07500,1705142917,1705143058,141
frontier07501,1705142822,1705143008,186
frontier07502,1705142916,1705143057,141
frontier07503,1705143000,1705143069,69
frontier07504,1705142820,1705143003,183
frontier07505,1705142957,1705143064,107
frontier07506,1705142913,1705143049,136
frontier07507,1705142966,1705143066,100
frontier07508,1705142822,1705143015,193
frontier07509,1705142850,1705143008,158
frontier07510,1705142744,1705142876,132
frontier07511,1705142916,1705143061,145
frontier07512,1705143133,1705143148,15
frontier07513,1705142858,1705143045,187
frontier07514,1705142915,1705143059,144
frontier07515,1705142750,1705142883,133
frontier07516,1705142849,1705143037,188
frontier07517,1705142840,1705143002,162
frontier07518,1705142916,1705143057,141
frontier07519,1705142977,1705143067,90
frontier07520,1705142918,1705143059,141
frontier07521,1705142765,1705142925,160
frontier07522,1705142917,1705143060,143
frontier07523,1705142771,1705142929,158
frontier07524,1705142916,1705143059,143
frontier07525,1705142890,1705143042,152
frontier07526,1705143016,1705143070,54
frontier07527,1705142840,1705143035,195
frontier07528,1705142840,1705143019,179
frontier07529,1705143098,1705143109,11
frontier07530,1705142956,1705143067,111
frontier07531,1705142846,1705143036,190
frontier07532,1705142975,1705143067,92
frontier07533,1705142966,1705143066,100
frontier07534,1705142915,1705143061,146
frontier07535,1705142918,1705143058,140
frontier07536,1705142820,1705143022,202
frontier07537,1705142914,1705143058,144
frontier07538,1705142989,1705143069,80
frontier07539,1705142916,1705143059,143
frontier07540,1705143016,1705143070,54
frontier07541,1705142840,1705143031,191
frontier07542,1705142844,1705143033,189
frontier07543,1705142916,1705143058,142
frontier07544,1705142829,1705143029,200
frontier07545,1705142917,1705143058,141
frontier07546,1705142989,1705143068,79
frontier07547,1705143114,1705143124,10
frontier07548,1705142750,1705142893,143
frontier07549,1705143141,1705143150,9
frontier07550,1705142795,1705142981,186
frontier07552,1705142917,1705143058,141
frontier07553,1705142892,1705143055,163
frontier07554,1705142605,1705142618,13
frontier07555,1705142955,1705143061,106
frontier07556,1705142844,1705143042,198
frontier07557,1705143116,1705143127,11
frontier07558,1705142916,1705143058,142
frontier07559,1705142825,1705143008,183
frontier07560,1705142989,1705143068,79
frontier07561,1705142670,1705142700,30
frontier07562,1705142966,1705143067,101
frontier07563,1705142954,1705143062,108
frontier07564,1705142916,1705143057,141
frontier07565,1705142916,1705143043,127
frontier07566,1705142823,1705143022,199
frontier07567,1705142916,1705143058,142
frontier07568,1705142916,1705143054,138
frontier07569,1705142892,1705143058,166
frontier07570,1705142966,1705143064,98
frontier07571,1705142844,1705143041,197
frontier07572,1705142974,1705143067,93
frontier07573,1705142916,1705143058,142
frontier07574,1705142841,1705143042,201
frontier07575,1705143088,1705143109,21
frontier07576,1705142917,1705143058,141
frontier07577,1705142840,1705143024,184
frontier07578,1705142918,1705143059,141
frontier07579,1705143137,1705143149,12
frontier07580,1705142840,1705143019,179
frontier07581,1705143134,1705143149,15
frontier07582,1705142956,1705143067,111
frontier07583,1705142914,1705143058,144
frontier07584,1705142851,1705143017,166
frontier07585,1705142840,1705143034,194
frontier07586,1705142914,1705143057,143
frontier07587,1705142987,1705143068,81
frontier07588,1705142850,1705143046,196
frontier07589,1705142916,1705143061,145
frontier07590,1705142892,1705143047,155
frontier07591,1705142914,1705143038,124
frontier07592,1705142916,1705143055,139
frontier07593,1705142914,1705143067,153
frontier07594,1705143016,1705143076,60
frontier07595,1705142750,1705142883,133
frontier07596,1705142916,1705143058,142
frontier07597,1705142916,1705143062,146
frontier07598,1705142914,1705143058,144
frontier07599,1705142821,1705142994,173
frontier07600,1705142916,1705143052,136
frontier07601,1705142823,1705143009,186
frontier07602,1705142858,1705143035,177
frontier07603,1705142985,1705143067,82
frontier07604,1705142916,1705143059,143
frontier07605,1705142954,1705143062,108
frontier07606,1705142754,1705142919,165
frontier07607,1705142966,1705143067,101
frontier07608,1705142966,1705143064,98
frontier07609,1705142780,1705142954,174
frontier07610,1705142643,1705142662,19
frontier07611,1705142781,1705142983,202
frontier07612,1705142649,1705142670,21
frontier07613,1705142917,1705143061,144
frontier07614,1705142667,1705142696,29
frontier07615,1705142840,1705143035,195
frontier07616,1705142916,1705143058,142
frontier07617,1705142956,1705143067,111
frontier07618,1705142846,1705143033,187
frontier07619,1705142916,1705143061,145
frontier07620,1705143105,1705143115,10
frontier07621,1705142750,1705142890,140
frontier07622,1705142620,1705142648,28
frontier07623,1705142700,1705142795,95
frontier07624,1705142827,1705143017,190
frontier07625,1705142795,1705142990,195
frontier07626,1705142863,1705143037,174
frontier07627,1705142839,1705143030,191
frontier07628,1705142812,1705143009,197
frontier07629,1705142915,1705143058,143
frontier07630,1705143117,1705143126,9
frontier07631,1705142915,1705143057,142
frontier07632,1705142956,1705143064,108
frontier07633,1705142918,1705143058,140
frontier07634,1705142846,1705143032,186
frontier07635,1705142916,1705143058,142
frontier07636,1705142843,1705143018,175
frontier07637,1705142918,1705143058,140
frontier07638,1705142840,1705143018,178
frontier07639,1705142888,1705143059,171
frontier07640,1705142892,1705143058,166
frontier07641,1705142975,1705143067,92
frontier07642,1705143110,1705143120,10
frontier07643,1705142829,1705143032,203
frontier07644,1705142916,1705143052,136
frontier07645,1705142780,1705142978,198
frontier07646,1705142664,1705142697,33
frontier07647,1705142956,1705143066,110
frontier07648,1705142917,1705143061,144
frontier07649,1705143139,1705143150,11
frontier07650,1705142975,1705143068,93
frontier07651,1705142821,1705142998,177
frontier07652,1705142711,1705142827,116
frontier07653,1705142849,1705143021,172
frontier07654,1705142837,1705143032,195
frontier07655,1705143119,1705143128,9
frontier07656,1705142957,1705143067,110
frontier07657,1705142914,1705143055,141
frontier07658,1705142968,1705143067,99
frontier07659,1705143146,1705143150,4
frontier07660,1705142667,1705142694,27
frontier07661,1705142840,1705143018,178
frontier07662,1705142858,1705143044,186
frontier07663,1705142956,1705143063,107
frontier07664,1705142914,1705143058,144
frontier07665,1705142765,1705142955,190
frontier07666,1705142822,1705143008,186
frontier07667,1705142956,1705143063,107
frontier07668,1705142850,1705143032,182
frontier07669,1705143131,1705143146,15
frontier07670,1705142954,1705143066,112
frontier07671,1705142822,1705143016,194
frontier07672,1705142859,1705143052,193
frontier07673,1705142916,1705143059,143
frontier07674,1705142966,1705143067,101
frontier07675,1705142918,1705143058,140
frontier07676,1705142956,1705143066,110
frontier07677,1705142916,1705143055,139
frontier07678,1705142957,1705143064,107
frontier07679,1705143132,1705143147,15
frontier07680,1705143134,1705143149,15
frontier07681,1705142916,1705143059,143
frontier07682,1705142991,1705143068,77
frontier07683,1705142918,1705143059,141
frontier07684,1705142859,1705143042,183
frontier07685,1705142916,1705143059,143
frontier07686,1705142888,1705143059,171
frontier07687,1705142668,1705142700,32
frontier07688,1705142829,1705143031,202
frontier07689,1705142916,1705143055,139
frontier07690,1705142828,1705143035,207
frontier07691,1705142918,1705143061,143
frontier07692,1705142840,1705143022,182
frontier07693,1705142985,1705143068,83
frontier07694,1705142843,1705143038,195
frontier07695,1705142844,1705143037,193
frontier07696,1705142750,1705142883,133
frontier07697,1705142840,1705143026,186
frontier07698,1705142914,1705143058,144
frontier07699,1705142914,1705143058,144
frontier07700,1705142917,1705143058,141
frontier07701,1705142829,1705143007,178
frontier07702,1705142845,1705143037,192
frontier07703,1705142966,1705143067,101
frontier07704,1705142809,1705142992,183
frontier07705,1705142846,1705143046,200
frontier07706,1705143016,1705143069,53
frontier07707,1705142956,1705143066,110
frontier07708,1705142883,1705143056,173
frontier07709,1705142956,1705143067,111
frontier07711,1705142840,1705143030,190
frontier07712,1705142956,1705143067,111
frontier07713,1705142916,1705143058,142
frontier07714,1705142890,1705143056,166
frontier07715,1705142860,1705143053,193
frontier07716,1705142821,1705143013,192
frontier07717,1705142916,1705143049,133
frontier07718,1705142966,1705143067,101
frontier07719,1705142844,1705143042,198
frontier07720,1705142956,1705143063,107
frontier07721,1705142915,1705143059,144
frontier07722,1705142916,1705143062,146
frontier07723,1705142691,1705142751,60
frontier07724,1705142988,1705143069,81
frontier07725,1705142914,1705143058,144
frontier07726,1705142849,1705143048,199
frontier07727,1705142840,1705143019,179
frontier07728,1705142804,1705142994,190
frontier07729,1705142853,1705143040,187
frontier07730,1705142916,1705143062,146
frontier07731,1705142751,1705142883,132
frontier07732,1705142915,1705143058,143
frontier07733,1705142765,1705142954,189
frontier07734,1705142820,1705142998,178
frontier07735,1705143132,1705143147,15
frontier07736,1705142997,1705143069,72
frontier07737,1705142822,1705143006,184
frontier07738,1705142918,1705143050,132
frontier07739,1705142916,1705143059,143
frontier07740,1705142822,1705143010,188
frontier07741,1705142846,1705143045,199
frontier07742,1705142709,1705142813,104
frontier07743,1705142966,1705143064,98
frontier07744,1705142860,1705143043,183
frontier07745,1705142916,1705143058,142
frontier07746,1705142837,1705143036,199
frontier07747,1705143015,1705143069,54
frontier07749,1705142805,1705143006,201
frontier07750,1705142837,1705143033,196
frontier07751,1705142840,1705143039,199
frontier07752,1705142760,1705142924,164
frontier07753,1705142750,1705142914,164
frontier07754,1705142711,1705142822,111
frontier07755,1705142821,1705143009,188
frontier07756,1705142917,1705143061,144
frontier07757,1705142917,1705143058,141
frontier07758,1705142956,1705143067,111
frontier07759,1705142860,1705143053,193
frontier07760,1705142992,1705143068,76
frontier07761,1705142966,1705143066,100
frontier07762,1705142917,1705143060,143
frontier07763,1705143138,1705143150,12
frontier07764,1705142901,1705143058,157
frontier07765,1705143091,1705143102,11
frontier07766,1705142956,1705143067,111
frontier07767,1705142844,1705143029,185
frontier07768,1705142917,1705143048,131
frontier07769,1705142916,1705143058,142
frontier07770,1705142997,1705143069,72
frontier07771,1705142853,1705143048,195
frontier07772,1705143001,1705143069,68
frontier07773,1705142917,1705143058,141
frontier07774,1705142918,1705143049,131
frontier07775,1705142885,1705143057,172
frontier07776,1705142840,1705143015,175
frontier07777,1705142829,1705143041,212
frontier07778,1705142678,1705142709,31
frontier07779,1705142917,1705143058,141
frontier07780,1705142796,1705142994,198
frontier07781,1705142916,1705143062,146
frontier07782,1705142916,1705143058,142
frontier07783,1705142914,1705143058,144
frontier07784,1705142718,1705142828,110
frontier07785,1705142915,1705143044,129
frontier07786,1705142941,1705143064,123
frontier07787,1705142840,1705143023,183
frontier07788,1705142649,1705142678,29
frontier07789,1705142840,1705143033,193
frontier07790,1705142841,1705143032,191
frontier07791,1705142846,1705143034,188
frontier07792,1705143124,1705143135,11
frontier07793,1705142644,1705142662,18
frontier07794,1705142955,1705143064,109
frontier07795,1705142856,1705143041,185
frontier07796,1705142956,1705143064,108
frontier07797,1705142823,1705143007,184
frontier07798,1705142823,1705143024,201
frontier07799,1705142915,1705143058,143
frontier07800,1705142916,1705143057,141
frontier07801,1705142830,1705143008,178
frontier07802,1705143120,1705143130,10
frontier07803,1705142916,1705143058,142
frontier07804,1705143126,1705143137,11
frontier07805,1705142918,1705143052,134
frontier07806,1705142966,1705143064,98
frontier07807,1705142974,1705143067,93
frontier07808,1705142750,1705142884,134
frontier07809,1705142750,1705142889,139
frontier07810,1705142844,1705143033,189
frontier07811,1705142916,1705143055,139
frontier07812,1705143112,1705143122,10
frontier07813,1705142840,1705143029,189
frontier07814,1705142966,1705143066,100
frontier07815,1705142918,1705143061,143
frontier07816,1705143122,1705143131,9
frontier07817,1705142975,1705143066,91
frontier07818,1705142917,1705143059,142
frontier07819,1705142860,1705143047,187
frontier07820,1705142966,1705143066,100
frontier07821,1705142918,1705143058,140
frontier07822,1705142860,1705143046,186
frontier07823,1705142915,1705143059,144
frontier07824,1705142985,1705143067,82
frontier07825,1705142825,1705143015,190
frontier07826,1705142840,1705143034,194
frontier07827,1705142844,1705143037,193
frontier07828,1705142843,1705143020,177
frontier07829,1705142985,1705143068,83
frontier07830,1705142916,1705143059,143
frontier07831,1705142914,1705143053,139
frontier07832,1705142701,1705142798,97
frontier07833,1705142989,1705143068,79
frontier07834,1705142851,1705143035,184
frontier07835,1705142917,1705143058,141
frontier07836,1705142844,1705143047,203
frontier07837,1705142822,1705143018,196
frontier07838,1705142822,1705143009,187
frontier07839,1705142966,1705143067,101
frontier07840,1705142632,1705142660,28
frontier07841,1705142846,1705143044,198
frontier07842,1705142988,1705143068,80
frontier07843,1705142683,1705142731,48
frontier07844,1705142750,1705142888,138
frontier07845,1705142620,1705142646,26
frontier07846,1705142914,1705143058,144
frontier07847,1705143091,1705143102,11
frontier07848,1705142916,1705143058,142
frontier07849,1705142844,1705143034,190
frontier07850,1705142732,1705142854,122
frontier07851,1705143136,1705143149,13
frontier07852,1705142646,1705142673,27
frontier07853,1705142917,1705143059,142
frontier07854,1705142881,1705143056,175
frontier07855,1705142860,1705143043,183
frontier07856,1705142823,1705143014,191
frontier07857,1705142765,1705142929,164
frontier07858,1705142884,1705143056,172
frontier07859,1705142849,1705143047,198
frontier07860,1705142966,1705143064,98
frontier07861,1705142956,1705143063,107
frontier07862,1705142956,1705143066,110
frontier07863,1705142924,1705143009,85
frontier07864,1705142916,1705143061,145
frontier07865,1705142966,1705143064,98
frontier07866,1705142916,1705143058,142
frontier07867,1705142923,1705143060,137
frontier07868,1705142956,1705143067,111
frontier07869,1705142847,1705143028,181
frontier07870,1705142856,1705143038,182
frontier07871,1705142917,1705143058,141
frontier07872,1705142825,1705143030,205
frontier07873,1705142975,1705143066,91
frontier07874,1705142975,1705143067,92
frontier07875,1705142916,1705143058,142
frontier07876,1705142843,1705143040,197
frontier07877,1705142916,1705143059,143
frontier07878,1705142975,1705143067,92
frontier07879,1705142796,1705142981,185
frontier07880,1705142966,1705143067,101
frontier07881,1705142916,1705143058,142
frontier07882,1705143002,1705143069,67
frontier07883,1705142829,1705143031,202
frontier07884,1705142916,1705143060,144
frontier07885,1705142966,1705143064,98
frontier07886,1705142914,1705143058,144
frontier07887,1705142916,1705143058,142
frontier07888,1705142822,1705143002,180
frontier07889,1705142956,1705143063,107
frontier07890,1705142803,1705143001,198
frontier07891,1705142956,1705143063,107
frontier07892,1705142756,1705142921,165
frontier07893,1705142966,1705143066,100
frontier07894,1705142840,1705143030,190
frontier07895,1705142848,1705143030,182
frontier07896,1705142956,1705143067,111
frontier07897,1705142884,1705143059,175
frontier07898,1705142822,1705143007,185
frontier07899,1705142914,1705143058,144
frontier07900,1705142914,1705143057,143
frontier07901,1705142975,1705143064,89
frontier07902,1705142966,1705143067,101
frontier07903,1705142916,1705143056,140
frontier07905,1705142916,1705143058,142
frontier07906,1705142985,1705143067,82
frontier07907,1705142822,1705143026,204
frontier07908,1705142805,1705142913,108
frontier07909,1705142966,1705143068,102
frontier07910,1705143139,1705143150,11
frontier07911,1705142883,1705143049,166
frontier07912,1705142917,1705143058,141
frontier07913,1705142985,1705143067,82
frontier07914,1705143099,1705143109,10
frontier07915,1705142852,1705143028,176
frontier07916,1705143124,1705143134,10
frontier07917,1705142824,1705143011,187
frontier07918,1705142851,1705143035,184
frontier07919,1705143016,1705143069,53
frontier07920,1705142840,1705143028,188
frontier07921,1705142975,1705143068,93
frontier07922,1705143108,1705143118,10
frontier07923,1705142713,1705142827,114
frontier07924,1705142750,1705142884,134
frontier07925,1705142916,1705143061,145
frontier07926,1705142692,1705142749,57
frontier07927,1705142840,1705143013,173
frontier07928,1705143121,1705143130,9
frontier07929,1705142841,1705143033,192
frontier07930,1705142923,1705143060,137
frontier07931,1705142826,1705142913,87
frontier07932,1705142916,1705143058,142
frontier07933,1705142966,1705143064,98
frontier07934,1705142916,1705143060,144
frontier07935,1705142917,1705143058,141
frontier07936,1705142840,1705143017,177
frontier07937,1705142889,1705143054,165
frontier07938,1705142916,1705143059,143
frontier07939,1705142750,1705142884,134
frontier07940,1705142848,1705143032,184
frontier07941,1705142985,1705143068,83
frontier07942,1705142966,1705143064,98
frontier07943,1705142917,1705143058,141
frontier07944,1705142914,1705143057,143
frontier07945,1705142993,1705143068,75
frontier07947,1705142975,1705143067,92
frontier07948,1705142876,1705143043,167
frontier07949,1705142916,1705143057,141
frontier07951,1705142844,1705143038,194
frontier07952,1705142916,1705143055,139
frontier07953,1705142915,1705143049,134
frontier07955,1705142985,1705143068,83
frontier07956,1705142648,1705142669,21
frontier07957,1705142916,1705143060,144
frontier07958,1705142822,1705143022,200
frontier07959,1705142779,1705142955,176
frontier07960,1705142804,1705142997,193
frontier07961,1705142975,1705143068,93
frontier07962,1705142751,1705142915,164
frontier07963,1705142753,1705142914,161
frontier07964,1705142884,1705143056,172
frontier07965,1705142750,1705142883,133
frontier07966,1705142619,1705142648,29
frontier07967,1705142840,1705143018,178
frontier07968,1705142620,1705142646,26
frontier07969,1705143131,1705143146,15
frontier07970,1705142840,1705143013,173
frontier07971,1705142923,1705143060,137
frontier07972,1705142966,1705143066,100
frontier07973,1705142916,1705143058,142
frontier07974,1705142855,1705143047,192
frontier07975,1705142702,1705142993,291
frontier07976,1705142956,1705143066,110
frontier07977,1705142914,1705143057,143
frontier07978,1705142916,1705143055,139
frontier07979,1705142840,1705143027,187
frontier07980,1705142844,1705143038,194
frontier07981,1705142668,1705142699,31
frontier07982,1705142975,1705143068,93
frontier07983,1705142915,1705143059,144
frontier07984,1705142918,1705143058,140
frontier07985,1705142648,1705142669,21
frontier07986,1705142957,1705143064,107
frontier07987,1705142847,1705143031,184
frontier07988,1705142915,1705143061,146
frontier07989,1705142954,1705143061,107
frontier07990,1705142860,1705143051,191
frontier07991,1705142955,1705143063,108
frontier07992,1705142720,1705142840,120
frontier07993,1705143135,1705143149,14
frontier07994,1705142956,1705143067,111
frontier07995,1705142822,1705143008,186
frontier07996,1705142988,1705143068,80
frontier07997,1705142751,1705142883,132
frontier07998,1705142839,1705143028,189
frontier07999,1705142892,1705143054,162
frontier08000,1705142916,1705143051,135
frontier08001,1705142840,1705143029,189
frontier08002,1705142846,1705143045,199
frontier08003,1705142822,1705143024,202
frontier08004,1705142916,1705143057,141
frontier08005,1705142848,1705143019,171
frontier08006,1705142823,1705143013,190
frontier08007,1705142916,1705143058,142
frontier08008,1705142843,1705143009,166
frontier08009,1705142916,1705143057,141
frontier08010,1705142628,1705142659,31
frontier08011,1705142822,1705143014,192
frontier08012,1705142917,1705143060,143
frontier08013,1705142914,1705143033,119
frontier08014,1705142975,1705143067,92
frontier08015,1705142988,1705143068,80
frontier08016,1705142751,1705142913,162
frontier08017,1705143113,1705143123,10
frontier08018,1705142840,1705143030,190
frontier08019,1705142693,1705142758,65
frontier08020,1705142987,1705143068,81
frontier08021,1705142916,1705143058,142
frontier08022,1705142977,1705143067,90
frontier08023,1705142711,1705142816,105
frontier08024,1705142937,1705143067,130
frontier08025,1705142822,1705143009,187
frontier08026,1705142822,1705143006,184
frontier08027,1705142705,1705142803,98
frontier08028,1705142914,1705143051,137
frontier08029,1705142822,1705143029,207
frontier08030,1705142828,1705143035,207
frontier08031,1705142915,1705143055,140
frontier08032,1705142917,1705143058,141
frontier08033,1705142883,1705143056,173
frontier08034,1705142849,1705143046,197
frontier08035,1705142830,1705143017,187
frontier08036,1705142966,1705143064,98
frontier08037,1705142914,1705143058,144
frontier08038,1705142858,1705143029,171
frontier08039,1705142970,1705143067,97
frontier08040,1705142916,1705143060,144
frontier08041,1705142848,1705143043,195
frontier08042,1705143083,1705143093,10
frontier08043,1705143015,1705143069,54
frontier08044,1705142890,1705143043,153
frontier08045,1705142846,1705143035,189
frontier08046,1705142985,1705143067,82
frontier08047,1705142966,1705143067,101
frontier08048,1705142713,1705142825,112
frontier08049,1705142989,1705143068,79
frontier08050,1705142841,1705143028,187
frontier08051,1705142824,1705143012,188
frontier08052,1705143129,1705143149,20
frontier08053,1705142975,1705143066,91
frontier08054,1705142661,1705142692,31
frontier08055,1705142846,1705143046,200
frontier08056,1705142914,1705143058,144
frontier08057,1705142840,1705143024,184
frontier08058,1705142755,1705142915,160
frontier08059,1705142975,1705143068,93
frontier08060,1705142771,1705142923,152
frontier08061,1705142701,1705142803,102
frontier08062,1705143120,1705143129,9
frontier08063,1705142849,1705143037,188
frontier08064,1705142785,1705142974,189
frontier08065,1705142966,1705143064,98
frontier08066,1705142823,1705143015,192
frontier08067,1705142828,1705143016,188
frontier08068,1705142917,1705143057,140
frontier08069,1705142956,1705143066,110
frontier08070,1705143097,1705143107,10
frontier08071,1705142990,1705143069,79
frontier08072,1705142916,1705143062,146
frontier08073,1705142844,1705143035,191
frontier08074,1705142975,1705143066,91
frontier08075,1705142916,1705143058,142
frontier08076,1705142975,1705143066,91
frontier08077,1705142975,1705143066,91
frontier08078,1705142916,1705143050,134
frontier08079,1705142956,1705143066,110
frontier08080,1705142750,1705142892,142
frontier08081,1705142916,1705143043,127
frontier08082,1705142916,1705143059,143
frontier08083,1705142839,1705143042,203
frontier08084,1705143146,1705143150,4
frontier08085,1705142822,1705143021,199
frontier08086,1705142656,1705142684,28
frontier08087,1705142837,1705143042,205
frontier08088,1705142644,1705142667,23
frontier08089,1705142994,1705143068,74
frontier08090,1705142750,1705142902,152
frontier08091,1705142956,1705143067,111
frontier08092,1705142664,1705142693,29
frontier08093,1705142977,1705143068,91
frontier08094,1705142966,1705143066,100
frontier08095,1705142956,1705143067,111
frontier08096,1705142840,1705143019,179
frontier08097,1705142966,1705143066,100
frontier08098,1705142916,1705143062,146
frontier08099,1705142840,1705143023,183
frontier08100,1705142697,1705142788,91
frontier08101,1705142774,1705142913,139
frontier08102,1705142916,1705143061,145
frontier08103,1705142750,1705142890,140
frontier08104,1705142917,1705143055,138
frontier08105,1705143138,1705143150,12
frontier08106,1705142889,1705143044,155
frontier08107,1705142915,1705143046,131
frontier08108,1705142992,1705143069,77
frontier08109,1705142966,1705143064,98
frontier08110,1705142900,1705143058,158
frontier08111,1705142823,1705143013,190
frontier08112,1705142914,1705143057,143
frontier08113,1705142856,1705143053,197
frontier08114,1705142824,1705143017,193
frontier08115,1705142954,1705143062,108
frontier08116,1705142956,1705143067,111
frontier08117,1705142915,1705143059,144
frontier08118,1705142844,1705143022,178
frontier08119,1705142750,1705142884,134
frontier08120,1705142956,1705143067,111
frontier08121,1705142779,1705142955,176
frontier08122,1705142826,1705143022,196
frontier08123,1705142914,1705143058,144
frontier08124,1705142812,1705143013,201
frontier08125,1705142913,1705143057,144
frontier08126,1705142966,1705143067,101
frontier08127,1705142924,1705143061,137
frontier08128,1705142892,1705143058,166
frontier08130,1705142788,1705142974,186
frontier08131,1705142844,1705143037,193
frontier08132,1705142650,1705142675,25
frontier08133,1705142916,1705143059,143
frontier08134,1705142876,1705143035,159
frontier08135,1705142851,1705143047,196
frontier08136,1705142975,1705143067,92
frontier08137,1705142916,1705143053,137
frontier08138,1705142957,1705143064,107
frontier08139,1705143103,1705143113,10
frontier08140,1705142822,1705142990,168
frontier08141,1705142755,1705142919,164
frontier08142,1705142805,1705143013,208
frontier08143,1705142840,1705143002,162
frontier08144,1705142918,1705143056,138
frontier08145,1705142650,1705142681,31
frontier08146,1705142665,1705142694,29
frontier08147,1705142711,1705142824,113
frontier08148,1705142917,1705143062,145
frontier08149,1705143099,1705143110,11
frontier08150,1705142957,1705143067,110
frontier08151,1705142820,1705143001,181
frontier08152,1705142985,1705143067,82
frontier08153,1705143137,1705143149,12
frontier08154,1705142692,1705142764,72
frontier08155,1705142780,1705142954,174
frontier08156,1705142956,1705143067,111
frontier08157,1705142650,1705142678,28
frontier08158,1705142915,1705143061,146
frontier08159,1705143136,1705143149,13
frontier08160,1705142840,1705143009,169
frontier08161,1705142914,1705143058,144
frontier08162,1705143136,1705143149,13
frontier08163,1705142916,1705143056,140
frontier08164,1705143138,1705143150,12
frontier08165,1705142847,1705143043,196
frontier08166,1705142749,1705142883,134
frontier08167,1705142916,1705143058,142
frontier08168,1705142850,1705143026,176
frontier08169,1705142753,1705142885,132
frontier08170,1705142847,1705143013,166
frontier08171,1705142917,1705143058,141
frontier08172,1705142844,1705143032,188
frontier08173,1705142858,1705143022,164
frontier08174,1705142917,1705143043,126
frontier08175,1705142822,1705143013,191
frontier08176,1705142916,1705143059,143
frontier08177,1705142918,1705143058,140
frontier08178,1705142840,1705142989,149
frontier08179,1705142840,1705143029,189
frontier08180,1705142966,1705143064,98
frontier08181,1705142711,1705142821,110
frontier08182,1705142966,1705143066,100
frontier08183,1705142916,1705143056,140
frontier08184,1705142858,1705143040,182
frontier08185,1705142916,1705143060,144
frontier08186,1705142709,1705142812,103
frontier08187,1705142828,1705143030,202
frontier08188,1705143136,1705143149,13
frontier08189,1705142966,1705143067,101
frontier08190,1705142883,1705143045,162
frontier08191,1705142966,1705143064,98
frontier08192,1705142956,1705143067,111
frontier08193,1705142711,1705142812,101
frontier08194,1705142917,1705143058,141
frontier08195,1705143086,1705143092,6
frontier08196,1705142840,1705143010,170
frontier08197,1705142916,1705143060,144
frontier08198,1705142846,1705143048,202
frontier08199,1705142975,1705143066,91
frontier08200,1705142915,1705143056,141
frontier08201,1705143135,1705143149,14
frontier08202,1705142824,1705143014,190
frontier08203,1705142623,1705142644,21
frontier08204,1705142956,1705143067,111
frontier08205,1705142954,1705143062,108
frontier08206,1705143015,1705143070,55
frontier08207,1705143143,1705143150,7
frontier08208,1705142752,1705142885,133
frontier08209,1705142916,1705143045,129
frontier08210,1705142750,1705142911,161
frontier08211,1705142798,1705142978,180
frontier08212,1705142966,1705143067,101
frontier08213,1705142650,1705142680,30
frontier08214,1705142914,1705143058,144
frontier08215,1705142917,1705143041,124
frontier08216,1705142760,1705142915,155
frontier08217,1705142916,1705143046,130
frontier08218,1705142859,1705143052,193
frontier08219,1705143145,1705143150,5
frontier08220,1705142918,1705143058,140
frontier08221,1705142975,1705143064,89
frontier08223,1705142841,1705143029,188
frontier08224,1705142846,1705143047,201
frontier08225,1705142892,1705143058,166
frontier08226,1705142975,1705143066,91
frontier08227,1705142766,1705142925,159
frontier08228,1705142916,1705143056,140
frontier08229,1705142783,1705142974,191
frontier08230,1705142860,1705143053,193
frontier08231,1705142821,1705143017,196
frontier08232,1705142975,1705143066,91
frontier08233,1705142750,1705142883,133
frontier08234,1705142916,1705143057,141
frontier08235,1705142830,1705143017,187
frontier08236,1705143136,1705143149,13
frontier08237,1705142916,1705143062,146
frontier08238,1705142822,1705143011,189
frontier08239,1705142956,1705143067,111
frontier08240,1705142711,1705142816,105
frontier08241,1705142956,1705143066,110
frontier08242,1705143117,1705143127,10
frontier08243,1705142915,1705143058,143
frontier08244,1705142632,1705142662,30
frontier08245,1705142840,1705143014,174
frontier08246,1705142985,1705143066,81
frontier08247,1705142954,1705143063,109
frontier08248,1705143137,1705143149,12
frontier08251,1705142820,1705142998,178
frontier08254,1705143133,1705143148,15
frontier08255,1705142853,1705143040,187
frontier08256,1705142609,1705142622,13
frontier08257,1705142916,1705143059,143
frontier08258,1705142916,1705143058,142
frontier08259,1705142750,1705142884,134
frontier08260,1705143091,1705143103,12
frontier08261,1705142889,1705143061,172
frontier08262,1705142844,1705143023,179
frontier08263,1705142650,1705142675,25
frontier08264,1705142915,1705143059,144
frontier08265,1705142822,1705143022,200
frontier08266,1705142648,1705142670,22
frontier08267,1705142916,1705142977,61
frontier08268,1705142643,1705142663,20
frontier08269,1705142846,1705143023,177
frontier08270,1705142843,1705143037,194
frontier08273,1705142860,1705142913,53
frontier08274,1705142693,1705142759,66
frontier08276,1705142825,1705142913,88
frontier08278,1705142841,1705143031,190
frontier08279,1705142974,1705143067,93
frontier08280,1705142648,1705142670,22
frontier08281,1705142824,1705142893,69
frontier08282,1705143139,1705143150,11
frontier08284,1705142840,1705142913,73
frontier08285,1705142888,1705142913,25
frontier08286,1705142954,1705143061,107
frontier08287,1705142915,1705143058,143
frontier08288,1705142858,1705143042,184
frontier08289,1705142876,1705143043,167
frontier08290,1705142916,1705143058,142
frontier08291,1705142860,1705142913,53
frontier08292,1705142956,1705143067,111
frontier08293,1705142916,1705143056,140
frontier08294,1705142859,1705143037,178
frontier08295,1705143137,1705143149,12
frontier08296,1705142956,1705143060,104
frontier08297,1705142916,1705143054,138
frontier08298,1705142840,1705143030,190
frontier08300,1705142849,1705142913,64
frontier08301,1705143095,1705143106,11
frontier08303,1705142850,1705142913,63
frontier08305,1705142918,1705143058,140
frontier08306,1705142843,1705143030,187
frontier08307,1705142892,1705143052,160
frontier08308,1705142837,1705143019,182
frontier08309,1705142804,1705143003,199
frontier08310,1705142840,1705142913,73
frontier08311,1705142751,1705142885,134
frontier08313,1705142916,1705143059,143
frontier08317,1705142884,1705143056,172
frontier08318,1705142876,1705142913,37
frontier08320,1705142844,1705143023,179
frontier08321,1705142683,1705142730,47
frontier08322,1705142956,1705143067,111
frontier08323,1705142797,1705143006,209
frontier08324,1705142975,1705143067,92
frontier08325,1705142750,1705142883,133
frontier08328,1705142990,1705143069,79
frontier08329,1705142821,1705143008,187
frontier08330,1705142830,1705143036,206
frontier08331,1705142780,1705142913,133
frontier08332,1705142670,1705142704,34
frontier08333,1705143134,1705143149,15
frontier08334,1705142701,1705142803,102
frontier08335,1705142659,1705142690,31
frontier08336,1705142915,1705143067,152
frontier08337,1705142841,1705143029,188
frontier08338,1705142841,1705142913,72
frontier08339,1705142848,1705143034,186
frontier08340,1705142801,1705143011,210
frontier08341,1705142750,1705142879,129
frontier08342,1705142956,1705143067,111
frontier08343,1705142916,1705143060,144
frontier08344,1705142829,1705143023,194
frontier08345,1705143097,1705143109,12
frontier08346,1705142837,1705143024,187
frontier08347,1705142975,1705143066,91
frontier08348,1705142957,1705143067,110
frontier08349,1705142916,1705143041,125
frontier08350,1705142884,1705143059,175
frontier08351,1705143131,1705143146,15
frontier08352,1705142916,1705143058,142
frontier08353,1705142846,1705143014,168
frontier08354,1705143133,1705143148,15
frontier08355,1705142847,1705143029,182
frontier08356,1705142820,1705142992,172
frontier08357,1705142916,1705143051,135
frontier08358,1705142829,1705143018,189
frontier08359,1705142917,1705143058,141
frontier08360,1705142918,1705143059,141
frontier08361,1705142863,1705143043,180
frontier08362,1705142822,1705143018,196
frontier08363,1705142841,1705143029,188
frontier08364,1705142840,1705143033,193
frontier08365,1705142956,1705143066,110
frontier08366,1705142844,1705142991,147
frontier08367,1705142914,1705143049,135
frontier08368,1705142822,1705142977,155
frontier08371,1705142625,1705142657,32
frontier08373,1705142954,1705143063,109
frontier08375,1705142900,1705143057,157
frontier08381,1705142916,1705143054,138
frontier08382,1705142837,1705143023,186
frontier08383,1705143015,1705143070,55
frontier08384,1705142711,1705142825,114
frontier08385,1705142955,1705143067,112
frontier08386,1705142796,1705142985,189
frontier08387,1705142822,1705143008,186
frontier08388,1705142826,1705143016,190
frontier08389,1705142701,1705142822,121
frontier08390,1705143076,1705143081,5
frontier08391,1705142841,1705143017,176
frontier08392,1705142669,1705142699,30
frontier08393,1705142956,1705143066,110
frontier08394,1705142848,1705143032,184
frontier08395,1705142989,1705143068,79
frontier08396,1705142916,1705143058,142
frontier08397,1705142820,1705143018,198
frontier08398,1705142711,1705142822,111
frontier08399,1705142916,1705143058,142
frontier08400,1705142837,1705143031,194
frontier08401,1705142916,1705143059,143
frontier08402,1705143103,1705143113,10
frontier08403,1705142822,1705143028,206
frontier08404,1705143130,1705143145,15
frontier08405,1705142852,1705143043,191
frontier08406,1705142648,1705142673,25
frontier08407,1705142709,1705142811,102
frontier08408,1705142916,1705143044,128
frontier08409,1705142849,1705143039,190
frontier08410,1705142805,1705143003,198
frontier08411,1705142989,1705143068,79
frontier08412,1705142916,1705143058,142
frontier08413,1705142916,1705143058,142
frontier08414,1705143140,1705143150,10
frontier08415,1705142918,1705143058,140
frontier08416,1705142830,1705143017,187
frontier08417,1705142714,1705142825,111
frontier08418,1705142970,1705143067,97
frontier08419,1705143133,1705143148,15
frontier08420,1705142860,1705143046,186
frontier08421,1705142846,1705143046,200
frontier08422,1705142822,1705143001,179
frontier08423,1705142825,1705143028,203
frontier08424,1705142916,1705143058,142
frontier08425,1705142916,1705143050,134
frontier08426,1705142971,1705143067,96
frontier08427,1705142882,1705143055,173
frontier08428,1705142988,1705143068,80
frontier08429,1705142916,1705143058,142
frontier08430,1705142985,1705143067,82
frontier08431,1705142846,1705143043,197
frontier08432,1705142678,1705142708,30
frontier08433,1705143137,1705143149,12
frontier08434,1705142647,1705142675,28
frontier08435,1705142837,1705143007,170
frontier08436,1705142917,1705143050,133
frontier08437,1705142822,1705143009,187
frontier08438,1705142954,1705143063,109
frontier08439,1705143140,1705143150,10
frontier08440,1705142916,1705143057,141
frontier08441,1705142822,1705143018,196
frontier08442,1705142892,1705143054,162
frontier08443,1705143145,1705143150,5
frontier08444,1705142883,1705143035,152
frontier08445,1705142651,1705142679,28
frontier08446,1705142860,1705143055,195
frontier08447,1705142822,1705143030,208
frontier08487,1705142956,1705143066,110
frontier08488,1705142847,1705143034,187
frontier08489,1705142780,1705142975,195
frontier08490,1705142620,1705142648,28
frontier08495,1705142966,1705143067,101
frontier08496,1705142650,1705142675,25
frontier08497,1705142916,1705143039,123
frontier08498,1705142902,1705143054,152
frontier08499,1705142975,1705143068,93
frontier08500,1705142758,1705142923,165
frontier08501,1705142975,1705143068,93
frontier08502,1705143138,1705143149,11
frontier08503,1705142839,1705143041,202
frontier08504,1705142975,1705143064,89
frontier08538,1705142916,1705143058,142
frontier08539,1705142956,1705143067,111
frontier08541,1705142956,1705143066,110
frontier08542,1705142803,1705143012,209
frontier08543,1705142701,1705142796,95
frontier08544,1705142669,1705142704,35
frontier08545,1705142751,1705142890,139
frontier08546,1705142847,1705143031,184
frontier08547,1705143089,1705143099,10
frontier08548,1705142789,1705142913,124
frontier08550,1705142916,1705143058,142
frontier08551,1705142840,1705143034,194
frontier08552,1705142913,1705143058,145
frontier08553,1705142992,1705143068,76
frontier08555,1705142916,1705143058,142
frontier08556,1705142840,1705143030,190
frontier08558,1705142985,1705143068,83
frontier08560,1705142846,1705143045,199
frontier08561,1705142884,1705142884,0
frontier08563,1705142623,1705142644,21
frontier08564,1705142914,1705143067,153
frontier08565,1705142840,1705143019,179
frontier08566,1705142756,1705142913,157
frontier08568,1705142956,1705143067,111
frontier08569,1705142915,1705143051,136
frontier08571,1705142852,1705142913,61
frontier08572,1705142750,1705142884,134
frontier08573,1705142822,1705142913,91
frontier08574,1705142916,1705143055,139
frontier08575,1705142648,1705142673,25
frontier08576,1705142829,1705142913,84
frontier08593,1705143104,1705143115,11
frontier08594,1705142850,1705143047,197
frontier08598,1705142916,1705143062,146
frontier08627,1705142744,1705142866,122
frontier08630,1705142796,1705142913,117
frontier08631,1705142966,1705143067,101
frontier08632,1705142966,1705143070,104
frontier08636,1705142676,1705142709,33
frontier08638,1705143138,1705143150,12
frontier08640,1705142863,1705143042,179
frontier08641,1705142840,1705143031,191
frontier08642,1705143130,1705143145,15
frontier08643,1705142857,1705143052,195
frontier08644,1705143140,1705143150,10
frontier08645,1705142858,1705142913,55
frontier08647,1705142953,1705143064,111
frontier08649,1705142917,1705143055,138
frontier08650,1705142659,1705142690,31
frontier08651,1705142916,1705143059,143
frontier08653,1705142916,1705143057,141
frontier08654,1705142916,1705143051,135
frontier08655,1705142844,1705142893,49
frontier08656,1705142766,1705142955,189
frontier08657,1705142966,1705143067,101
frontier08658,1705142985,1705143067,82
frontier08659,1705142711,1705142820,109
frontier08660,1705142822,1705143015,193
frontier08662,1705142837,1705143038,201
frontier08663,1705142966,1705143067,101
frontier08664,1705142923,1705143060,137
frontier08665,1705142933,1705143068,135
frontier08666,1705142766,1705142913,147
frontier08667,1705142916,1705143057,141
frontier08668,1705142913,1705142913,0
frontier08670,1705142918,1705143058,140
frontier08671,1705142975,1705143067,92
frontier08672,1705142985,1705143067,82
frontier08673,1705142849,1705143037,188
frontier08674,1705142916,1705143058,142
frontier08675,1705142985,1705143067,82
frontier08676,1705142985,1705143068,83
frontier08677,1705142985,1705143067,82
frontier08678,1705142840,1705143013,173
frontier08679,1705143113,1705143123,10
frontier08680,1705142956,1705143067,111
frontier08681,1705142884,1705143058,174
frontier08682,1705142629,1705142658,29
frontier08683,1705142822,1705143019,197
frontier08684,1705142804,1705143003,199
frontier08685,1705142916,1705143050,134
frontier08686,1705142883,1705143046,163
frontier08687,1705142915,1705143056,141
frontier08688,1705142749,1705142893,144
frontier08689,1705142704,1705142804,100
frontier08690,1705142781,1705142968,187
frontier08691,1705142721,1705142839,118
frontier08692,1705142675,1705142702,27
frontier08693,1705142677,1705142710,33
frontier08694,1705142916,1705143058,142
frontier08695,1705142698,1705142784,86
frontier08696,1705142988,1705143068,80
frontier08697,1705142822,1705143010,188
frontier08698,1705142916,1705143061,145
frontier08699,1705142914,1705143059,145
frontier08700,1705142840,1705143023,183
frontier08701,1705142821,1705143006,185
frontier08702,1705142892,1705143053,161
frontier08703,1705142918,1705143058,140
frontier08704,1705142889,1705143058,169
frontier08718,1705142916,1705143056,140
frontier08719,1705142916,1705143058,142
frontier08720,1705142956,1705143063,107
frontier08721,1705142859,1705143044,185
frontier08722,1705142916,1705143057,141
frontier08723,1705142844,1705143033,189
frontier08739,1705142956,1705143063,107
frontier08740,1705142826,1705143014,188
frontier08749,1705142955,1705143063,108
frontier08750,1705142975,1705143067,92
frontier08751,1705142975,1705143066,91
frontier08752,1705142856,1705143042,186
frontier08753,1705142916,1705143058,142
frontier08754,1705142796,1705142983,187
frontier08755,1705142916,1705143056,140
frontier08756,1705142751,1705142890,139
frontier08757,1705142770,1705142957,187
frontier08758,1705142758,1705142916,158
frontier08759,1705143070,1705143079,9
frontier08760,1705142956,1705143067,111
frontier08761,1705142692,1705142756,64
frontier08762,1705142853,1705143037,184
frontier08763,1705143139,1705143150,11
frontier08764,1705142860,1705143045,185
frontier08765,1705142837,1705143034,197
frontier08766,1705142975,1705143067,92
frontier08767,1705142892,1705143044,152
frontier08768,1705142843,1705143038,195
frontier08769,1705142968,1705143064,96
frontier08770,1705142966,1705143067,101
frontier08771,1705142718,1705142829,111
frontier08772,1705142956,1705143067,111
frontier08773,1705142987,1705143067,80
frontier08774,1705142900,1705143057,157
frontier08775,1705142823,1705143007,184
frontier08776,1705142914,1705143061,147
frontier08777,1705142966,1705143064,98
frontier08778,1705142846,1705143043,197
frontier08779,1705142914,1705143058,144
frontier08780,1705142840,1705143027,187
frontier08781,1705142847,1705143010,163
frontier08782,1705142848,1705143046,198
frontier08783,1705142916,1705143057,141
frontier08784,1705142750,1705142883,133
frontier08785,1705142822,1705143024,202
frontier08786,1705142918,1705143046,128
frontier08787,1705142918,1705143058,140
frontier08788,1705142916,1705143057,141
frontier08789,1705142843,1705143016,173
frontier08790,1705142916,1705143061,145
frontier08791,1705142914,1705143058,144
frontier08792,1705142919,1705143063,144
frontier08793,1705142844,1705143041,197
frontier08794,1705142916,1705143055,139
frontier08795,1705142966,1705143064,98
frontier08796,1705142993,1705143068,75
frontier08797,1705142988,1705143068,80
frontier08798,1705142916,1705143060,144
frontier08799,1705142954,1705143062,108
frontier08800,1705142914,1705143058,144
frontier08801,1705142915,1705143058,143
frontier08802,1705142766,1705142955,189
frontier08803,1705142823,1705142988,165
frontier08804,1705142918,1705143058,140
frontier08805,1705142846,1705143045,199
frontier08806,1705142916,1705143058,142
frontier08807,1705142822,1705143007,185
frontier08808,1705142917,1705143059,142
frontier08809,1705142991,1705143068,77
frontier08810,1705142750,1705142914,164
frontier08811,1705142988,1705143068,80
frontier08812,1705142796,1705142997,201
frontier08813,1705142916,1705143058,142
frontier08814,1705143138,1705143149,11
frontier08815,1705142844,1705143030,186
frontier08817,1705142916,1705143058,142
frontier08820,1705142840,1705142913,73
frontier08823,1705142750,1705142913,163
frontier08827,1705142757,1705142913,156
frontier08830,1705142751,1705142884,133
frontier08833,1705142966,1705143067,101
frontier08834,1705142915,1705143053,138
frontier08835,1705142840,1705142913,73
frontier08838,1705142711,1705142817,106
frontier08840,1705143143,1705143150,7
frontier08842,1705142974,1705143066,92
frontier08844,1705142985,1705143067,82
frontier08845,1705142849,1705142885,36
frontier08847,1705142923,1705143062,139
frontier08848,1705143099,1705143110,11
frontier08849,1705142860,1705142913,53
frontier08850,1705142968,1705143064,96
frontier08851,1705142849,1705142885,36
frontier08852,1705142609,1705142621,12
frontier08854,1705142765,1705142927,162
frontier08856,1705142892,1705142892,0
frontier08859,1705142890,1705142913,23
frontier08872,1705142825,1705143016,191
frontier08873,1705142985,1705143067,82
frontier08875,1705142846,1705143048,202
frontier08876,1705142916,1705143062,146
frontier08877,1705142823,1705143012,189
frontier08878,1705142841,1705143027,186
frontier08879,1705142751,1705142894,143
frontier08880,1705142813,1705142913,100
frontier08881,1705142918,1705143058,140
frontier08882,1705142844,1705143031,187
frontier08883,1705142750,1705142893,143
frontier08887,1705142854,1705142913,59
frontier08888,1705142916,1705143058,142
frontier08889,1705142914,1705143057,143
frontier08890,1705142860,1705143055,195
frontier08891,1705142916,1705143058,142
frontier08892,1705142918,1705143058,140
frontier08893,1705142915,1705143058,143
frontier08894,1705142916,1705143042,126
frontier08895,1705143137,1705143149,12
frontier08896,1705142840,1705142913,73
frontier08897,1705142821,1705143008,187
frontier08898,1705142884,1705142884,0
frontier08899,1705142890,1705142913,23
frontier08900,1705142915,1705143058,143
frontier08901,1705143144,1705143150,6
frontier08903,1705142915,1705143057,142
frontier08904,1705142803,1705142913,110
frontier08905,1705142848,1705143034,186
frontier08907,1705142889,1705143035,146
frontier08910,1705142844,1705143023,179
frontier08911,1705142918,1705143046,128
frontier08912,1705142681,1705142731,50
frontier08913,1705143126,1705143137,11
frontier08914,1705142975,1705143068,93
frontier08915,1705142966,1705143066,100
frontier08916,1705142822,1705143008,186
frontier08917,1705142840,1705143023,183
frontier08918,1705142840,1705143039,199
frontier08919,1705142916,1705143058,142
frontier08921,1705142732,1705142856,124
frontier08922,1705142988,1705143068,80
frontier08923,1705142966,1705143066,100
frontier08924,1705142840,1705143030,190
frontier08925,1705143135,1705143149,14
frontier08926,1705142839,1705143032,193
frontier08927,1705142975,1705143066,91
frontier08928,1705143086,1705143098,12
frontier08929,1705142714,1705142824,110
frontier08930,1705142977,1705143066,89
frontier08931,1705142956,1705143063,107
frontier08932,1705142659,1705142690,31
frontier08933,1705142954,1705143063,109
frontier08934,1705142826,1705143028,202
frontier08935,1705142843,1705143040,197
frontier08936,1705142673,1705142701,28
frontier08937,1705142956,1705143067,111
frontier08938,1705142847,1705143038,191
frontier08939,1705142888,1705143055,167
frontier08940,1705143123,1705143133,10
frontier08941,1705142733,1705142855,122
frontier08942,1705142954,1705143063,109
frontier08943,1705143015,1705143070,55
frontier08944,1705142822,1705143018,196
frontier08945,1705142956,1705143063,107
frontier08946,1705142916,1705143059,143
frontier08947,1705142985,1705143067,82
frontier08948,1705142849,1705143030,181
frontier08949,1705142750,1705142893,143
frontier08950,1705142829,1705143034,205
frontier08951,1705142916,1705143058,142
frontier08952,1705143133,1705143148,15
frontier08953,1705142985,1705143067,82
frontier08954,1705142985,1705143067,82
frontier08955,1705142706,1705142801,95
frontier08956,1705142916,1705143058,142
frontier08960,1705142840,1705143015,175
frontier08961,1705142812,1705143011,199
frontier08962,1705143130,1705143144,14
frontier08963,1705142966,1705143067,101
frontier08964,1705142888,1705143058,170
frontier08965,1705142915,1705143059,144
frontier08966,1705142985,1705143067,82
frontier08967,1705142955,1705143067,112
frontier08968,1705143103,1705143113,10
frontier08969,1705142784,1705142924,140
frontier08970,1705142915,1705143058,143
frontier08971,1705142752,1705142888,136
frontier08972,1705142667,1705142698,31
frontier08973,1705142916,1705143059,143
frontier08974,1705143144,1705143150,6
frontier08975,1705142851,1705143028,177
frontier08976,1705142966,1705143070,104
frontier08977,1705142830,1705143027,197
frontier08978,1705142847,1705143044,197
frontier08979,1705142956,1705143066,110
frontier08980,1705142970,1705143064,94
frontier08981,1705142917,1705143058,141
frontier08982,1705143074,1705143079,5
frontier08983,1705142643,1705142670,27
frontier08984,1705142916,1705143061,145
frontier08985,1705142954,1705143061,107
frontier08986,1705142918,1705143058,140
frontier09000,1705142991,1705143069,78
frontier09001,1705142916,1705143060,144
frontier09002,1705142916,1705143059,143
frontier09003,1705142916,1705143056,140
frontier09004,1705142847,1705143041,194
frontier09005,1705142915,1705143059,144
frontier09006,1705142957,1705143066,109
frontier09007,1705142820,1705143009,189
frontier09008,1705142956,1705143067,111
frontier09009,1705142780,1705142978,198
frontier09010,1705142913,1705143059,146
frontier09011,1705142821,1705143022,201
frontier09012,1705142916,1705143056,140
frontier09013,1705142916,1705143058,142
frontier09014,1705142956,1705143066,110
frontier09015,1705142985,1705143067,82
frontier09016,1705142829,1705143019,190
frontier09017,1705143128,1705143143,15
frontier09018,1705142853,1705143043,190
frontier09019,1705142666,1705142698,32
frontier09020,1705142916,1705143056,140
frontier09021,1705142914,1705143056,142
frontier09022,1705142795,1705142992,197
frontier09023,1705143103,1705143114,11
frontier09024,1705142744,1705142883,139
frontier09025,1705143014,1705143069,55
frontier09026,1705142915,1705143058,143
frontier09027,1705142849,1705143047,198
frontier09028,1705142915,1705143058,143
frontier09029,1705142892,1705143055,163
frontier09030,1705142989,1705143069,80
frontier09031,1705142956,1705143063,107
frontier09032,1705142824,1705143017,193
frontier09033,1705142837,1705143037,200
frontier09034,1705142956,1705143067,111
frontier09036,1705142916,1705143058,142
frontier09040,1705142916,1705143058,142
frontier09043,1705142846,1705143038,192
frontier09044,1705142822,1705143006,184
frontier09045,1705142916,1705143056,140
frontier09046,1705142916,1705143057,141
frontier09052,1705142841,1705142913,72
frontier09055,1705142956,1705143064,108
frontier09058,1705142914,1705143057,143
frontier09066,1705142913,1705142913,0
frontier09068,1705142823,1705143009,186
frontier09069,1705142956,1705143064,108
frontier09070,1705142914,1705143058,144
frontier09072,1705142701,1705142788,87
frontier09073,1705142985,1705143068,83
frontier09074,1705142859,1705143045,186
frontier09075,1705142805,1705142914,109
frontier09081,1705142880,1705142913,33
frontier09083,1705142916,1705143060,144
frontier10115,1705142812,1705142913,101
frontier10116,1705142853,1705143042,189
frontier10117,1705142837,1705142913,76
frontier10118,1705142890,1705142890,0
frontier10120,1705142751,1705142883,132
frontier10123,1705142732,1705142854,122
frontier10124,1705143141,1705143150,9
frontier10125,1705142783,1705142913,130
frontier10126,1705142913,1705143056,143
frontier10127,1705142916,1705143061,145
frontier10129,1705142650,1705142676,26
frontier10130,1705142675,1705142706,31
frontier10131,1705142823,1705143019,196
frontier10135,1705142829,1705143016,187
frontier10136,1705142916,1705143058,142
frontier10139,1705142893,1705142893,0
frontier10140,1705142914,1705143055,141
frontier10142,1705142914,1705143059,145
frontier10143,1705142918,1705143058,140
frontier10151,1705142975,1705143066,91
frontier10156,1705142853,1705143034,181
frontier10157,1705142918,1705143059,141
frontier10159,1705142860,1705143034,174
frontier10161,1705142876,1705143046,170
frontier10163,1705142840,1705143022,182
frontier10164,1705142917,1705143058,141
frontier10165,1705142968,1705143064,96
frontier10166,1705142840,1705143017,177
frontier10167,1705142916,1705143055,139
frontier10168,1705142751,1705142883,132
frontier10169,1705142822,1705143009,187
frontier10170,1705142916,1705143058,142
frontier10171,1705142822,1705143010,188
frontier10172,1705142781,1705142977,196
frontier10189,1705142750,1705142913,163
frontier10190,1705142854,1705143040,186
frontier10191,1705142840,1705143030,190
frontier10192,1705142916,1705143058,142
frontier10194,1705142725,1705142845,120
frontier10195,1705142821,1705143007,186
frontier10197,1705143139,1705143150,11
frontier10199,1705142643,1705142665,22
frontier10201,1705142916,1705143058,142
frontier10217,1705142825,1705143014,189
frontier10218,1705142825,1705143007,182
frontier10219,1705142916,1705143058,142
frontier10220,1705142966,1705143066,100
frontier10227,1705142916,1705143062,146
frontier10228,1705142822,1705143030,208
frontier10229,1705142991,1705143069,78
frontier10230,1705143118,1705143128,10
frontier10232,1705142822,1705142994,172
frontier10233,1705142892,1705143047,155
frontier10234,1705143142,1705143150,8
frontier10235,1705142975,1705143066,91
frontier10236,1705142844,1705143042,198
frontier10237,1705142915,1705143055,140
frontier10238,1705142975,1705143064,89
frontier10239,1705142954,1705143064,110
frontier10240,1705142917,1705143058,141
frontier10241,1705142915,1705143048,133
frontier10242,1705142685,1705142721,36
frontier10243,1705142823,1705143016,193
frontier10244,1705142823,1705143002,179
frontier10245,1705142840,1705143031,191
frontier10246,1705142674,1705142702,28
frontier10247,1705142750,1705142893,143
frontier10248,1705142916,1705143062,146
frontier10252,1705142914,1705143058,144
frontier10253,1705142916,1705143058,142
frontier10254,1705142781,1705142972,191
frontier10255,1705142916,1705143034,118
frontier10256,1705142966,1705143067,101
frontier10257,1705142916,1705143058,142
frontier10258,1705142957,1705143067,110
frontier10260,1705142860,1705143048,188
frontier10261,1705142846,1705143046,200
frontier10262,1705142917,1705143060,143
frontier10263,1705142954,1705143063,109
frontier10264,1705142916,1705143057,141
frontier10265,1705142857,1705143043,186
frontier10266,1705142917,1705143062,145
frontier10267,1705143132,1705143147,15
frontier10270,1705142913,1705143058,145
frontier10271,1705142991,1705143068,77
frontier10272,1705143107,1705143117,10
frontier10273,1705142916,1705143061,145
frontier10275,1705142989,1705143068,79
frontier10276,1705142916,1705143058,142
frontier10277,1705142649,1705142676,27
frontier10278,1705142823,1705143029,206
frontier10279,1705142917,1705143061,144
frontier10280,1705142966,1705143066,100
frontier10282,1705142956,1705143064,108
frontier10283,1705142914,1705143042,128
frontier10284,1705142847,1705143033,186
frontier10285,1705142840,1705143030,190
frontier10286,1705142916,1705143053,137
frontier10287,1705142966,1705143067,101
frontier10288,1705142822,1705142993,171
frontier10289,1705142975,1705143067,92
frontier10290,1705142780,1705142941,161
frontier10291,1705142823,1705143016,193
frontier10292,1705143147,1705143150,3
frontier10295,1705142798,1705143000,202
frontier10296,1705142840,1705143031,191
frontier10297,1705142988,1705143068,80
frontier10298,1705142654,1705142680,26
frontier10299,1705142849,1705143041,192
frontier10319,1705142918,1705143058,140
frontier10349,1705142914,1705143040,126
frontier10350,1705142956,1705143066,110
frontier10351,1705142825,1705143019,194
frontier10352,1705142956,1705143066,110
frontier10353,1705142840,1705143028,188
frontier10354,1705142804,1705143003,199
frontier10355,1705142840,1705143019,179
frontier10356,1705142637,1705142658,21
frontier10357,1705143134,1705143148,14
frontier10363,1705142916,1705143058,142
frontier10364,1705142916,1705143055,139
frontier10365,1705142954,1705143062,108
frontier10366,1705142985,1705143067,82
frontier10367,1705142966,1705143066,100
frontier10369,1705142796,1705142989,193
frontier10370,1705142956,1705143067,111
frontier10371,1705142850,1705143030,180
frontier10372,1705142985,1705143068,83
frontier10373,1705142957,1705143063,106
frontier10374,1705142679,1705142717,38
frontier10375,1705142914,1705143058,144
frontier10376,1705142917,1705143061,144
frontier10377,1705142918,1705143058,140
frontier10378,1705142966,1705143064,98
frontier10380,1705142890,1705143046,156
frontier10381,1705142750,1705142892,142
frontier10383,1705142913,1705143058,145
frontier10384,1705142837,1705143021,184
frontier10385,1705142916,1705143060,144
frontier10386,1705142843,1705143033,190
frontier10389,1705142917,1705143058,141
frontier10390,1705142758,1705142913,155
frontier10391,1705142809,1705143006,197
frontier10392,1705142917,1705143061,144
frontier10397,1705142916,1705143056,140
frontier10398,1705142955,1705143067,112
frontier10400,1705142849,1705143038,189
frontier10401,1705142825,1705142899,74
frontier10403,1705142916,1705143057,141
frontier10404,1705142823,1705143016,193
frontier10405,1705142929,1705143064,135
frontier10406,1705142914,1705143058,144
frontier10407,1705142917,1705143058,141
frontier10409,1705142840,1705143026,186
frontier10411,1705142840,1705142885,45
frontier10412,1705142822,1705143010,188
frontier10415,1705142956,1705143066,110
frontier10416,1705142632,1705142660,28
frontier10418,1705142758,1705142923,165
frontier10419,1705142704,1705142801,97
frontier10421,1705142916,1705143058,142
frontier10423,1705142892,1705143063,171
frontier10434,1705142680,1705142716,36
frontier10435,1705142916,1705143061,145
frontier10436,1705142956,1705143063,107
frontier10439,1705142829,1705143017,188
frontier10440,1705142829,1705143032,203
frontier10443,1705142822,1705142913,91
frontier10444,1705142916,1705143057,141
frontier10445,1705142954,1705143062,108
frontier10456,1705142826,1705143019,193
frontier10458,1705142840,1705142913,73
frontier10467,1705142914,1705143058,144
frontier10468,1705142975,1705143067,92
frontier10470,1705142840,1705143029,189
frontier10471,1705142914,1705143059,145
frontier10475,1705142994,1705143068,74
frontier10476,1705142750,1705142892,142
frontier10477,1705142702,1705142800,98
frontier10488,1705142890,1705143047,157
frontier10495,1705142697,1705142786,89
