frontier00001,1700819658,1700819680,22
frontier00040,1700819665,1700819681,16
frontier00090,1700819666,1700819682,16
frontier00091,1700819657,1700819680,23
frontier00092,1700819665,1700819681,16
frontier00094,1700819673,1700819682,9
frontier00095,1700819665,1700819681,16
frontier00097,1700819657,1700819679,22
frontier00098,1700819623,1700819627,4
frontier00099,1700819632,1700819645,13
frontier00100,1700819673,1700819682,9
frontier00101,1700819644,1700819655,11
frontier00102,1700819657,1700819679,22
frontier00103,1700819673,1700819682,9
frontier00104,1700819657,1700819678,21
frontier00105,1700819665,1700819680,15
frontier00106,1700819657,1700819680,23
frontier00107,1700819623,1700819627,4
frontier00108,1700819636,1700819647,11
frontier00109,1700819658,1700819680,22
frontier00110,1700819657,1700819679,22
frontier00111,1700819665,1700819680,15
frontier00112,1700819657,1700819679,22
frontier00113,1700819657,1700819679,22
frontier00114,1700819644,1700819654,10
frontier00115,1700819644,1700819655,11
frontier00116,1700819657,1700819679,22
frontier00117,1700819657,1700819679,22
frontier00118,1700819617,1700819621,4
frontier00119,1700819629,1700819641,12
frontier00120,1700819657,1700819679,22
frontier00206,1700819673,1700819682,9
frontier00207,1700819633,1700819646,13
frontier00208,1700819657,1700819679,22
frontier00209,1700819673,1700819682,9
frontier00210,1700819658,1700819680,22
frontier00213,1700819657,1700819679,22
frontier00214,1700819657,1700819679,22
frontier00215,1700819673,1700819682,9
frontier00216,1700819623,1700819627,4
frontier00217,1700819658,1700819680,22
frontier00218,1700819665,1700819681,16
frontier00219,1700819673,1700819682,9
frontier00220,1700819657,1700819679,22
frontier00221,1700819674,1700819682,8
frontier00222,1700819657,1700819680,23
frontier00223,1700819644,1700819650,6
frontier00224,1700819674,1700819682,8
frontier00225,1700819657,1700819679,22
frontier00226,1700819630,1700819637,7
frontier00227,1700819665,1700819682,17
frontier00228,1700819644,1700819654,10
frontier00229,1700819657,1700819680,23
frontier00230,1700819636,1700819650,14
frontier00231,1700819657,1700819679,22
frontier00234,1700819673,1700819682,9
frontier00235,1700819673,1700819682,9
frontier00236,1700819673,1700819682,9
frontier00237,1700819664,1700819680,16
frontier00238,1700819673,1700819682,9
frontier00239,1700819657,1700819679,22
frontier00241,1700819673,1700819682,9
frontier00338,1700819657,1700819679,22
frontier00341,1700819625,1700819627,2
frontier00342,1700819664,1700819681,17
frontier00343,1700819623,1700819627,4
frontier00344,1700819644,1700819654,10
frontier00345,1700819657,1700819679,22
frontier00346,1700819645,1700819654,9
frontier00347,1700819664,1700819680,16
frontier00349,1700819673,1700819682,9
frontier00350,1700819671,1700819682,11
frontier00351,1700819665,1700819681,16
frontier00352,1700819674,1700819682,8
frontier00353,1700819657,1700819679,22
frontier00354,1700819629,1700819637,8
frontier00355,1700819673,1700819682,9
frontier00356,1700819657,1700819679,22
frontier00357,1700819657,1700819679,22
frontier00358,1700819623,1700819627,4
frontier00359,1700819629,1700819632,3
frontier00360,1700819657,1700819679,22
frontier00361,1700819665,1700819682,17
frontier00362,1700819673,1700819682,9
frontier00363,1700819673,1700819682,9
frontier00364,1700819674,1700819682,8
frontier00365,1700819673,1700819682,9
frontier00366,1700819657,1700819679,22
frontier00367,1700819657,1700819679,22
frontier00368,1700819645,1700819654,9
frontier00369,1700819645,1700819654,9
frontier00370,1700819657,1700819679,22
frontier00371,1700819674,1700819682,8
frontier00462,1700819657,1700819679,22
frontier00463,1700819623,1700819627,4
frontier00464,1700819666,1700819682,16
frontier00465,1700819657,1700819679,22
frontier00466,1700819657,1700819679,22
frontier00467,1700819673,1700819682,9
frontier00468,1700819657,1700819679,22
frontier00469,1700819673,1700819682,9
frontier00470,1700819657,1700819679,22
frontier00471,1700819673,1700819682,9
frontier00473,1700819646,1700819658,12
frontier00476,1700819673,1700819682,9
frontier00477,1700819674,1700819682,8
frontier00478,1700819665,1700819681,16
frontier00479,1700819673,1700819682,9
frontier00481,1700819666,1700819682,16
frontier00482,1700819673,1700819682,9
frontier00483,1700819665,1700819681,16
frontier00485,1700819665,1700819681,16
frontier00486,1700819673,1700819682,9
frontier00488,1700819657,1700819679,22
frontier00489,1700819657,1700819678,21
frontier00490,1700819644,1700819654,10
frontier00491,1700819644,1700819654,10
frontier00492,1700819644,1700819654,10
frontier00493,1700819669,1700819682,13
frontier00496,1700819664,1700819680,16
frontier00497,1700819673,1700819682,9
frontier00499,1700819673,1700819682,9
frontier00500,1700819657,1700819679,22
frontier00501,1700819657,1700819679,22
frontier00537,1700819623,1700819627,4
frontier00538,1700819657,1700819679,22
frontier00601,1700819657,1700819680,23
frontier00602,1700819657,1700819678,21
frontier00603,1700819673,1700819682,9
frontier00604,1700819637,1700819651,14
frontier00605,1700819673,1700819682,9
frontier00606,1700819657,1700819679,22
frontier00607,1700819657,1700819680,23
frontier00608,1700819631,1700819645,14
frontier00609,1700819673,1700819682,9
frontier00610,1700819645,1700819653,8
frontier00611,1700819673,1700819682,9
frontier00612,1700819657,1700819680,23
frontier00613,1700819670,1700819682,12
frontier00614,1700819673,1700819682,9
frontier00615,1700819673,1700819682,9
frontier00616,1700819645,1700819653,8
frontier00617,1700819657,1700819679,22
frontier00618,1700819673,1700819682,9
frontier00619,1700819657,1700819677,20
frontier00620,1700819673,1700819682,9
frontier00621,1700819657,1700819679,22
frontier00622,1700819666,1700819682,16
frontier00623,1700819657,1700819679,22
frontier00624,1700819657,1700819679,22
frontier00625,1700819657,1700819679,22
frontier00626,1700819644,1700819654,10
frontier00627,1700819645,1700819655,10
frontier00628,1700819673,1700819682,9
frontier00629,1700819631,1700819645,14
frontier00690,1700819664,1700819680,16
frontier00691,1700819665,1700819682,17
frontier00729,1700819665,1700819681,16
frontier00730,1700819657,1700819679,22
frontier00731,1700819657,1700819679,22
frontier00732,1700819657,1700819679,22
frontier00733,1700819657,1700819680,23
frontier00734,1700819673,1700819682,9
frontier00735,1700819665,1700819681,16
frontier00736,1700819665,1700819682,17
frontier00737,1700819657,1700819679,22
frontier00738,1700819665,1700819681,16
frontier00739,1700819673,1700819682,9
frontier00740,1700819665,1700819681,16
frontier00741,1700819645,1700819655,10
frontier00742,1700819665,1700819682,17
frontier00743,1700819623,1700819627,4
frontier00744,1700819644,1700819654,10
frontier00745,1700819673,1700819682,9
frontier00746,1700819666,1700819681,15
frontier00747,1700819657,1700819679,22
frontier00748,1700819657,1700819679,22
frontier00749,1700819673,1700819682,9
frontier00750,1700819657,1700819679,22
frontier00751,1700819673,1700819682,9
frontier00752,1700819633,1700819646,13
frontier00753,1700819657,1700819679,22
frontier00754,1700819665,1700819681,16
frontier00755,1700819665,1700819680,15
frontier00756,1700819655,1700819678,23
frontier00757,1700819665,1700819681,16
frontier00823,1700819673,1700819682,9
frontier00827,1700819664,1700819681,17
frontier00855,1700819671,1700819682,11
frontier00857,1700819657,1700819679,22
frontier00858,1700819673,1700819682,9
frontier00859,1700819644,1700819654,10
frontier00861,1700819665,1700819682,17
frontier00862,1700819673,1700819682,9
frontier00864,1700819665,1700819681,16
frontier00865,1700819657,1700819679,22
frontier00866,1700819665,1700819681,16
frontier00867,1700819657,1700819679,22
frontier00868,1700819657,1700819679,22
frontier00871,1700819665,1700819681,16
frontier00872,1700819657,1700819678,21
frontier00873,1700819665,1700819680,15
frontier00874,1700819665,1700819682,17
frontier00875,1700819645,1700819658,13
frontier00876,1700819665,1700819682,17
frontier00877,1700819633,1700819647,14
frontier00878,1700819657,1700819679,22
frontier00879,1700819665,1700819680,15
frontier00880,1700819664,1700819681,17
frontier00881,1700819673,1700819682,9
frontier00882,1700819644,1700819654,10
frontier00883,1700819657,1700819679,22
frontier00884,1700819623,1700819627,4
frontier00885,1700819623,1700819627,4
frontier00886,1700819657,1700819679,22
frontier00887,1700819671,1700819682,11
frontier00888,1700819665,1700819682,17
frontier00975,1700819665,1700819681,16
frontier00976,1700819658,1700819679,21
frontier00977,1700819657,1700819679,22
frontier00978,1700819657,1700819679,22
frontier00979,1700819673,1700819682,9
frontier00980,1700819674,1700819682,8
frontier00981,1700819658,1700819680,22
frontier00982,1700819673,1700819682,9
frontier00983,1700819673,1700819682,9
frontier00988,1700819665,1700819681,16
frontier00989,1700819623,1700819627,4
frontier00992,1700819657,1700819679,22
frontier00993,1700819673,1700819682,9
frontier00995,1700819637,1700819652,15
frontier00996,1700819658,1700819679,21
frontier00997,1700819634,1700819648,14
frontier00998,1700819665,1700819680,15
frontier01000,1700819666,1700819682,16
frontier01001,1700819644,1700819655,11
frontier01002,1700819665,1700819681,16
frontier01003,1700819633,1700819646,13
frontier01004,1700819634,1700819647,13
frontier01006,1700819657,1700819679,22
frontier01007,1700819657,1700819679,22
frontier01008,1700819665,1700819682,17
frontier01009,1700819657,1700819679,22
frontier01010,1700819673,1700819682,9
frontier01012,1700819673,1700819682,9
frontier01013,1700819671,1700819682,11
frontier01022,1700819657,1700819678,21
frontier01024,1700819645,1700819652,7
frontier01052,1700819657,1700819679,22
frontier01053,1700819664,1700819680,16
frontier01114,1700819658,1700819680,22
frontier01115,1700819657,1700819679,22
frontier01117,1700819673,1700819682,9
frontier01118,1700819658,1700819679,21
frontier01119,1700819674,1700819682,8
frontier01120,1700819664,1700819681,17
frontier01121,1700819657,1700819678,21
frontier01122,1700819657,1700819679,22
frontier01123,1700819657,1700819679,22
frontier01124,1700819624,1700819627,3
frontier01125,1700819657,1700819677,20
frontier01126,1700819644,1700819654,10
frontier01127,1700819645,1700819655,10
frontier01129,1700819645,1700819650,5
frontier01130,1700819644,1700819654,10
frontier01131,1700819644,1700819654,10
frontier01132,1700819646,1700819677,31
frontier01133,1700819658,1700819680,22
frontier01134,1700819645,1700819652,7
frontier01135,1700819645,1700819653,8
frontier01136,1700819673,1700819682,9
frontier01137,1700819673,1700819682,9
frontier01138,1700819644,1700819654,10
frontier01139,1700819657,1700819680,23
frontier01140,1700819644,1700819654,10
frontier01143,1700819671,1700819682,11
frontier01144,1700819673,1700819682,9
frontier01145,1700819657,1700819679,22
frontier01146,1700819652,1700819673,21
frontier01222,1700819665,1700819682,17
frontier01224,1700819665,1700819681,16
frontier01241,1700819633,1700819646,13
frontier01242,1700819657,1700819679,22
frontier01243,1700819623,1700819627,4
frontier01245,1700819673,1700819682,9
frontier01246,1700819657,1700819680,23
frontier01247,1700819657,1700819680,23
frontier01248,1700819657,1700819679,22
frontier01250,1700819657,1700819679,22
frontier01252,1700819658,1700819680,22
frontier01253,1700819666,1700819681,15
frontier01254,1700819657,1700819679,22
frontier01255,1700819665,1700819681,16
frontier01257,1700819665,1700819680,15
frontier01258,1700819657,1700819679,22
frontier01259,1700819657,1700819678,21
frontier01260,1700819665,1700819681,16
frontier01262,1700819657,1700819679,22
frontier01263,1700819664,1700819681,17
frontier01264,1700819657,1700819679,22
frontier01265,1700819657,1700819679,22
frontier01266,1700819645,1700819658,13
frontier01269,1700819644,1700819653,9
frontier01270,1700819657,1700819679,22
frontier01271,1700819644,1700819654,10
frontier01272,1700819645,1700819654,9
frontier01273,1700819664,1700819680,16
frontier01274,1700819657,1700819679,22
frontier01357,1700819665,1700819681,16
frontier01358,1700819665,1700819681,16
frontier01365,1700819658,1700819680,22
frontier01367,1700819645,1700819654,9
frontier01369,1700819623,1700819627,4
frontier01370,1700819673,1700819682,9
frontier01372,1700819673,1700819682,9
frontier01373,1700819673,1700819682,9
frontier01374,1700819665,1700819681,16
frontier01375,1700819645,1700819654,9
frontier01376,1700819673,1700819682,9
frontier01377,1700819665,1700819681,16
frontier01378,1700819646,1700819657,11
frontier01379,1700819657,1700819679,22
frontier01381,1700819623,1700819627,4
frontier01383,1700819644,1700819654,10
frontier01384,1700819658,1700819680,22
frontier01385,1700819657,1700819679,22
frontier01386,1700819636,1700819648,12
frontier01388,1700819657,1700819679,22
frontier01389,1700819657,1700819679,22
frontier01390,1700819657,1700819678,21
frontier01391,1700819665,1700819682,17
frontier01392,1700819657,1700819679,22
frontier01393,1700819636,1700819648,12
frontier01394,1700819657,1700819679,22
frontier01395,1700819657,1700819679,22
frontier01396,1700819673,1700819682,9
frontier01397,1700819665,1700819681,16
frontier01398,1700819644,1700819653,9
frontier01399,1700819665,1700819682,17
frontier01476,1700819673,1700819682,9
frontier01478,1700819671,1700819682,11
frontier01502,1700819644,1700819654,10
frontier01503,1700819673,1700819682,9
frontier01504,1700819657,1700819679,22
frontier01505,1700819673,1700819682,9
frontier01506,1700819674,1700819682,8
frontier01507,1700819657,1700819679,22
frontier01508,1700819673,1700819682,9
frontier01509,1700819665,1700819681,16
frontier01510,1700819657,1700819679,22
frontier01511,1700819655,1700819677,22
frontier01512,1700819657,1700819679,22
frontier01513,1700819657,1700819679,22
frontier01514,1700819673,1700819682,9
frontier01515,1700819665,1700819681,16
frontier01516,1700819657,1700819679,22
frontier01517,1700819666,1700819682,16
frontier01518,1700819657,1700819679,22
frontier01520,1700819658,1700819680,22
frontier01521,1700819657,1700819679,22
frontier01522,1700819629,1700819637,8
frontier01523,1700819674,1700819682,8
frontier01524,1700819657,1700819679,22
frontier01525,1700819644,1700819654,10
frontier01526,1700819644,1700819654,10
frontier01527,1700819657,1700819679,22
frontier01528,1700819644,1700819654,10
frontier01529,1700819644,1700819654,10
frontier01530,1700819623,1700819627,4
frontier01531,1700819645,1700819653,8
frontier01614,1700819665,1700819681,16
frontier01615,1700819665,1700819681,16
frontier01616,1700819674,1700819682,8
frontier01622,1700819657,1700819679,22
frontier01626,1700819674,1700819682,8
frontier01627,1700819673,1700819682,9
frontier01629,1700819673,1700819682,9
frontier01633,1700819665,1700819681,16
frontier01634,1700819666,1700819682,16
frontier01635,1700819657,1700819679,22
frontier01636,1700819673,1700819682,9
frontier01637,1700819631,1700819645,14
frontier01638,1700819673,1700819682,9
frontier01639,1700819644,1700819654,10
frontier01640,1700819658,1700819680,22
frontier01642,1700819665,1700819681,16
frontier01643,1700819673,1700819682,9
frontier01644,1700819657,1700819679,22
frontier01646,1700819658,1700819680,22
frontier01647,1700819673,1700819682,9
frontier01648,1700819657,1700819679,22
frontier01650,1700819673,1700819682,9
frontier01651,1700819673,1700819682,9
frontier01653,1700819670,1700819682,12
frontier01654,1700819673,1700819682,9
frontier01655,1700819673,1700819682,9
frontier01656,1700819657,1700819679,22
frontier01657,1700819657,1700819678,21
frontier01658,1700819665,1700819682,17
frontier01659,1700819673,1700819682,9
frontier01660,1700819657,1700819679,22
frontier01690,1700819665,1700819682,17
frontier01752,1700819673,1700819682,9
frontier01753,1700819665,1700819681,16
frontier01754,1700819657,1700819679,22
frontier01755,1700819673,1700819682,9
frontier01756,1700819658,1700819680,22
frontier01757,1700819665,1700819682,17
frontier01758,1700819658,1700819680,22
frontier01759,1700819633,1700819647,14
frontier01760,1700819657,1700819679,22
frontier01761,1700819628,1700819632,4
frontier01762,1700819665,1700819681,16
frontier01763,1700819665,1700819681,16
frontier01764,1700819673,1700819682,9
frontier01765,1700819673,1700819682,9
frontier01766,1700819657,1700819679,22
frontier01767,1700819657,1700819679,22
frontier01768,1700819665,1700819681,16
frontier01769,1700819657,1700819678,21
frontier01771,1700819657,1700819679,22
frontier01772,1700819658,1700819680,22
frontier01773,1700819657,1700819679,22
frontier01774,1700819664,1700819680,16
frontier01775,1700819645,1700819657,12
frontier01776,1700819673,1700819682,9
frontier01777,1700819628,1700819631,3
frontier01778,1700819665,1700819682,17
frontier01779,1700819673,1700819682,9
frontier01780,1700819673,1700819682,9
frontier01781,1700819633,1700819646,13
frontier01783,1700819657,1700819679,22
frontier01870,1700819634,1700819647,13
frontier01871,1700819657,1700819679,22
frontier01872,1700819657,1700819679,22
frontier01873,1700819673,1700819682,9
frontier01874,1700819674,1700819682,8
frontier01875,1700819673,1700819682,9
frontier01876,1700819657,1700819679,22
frontier01877,1700819665,1700819681,16
frontier01878,1700819657,1700819679,22
frontier01879,1700819673,1700819682,9
frontier01880,1700819657,1700819679,22
frontier01881,1700819664,1700819681,17
frontier01882,1700819673,1700819682,9
frontier01883,1700819657,1700819679,22
frontier01884,1700819637,1700819648,11
frontier01885,1700819657,1700819680,23
frontier01886,1700819645,1700819653,8
frontier01887,1700819644,1700819654,10
frontier01888,1700819657,1700819680,23
frontier01889,1700819657,1700819679,22
frontier01890,1700819657,1700819679,22
frontier01891,1700819673,1700819682,9
frontier01892,1700819665,1700819681,16
frontier01893,1700819673,1700819682,9
frontier01894,1700819632,1700819646,14
frontier01895,1700819657,1700819679,22
frontier01897,1700819673,1700819682,9
frontier01898,1700819657,1700819678,21
frontier01899,1700819644,1700819654,10
frontier01901,1700819657,1700819679,22
frontier01905,1700819627,1700819630,3
frontier01988,1700819673,1700819682,9
frontier02008,1700819665,1700819681,16
frontier02009,1700819657,1700819680,23
frontier02010,1700819673,1700819682,9
frontier02011,1700819665,1700819681,16
frontier02012,1700819673,1700819682,9
frontier02013,1700819657,1700819678,21
frontier02014,1700819657,1700819679,22
frontier02015,1700819623,1700819627,4
frontier02016,1700819657,1700819679,22
frontier02017,1700819644,1700819654,10
frontier02018,1700819675,1700819683,8
frontier02019,1700819657,1700819679,22
frontier02020,1700819665,1700819682,17
frontier02021,1700819657,1700819679,22
frontier02022,1700819673,1700819682,9
frontier02023,1700819673,1700819682,9
frontier02024,1700819657,1700819679,22
frontier02026,1700819633,1700819646,13
frontier02027,1700819673,1700819682,9
frontier02028,1700819664,1700819680,16
frontier02029,1700819674,1700819682,8
frontier02030,1700819657,1700819679,22
frontier02032,1700819665,1700819682,17
frontier02033,1700819629,1700819633,4
frontier02034,1700819665,1700819681,16
frontier02036,1700819673,1700819682,9
frontier02037,1700819673,1700819682,9
frontier02038,1700819657,1700819679,22
frontier02039,1700819657,1700819679,22
frontier02040,1700819657,1700819679,22
frontier02126,1700819666,1700819682,16
frontier02127,1700819673,1700819682,9
frontier02128,1700819657,1700819678,21
frontier02129,1700819673,1700819682,9
frontier02130,1700819673,1700819682,9
frontier02132,1700819657,1700819679,22
frontier02133,1700819657,1700819679,22
frontier02134,1700819645,1700819652,7
frontier02135,1700819616,1700819619,3
frontier02136,1700819646,1700819677,31
frontier02138,1700819650,1700819677,27
frontier02139,1700819636,1700819647,11
frontier02140,1700819622,1700819627,5
frontier02141,1700819644,1700819654,10
frontier02142,1700819673,1700819682,9
frontier02143,1700819637,1700819651,14
frontier02144,1700819657,1700819679,22
frontier02157,1700819657,1700819679,22
frontier02158,1700819657,1700819679,22
frontier02159,1700819664,1700819680,16
frontier02160,1700819658,1700819680,22
frontier02161,1700819664,1700819680,16
frontier02162,1700819671,1700819682,11
frontier02163,1700819665,1700819681,16
frontier02164,1700819633,1700819646,13
frontier02166,1700819673,1700819682,9
frontier02174,1700819657,1700819679,22
frontier02175,1700819666,1700819682,16
frontier02176,1700819657,1700819679,22
frontier02205,1700819657,1700819679,22
frontier02265,1700819644,1700819655,11
frontier02266,1700819657,1700819679,22
frontier02269,1700819673,1700819682,9
frontier02270,1700819658,1700819679,21
frontier02271,1700819623,1700819627,4
frontier02272,1700819665,1700819681,16
frontier02273,1700819665,1700819681,16
frontier02274,1700819629,1700819641,12
frontier02275,1700819657,1700819679,22
frontier02276,1700819673,1700819682,9
frontier02277,1700819657,1700819679,22
frontier02278,1700819673,1700819682,9
frontier02280,1700819657,1700819679,22
frontier02281,1700819644,1700819652,8
frontier02283,1700819644,1700819654,10
frontier02285,1700819657,1700819678,21
frontier02286,1700819645,1700819652,7
frontier02287,1700819657,1700819680,23
frontier02288,1700819657,1700819679,22
frontier02289,1700819673,1700819682,9
frontier02290,1700819665,1700819681,16
frontier02292,1700819645,1700819655,10
frontier02293,1700819673,1700819682,9
frontier02295,1700819666,1700819682,16
frontier02296,1700819665,1700819681,16
frontier02302,1700819673,1700819682,9
frontier02303,1700819673,1700819682,9
frontier02304,1700819657,1700819679,22
frontier02382,1700819627,1700819632,5
frontier02383,1700819617,1700819621,4
frontier02384,1700819657,1700819679,22
frontier02387,1700819657,1700819679,22
frontier02394,1700819657,1700819679,22
frontier02396,1700819665,1700819680,15
frontier02398,1700819657,1700819679,22
frontier02399,1700819644,1700819654,10
frontier02400,1700819673,1700819682,9
frontier02401,1700819673,1700819682,9
frontier02402,1700819657,1700819679,22
frontier02403,1700819657,1700819679,22
frontier02404,1700819657,1700819679,22
frontier02405,1700819666,1700819682,16
frontier02406,1700819657,1700819679,22
frontier02407,1700819657,1700819679,22
frontier02408,1700819644,1700819655,11
frontier02409,1700819666,1700819682,16
frontier02410,1700819644,1700819654,10
frontier02411,1700819673,1700819682,9
frontier02412,1700819673,1700819682,9
frontier02413,1700819657,1700819679,22
frontier02414,1700819644,1700819653,9
frontier02415,1700819673,1700819682,9
frontier02418,1700819657,1700819679,22
frontier02420,1700819623,1700819627,4
frontier02421,1700819673,1700819682,9
frontier02431,1700819645,1700819654,9
frontier02432,1700819673,1700819682,9
frontier02496,1700819658,1700819680,22
frontier02520,1700819627,1700819630,3
frontier02521,1700819674,1700819682,8
frontier02523,1700819644,1700819654,10
frontier02524,1700819665,1700819682,17
frontier02525,1700819657,1700819679,22
frontier02526,1700819665,1700819681,16
frontier02527,1700819673,1700819682,9
frontier02528,1700819645,1700819655,10
frontier02529,1700819665,1700819682,17
frontier02530,1700819646,1700819654,8
frontier02531,1700819673,1700819682,9
frontier02535,1700819666,1700819682,16
frontier02536,1700819657,1700819679,22
frontier02540,1700819657,1700819679,22
frontier02541,1700819657,1700819679,22
frontier02542,1700819674,1700819682,8
frontier02543,1700819629,1700819632,3
frontier02544,1700819673,1700819682,9
frontier02549,1700819657,1700819678,21
frontier02552,1700819633,1700819646,13
frontier02553,1700819644,1700819654,10
frontier02554,1700819673,1700819682,9
frontier02555,1700819664,1700819680,16
frontier02556,1700819673,1700819682,9
frontier02557,1700819658,1700819680,22
frontier02558,1700819657,1700819678,21
frontier02559,1700819673,1700819682,9
frontier02560,1700819658,1700819680,22
frontier02641,1700819673,1700819682,9
frontier02642,1700819657,1700819679,22
frontier02643,1700819666,1700819682,16
frontier02645,1700819665,1700819682,17
frontier02646,1700819673,1700819682,9
frontier02649,1700819673,1700819682,9
frontier02651,1700819673,1700819682,9
frontier02652,1700819673,1700819682,9
frontier02662,1700819673,1700819682,9
frontier02668,1700819658,1700819680,22
frontier02669,1700819657,1700819677,20
frontier02671,1700819645,1700819653,8
frontier02672,1700819665,1700819682,17
frontier02673,1700819664,1700819680,16
frontier02674,1700819673,1700819682,9
frontier02675,1700819644,1700819654,10
frontier02678,1700819628,1700819631,3
frontier02679,1700819657,1700819679,22
frontier02681,1700819673,1700819682,9
frontier02682,1700819657,1700819679,22
frontier02683,1700819627,1700819630,3
frontier02684,1700819657,1700819679,22
frontier02685,1700819633,1700819646,13
frontier02686,1700819657,1700819679,22
frontier02687,1700819664,1700819680,16
frontier02688,1700819657,1700819679,22
frontier02753,1700819658,1700819680,22
frontier02776,1700819657,1700819679,22
frontier02777,1700819664,1700819681,17
frontier02779,1700819657,1700819679,22
frontier02782,1700819673,1700819682,9
frontier02783,1700819673,1700819682,9
frontier02784,1700819666,1700819682,16
frontier02785,1700819657,1700819679,22
frontier02786,1700819673,1700819682,9
frontier02787,1700819673,1700819682,9
frontier02788,1700819673,1700819682,9
frontier02789,1700819673,1700819682,9
frontier02790,1700819645,1700819652,7
frontier02791,1700819644,1700819654,10
frontier02792,1700819644,1700819654,10
frontier02793,1700819619,1700819622,3
frontier02794,1700819647,1700819677,30
frontier02795,1700819629,1700819645,16
frontier02796,1700819657,1700819679,22
frontier02797,1700819657,1700819679,22
frontier02798,1700819657,1700819679,22
frontier02799,1700819625,1700819630,5
frontier02800,1700819645,1700819660,15
frontier02801,1700819673,1700819682,9
frontier02802,1700819665,1700819681,16
frontier02803,1700819657,1700819679,22
frontier02804,1700819633,1700819651,18
frontier02805,1700819657,1700819679,22
frontier02806,1700819673,1700819682,9
frontier02807,1700819620,1700819623,3
frontier02808,1700819644,1700819654,10
frontier02841,1700819657,1700819679,22
frontier02904,1700819671,1700819682,11
frontier02905,1700819657,1700819679,22
frontier02906,1700819657,1700819679,22
frontier02907,1700819657,1700819679,22
frontier02908,1700819673,1700819682,9
frontier02909,1700819633,1700819647,14
frontier02910,1700819673,1700819682,9
frontier02911,1700819673,1700819682,9
frontier02912,1700819673,1700819682,9
frontier02913,1700819673,1700819682,9
frontier02914,1700819658,1700819680,22
frontier02915,1700819629,1700819632,3
frontier02916,1700819657,1700819679,22
frontier02917,1700819673,1700819682,9
frontier02918,1700819665,1700819680,15
frontier02919,1700819624,1700819627,3
frontier02920,1700819673,1700819682,9
frontier02921,1700819665,1700819681,16
frontier02922,1700819657,1700819679,22
frontier02923,1700819645,1700819654,9
frontier02924,1700819665,1700819680,15
frontier02925,1700819657,1700819679,22
frontier02926,1700819657,1700819679,22
frontier02927,1700819655,1700819675,20
frontier02928,1700819665,1700819681,16
frontier02930,1700819646,1700819655,9
frontier02931,1700819645,1700819652,7
frontier02932,1700819657,1700819679,22
frontier02933,1700819657,1700819679,22
frontier02934,1700819673,1700819682,9
frontier03022,1700819674,1700819682,8
frontier03023,1700819657,1700819679,22
frontier03024,1700819644,1700819657,13
frontier03025,1700819657,1700819680,23
frontier03026,1700819673,1700819682,9
frontier03028,1700819673,1700819682,9
frontier03029,1700819644,1700819654,10
frontier03030,1700819629,1700819641,12
frontier03031,1700819671,1700819682,11
frontier03032,1700819644,1700819654,10
frontier03033,1700819665,1700819682,17
frontier03034,1700819664,1700819680,16
frontier03035,1700819665,1700819680,15
frontier03036,1700819673,1700819682,9
frontier03037,1700819657,1700819679,22
frontier03038,1700819673,1700819682,9
frontier03039,1700819665,1700819680,15
frontier03040,1700819627,1700819630,3
frontier03041,1700819673,1700819682,9
frontier03042,1700819645,1700819653,8
frontier03043,1700819645,1700819653,8
frontier03044,1700819645,1700819654,9
frontier03046,1700819657,1700819679,22
frontier03048,1700819673,1700819682,9
frontier03051,1700819673,1700819682,9
frontier03052,1700819671,1700819682,11
frontier03053,1700819657,1700819679,22
frontier03054,1700819644,1700819654,10
frontier03055,1700819674,1700819682,8
frontier03056,1700819666,1700819682,16
frontier03058,1700819673,1700819682,9
frontier03132,1700819657,1700819679,22
frontier03160,1700819673,1700819682,9
frontier03161,1700819657,1700819679,22
frontier03162,1700819666,1700819682,16
frontier03163,1700819645,1700819654,9
frontier03164,1700819658,1700819680,22
frontier03166,1700819657,1700819679,22
frontier03167,1700819673,1700819682,9
frontier03168,1700819664,1700819681,17
frontier03169,1700819673,1700819682,9
frontier03170,1700819657,1700819679,22
frontier03171,1700819644,1700819654,10
frontier03173,1700819665,1700819680,15
frontier03174,1700819644,1700819652,8
frontier03175,1700819645,1700819653,8
frontier03176,1700819622,1700819625,3
frontier03177,1700819644,1700819654,10
frontier03178,1700819644,1700819654,10
frontier03179,1700819664,1700819681,17
frontier03180,1700819644,1700819654,10
frontier03181,1700819666,1700819682,16
frontier03182,1700819673,1700819682,9
frontier03183,1700819658,1700819680,22
frontier03184,1700819657,1700819679,22
frontier03185,1700819657,1700819679,22
frontier03186,1700819657,1700819678,21
frontier03187,1700819657,1700819679,22
frontier03188,1700819657,1700819679,22
frontier03189,1700819645,1700819652,7
frontier03190,1700819673,1700819682,9
frontier03191,1700819665,1700819681,16
frontier03278,1700819657,1700819679,22
frontier03279,1700819628,1700819631,3
frontier03280,1700819657,1700819679,22
frontier03281,1700819673,1700819682,9
frontier03282,1700819646,1700819658,12
frontier03284,1700819673,1700819682,9
frontier03285,1700819657,1700819679,22
frontier03286,1700819657,1700819679,22
frontier03287,1700819657,1700819679,22
frontier03288,1700819623,1700819627,4
frontier03289,1700819664,1700819681,17
frontier03290,1700819665,1700819681,16
frontier03291,1700819628,1700819631,3
frontier03292,1700819665,1700819681,16
frontier03293,1700819657,1700819679,22
frontier03294,1700819673,1700819682,9
frontier03295,1700819674,1700819682,8
frontier03296,1700819657,1700819679,22
frontier03297,1700819644,1700819653,9
frontier03298,1700819646,1700819678,32
frontier03299,1700819645,1700819653,8
frontier03300,1700819623,1700819627,4
frontier03301,1700819657,1700819680,23
frontier03303,1700819644,1700819654,10
frontier03304,1700819657,1700819679,22
frontier03305,1700819657,1700819679,22
frontier03306,1700819637,1700819653,16
frontier03307,1700819657,1700819679,22
frontier03308,1700819657,1700819677,20
frontier03309,1700819645,1700819652,7
frontier03310,1700819646,1700819678,32
frontier03354,1700819657,1700819679,22
frontier03416,1700819665,1700819681,16
frontier03417,1700819629,1700819632,3
frontier03418,1700819658,1700819680,22
frontier03419,1700819655,1700819675,20
frontier03420,1700819665,1700819681,16
frontier03422,1700819665,1700819681,16
frontier03423,1700819645,1700819658,13
frontier03424,1700819657,1700819679,22
frontier03425,1700819665,1700819681,16
frontier03426,1700819657,1700819679,22
frontier03427,1700819657,1700819679,22
frontier03428,1700819657,1700819679,22
frontier03429,1700819657,1700819679,22
frontier03430,1700819673,1700819682,9
frontier03431,1700819645,1700819653,8
frontier03432,1700819633,1700819646,13
frontier03433,1700819657,1700819679,22
frontier03434,1700819665,1700819681,16
frontier03435,1700819657,1700819679,22
frontier03436,1700819665,1700819681,16
frontier03437,1700819657,1700819680,23
frontier03438,1700819658,1700819679,21
frontier03439,1700819657,1700819679,22
frontier03440,1700819644,1700819654,10
frontier03441,1700819657,1700819679,22
frontier03442,1700819658,1700819680,22
frontier03443,1700819657,1700819679,22
frontier03444,1700819644,1700819654,10
frontier03445,1700819665,1700819681,16
frontier03446,1700819657,1700819679,22
frontier03534,1700819657,1700819678,21
frontier03535,1700819673,1700819682,9
frontier03536,1700819657,1700819679,22
frontier03537,1700819644,1700819654,10
frontier03538,1700819645,1700819654,9
frontier03540,1700819657,1700819678,21
frontier03541,1700819658,1700819680,22
frontier03542,1700819665,1700819682,17
frontier03543,1700819657,1700819679,22
frontier03544,1700819645,1700819652,7
frontier03547,1700819646,1700819658,12
frontier03548,1700819666,1700819682,16
frontier03550,1700819645,1700819652,7
frontier03551,1700819673,1700819682,9
frontier03553,1700819644,1700819654,10
frontier03555,1700819657,1700819679,22
frontier03561,1700819673,1700819682,9
frontier03562,1700819646,1700819655,9
frontier03563,1700819645,1700819653,8
frontier03564,1700819673,1700819682,9
frontier03567,1700819633,1700819646,13
frontier03568,1700819673,1700819682,9
frontier03569,1700819665,1700819681,16
frontier03570,1700819657,1700819679,22
frontier03571,1700819655,1700819677,22
frontier03572,1700819634,1700819647,13
frontier03573,1700819644,1700819654,10
frontier03574,1700819624,1700819627,3
frontier03575,1700819645,1700819654,9
frontier03576,1700819624,1700819627,3
frontier03577,1700819658,1700819680,22
frontier03652,1700819646,1700819658,12
frontier03671,1700819657,1700819679,22
frontier03672,1700819657,1700819679,22
frontier03673,1700819673,1700819682,9
frontier03674,1700819673,1700819682,9
frontier03675,1700819671,1700819682,11
frontier03676,1700819673,1700819682,9
frontier03679,1700819673,1700819682,9
frontier03680,1700819657,1700819679,22
frontier03681,1700819657,1700819679,22
frontier03682,1700819673,1700819682,9
frontier03683,1700819673,1700819682,9
frontier03684,1700819675,1700819682,7
frontier03685,1700819657,1700819679,22
frontier03686,1700819673,1700819682,9
frontier03687,1700819673,1700819682,9
frontier03688,1700819665,1700819682,17
frontier03689,1700819657,1700819679,22
frontier03690,1700819657,1700819677,20
frontier03691,1700819645,1700819654,9
frontier03692,1700819645,1700819654,9
frontier03693,1700819645,1700819652,7
frontier03694,1700819657,1700819680,23
frontier03695,1700819646,1700819677,31
frontier03696,1700819645,1700819653,8
frontier03697,1700819629,1700819637,8
frontier03698,1700819646,1700819678,32
frontier03699,1700819634,1700819648,14
frontier03700,1700819657,1700819679,22
frontier03701,1700819671,1700819682,11
frontier03711,1700819673,1700819682,9
frontier03789,1700819645,1700819654,9
frontier03790,1700819644,1700819654,10
frontier03791,1700819666,1700819682,16
frontier03792,1700819644,1700819652,8
frontier03793,1700819665,1700819681,16
frontier03794,1700819673,1700819682,9
frontier03795,1700819657,1700819679,22
frontier03796,1700819665,1700819681,16
frontier03797,1700819657,1700819679,22
frontier03798,1700819657,1700819679,22
frontier03799,1700819657,1700819679,22
frontier03800,1700819673,1700819682,9
frontier03801,1700819673,1700819682,9
frontier03802,1700819673,1700819682,9
frontier03803,1700819673,1700819682,9
frontier03807,1700819623,1700819627,4
frontier03808,1700819674,1700819683,9
frontier03812,1700819665,1700819681,16
frontier03814,1700819657,1700819679,22
frontier03816,1700819673,1700819682,9
frontier03817,1700819673,1700819682,9
frontier03818,1700819670,1700819681,11
frontier03819,1700819634,1700819647,13
frontier03820,1700819674,1700819682,8
frontier03821,1700819627,1700819631,4
frontier03823,1700819657,1700819679,22
frontier03824,1700819657,1700819679,22
frontier03825,1700819629,1700819636,7
frontier03826,1700819657,1700819679,22
frontier03827,1700819673,1700819682,9
frontier03828,1700819666,1700819682,16
frontier03916,1700819657,1700819679,22
frontier03918,1700819644,1700819654,10
frontier03921,1700819644,1700819654,10
frontier03923,1700819645,1700819652,7
frontier03924,1700819657,1700819678,21
frontier03926,1700819657,1700819679,22
frontier03929,1700819645,1700819652,7
frontier03934,1700819674,1700819682,8
frontier03935,1700819673,1700819682,9
frontier03936,1700819657,1700819679,22
frontier03937,1700819674,1700819682,8
frontier03938,1700819630,1700819641,11
frontier03939,1700819623,1700819627,4
frontier03940,1700819673,1700819682,9
frontier03941,1700819658,1700819680,22
frontier03942,1700819666,1700819682,16
frontier03943,1700819644,1700819654,10
frontier03944,1700819644,1700819652,8
frontier03945,1700819645,1700819654,9
frontier03946,1700819616,1700819618,2
frontier03947,1700819645,1700819654,9
frontier03948,1700819657,1700819680,23
frontier03949,1700819629,1700819638,9
frontier03950,1700819673,1700819682,9
frontier03951,1700819624,1700819627,3
frontier03952,1700819657,1700819679,22
frontier03953,1700819673,1700819682,9
frontier03954,1700819657,1700819679,22
frontier03955,1700819673,1700819682,9
frontier03956,1700819673,1700819682,9
frontier03968,1700819673,1700819682,9
frontier04014,1700819664,1700819681,17
frontier04055,1700819644,1700819652,8
frontier04056,1700819644,1700819654,10
frontier04057,1700819615,1700819618,3
frontier04058,1700819674,1700819682,8
frontier04059,1700819673,1700819682,9
frontier04060,1700819628,1700819631,3
frontier04062,1700819657,1700819679,22
frontier04063,1700819665,1700819682,17
frontier04064,1700819673,1700819682,9
frontier04065,1700819628,1700819632,4
frontier04066,1700819657,1700819679,22
frontier04067,1700819673,1700819682,9
frontier04068,1700819657,1700819679,22
frontier04069,1700819657,1700819679,22
frontier04070,1700819645,1700819652,7
frontier04071,1700819649,1700819678,29
frontier04072,1700819633,1700819646,13
frontier04073,1700819657,1700819679,22
frontier04074,1700819657,1700819679,22
frontier04075,1700819623,1700819627,4
frontier04076,1700819657,1700819679,22
frontier04077,1700819665,1700819681,16
frontier04078,1700819665,1700819681,16
frontier04079,1700819658,1700819680,22
frontier04080,1700819666,1700819682,16
frontier04081,1700819657,1700819679,22
frontier04082,1700819671,1700819682,11
frontier04083,1700819657,1700819679,22
frontier04084,1700819665,1700819681,16
frontier04085,1700819673,1700819682,9
frontier04151,1700819664,1700819681,17
frontier04180,1700819645,1700819652,7
frontier04181,1700819657,1700819677,20
frontier04183,1700819628,1700819631,3
frontier04185,1700819644,1700819654,10
frontier04187,1700819657,1700819678,21
frontier04188,1700819673,1700819682,9
frontier04189,1700819657,1700819678,21
frontier04191,1700819629,1700819633,4
frontier04192,1700819657,1700819679,22
frontier04193,1700819657,1700819679,22
frontier04194,1700819657,1700819679,22
frontier04195,1700819665,1700819681,16
frontier04197,1700819673,1700819682,9
frontier04198,1700819634,1700819647,13
frontier04199,1700819664,1700819680,16
frontier04200,1700819673,1700819682,9
frontier04201,1700819665,1700819681,16
frontier04202,1700819657,1700819679,22
frontier04203,1700819665,1700819682,17
frontier04204,1700819657,1700819679,22
frontier04205,1700819673,1700819682,9
frontier04206,1700819673,1700819682,9
frontier04207,1700819673,1700819682,9
frontier04208,1700819671,1700819682,11
frontier04209,1700819657,1700819679,22
frontier04210,1700819657,1700819679,22
frontier04211,1700819666,1700819682,16
frontier04212,1700819657,1700819679,22
frontier04213,1700819666,1700819682,16
frontier04214,1700819665,1700819681,16
frontier04301,1700819657,1700819678,21
frontier04302,1700819658,1700819680,22
frontier04303,1700819665,1700819681,16
frontier04304,1700819673,1700819682,9
frontier04305,1700819657,1700819679,22
frontier04308,1700819657,1700819680,23
frontier04309,1700819657,1700819679,22
frontier04310,1700819657,1700819679,22
frontier04311,1700819657,1700819679,22
frontier04312,1700819665,1700819680,15
frontier04313,1700819673,1700819682,9
frontier04314,1700819657,1700819679,22
frontier04315,1700819628,1700819631,3
frontier04316,1700819665,1700819681,16
frontier04317,1700819674,1700819682,8
frontier04318,1700819673,1700819682,9
frontier04319,1700819673,1700819682,9
frontier04320,1700819657,1700819680,23
frontier04321,1700819645,1700819657,12
frontier04322,1700819673,1700819682,9
frontier04323,1700819644,1700819654,10
frontier04324,1700819657,1700819679,22
frontier04325,1700819657,1700819679,22
frontier04326,1700819673,1700819682,9
frontier04327,1700819658,1700819680,22
frontier04328,1700819658,1700819680,22
frontier04329,1700819657,1700819680,23
frontier04330,1700819673,1700819682,9
frontier04331,1700819665,1700819681,16
frontier04332,1700819658,1700819680,22
frontier04333,1700819673,1700819682,9
frontier04357,1700819671,1700819682,11
frontier04431,1700819673,1700819682,9
frontier04432,1700819673,1700819682,9
frontier04433,1700819670,1700819681,11
frontier04434,1700819666,1700819682,16
frontier04436,1700819666,1700819682,16
frontier04437,1700819641,1700819652,11
frontier04438,1700819673,1700819682,9
frontier04439,1700819657,1700819679,22
frontier04440,1700819673,1700819682,9
frontier04441,1700819644,1700819654,10
frontier04442,1700819645,1700819654,9
frontier04443,1700819645,1700819654,9
frontier04444,1700819671,1700819682,11
frontier04445,1700819657,1700819679,22
frontier04446,1700819657,1700819679,22
frontier04447,1700819657,1700819679,22
frontier04448,1700819665,1700819681,16
frontier04449,1700819671,1700819682,11
frontier04450,1700819657,1700819678,21
frontier04457,1700819673,1700819682,9
frontier04459,1700819665,1700819681,16
frontier04460,1700819673,1700819682,9
frontier04461,1700819657,1700819679,22
frontier04462,1700819657,1700819678,21
frontier04463,1700819658,1700819680,22
frontier04464,1700819657,1700819679,22
frontier04465,1700819657,1700819679,22
frontier04466,1700819657,1700819679,22
frontier04467,1700819665,1700819681,16
frontier04470,1700819664,1700819680,16
frontier04540,1700819657,1700819679,22
frontier04566,1700819657,1700819679,22
frontier04567,1700819657,1700819679,22
frontier04568,1700819671,1700819682,11
frontier04569,1700819673,1700819682,9
frontier04570,1700819674,1700819682,8
frontier04573,1700819645,1700819652,7
frontier04574,1700819673,1700819682,9
frontier04575,1700819657,1700819679,22
frontier04576,1700819657,1700819679,22
frontier04577,1700819665,1700819682,17
frontier04578,1700819645,1700819652,7
frontier04579,1700819644,1700819654,10
frontier04580,1700819657,1700819677,20
frontier04581,1700819673,1700819682,9
frontier04582,1700819674,1700819682,8
frontier04583,1700819657,1700819679,22
frontier04584,1700819657,1700819679,22
frontier04585,1700819658,1700819680,22
frontier04586,1700819652,1700819673,21
frontier04587,1700819666,1700819682,16
frontier04588,1700819644,1700819654,10
frontier04589,1700819657,1700819680,23
frontier04590,1700819657,1700819678,21
frontier04591,1700819644,1700819654,10
frontier04592,1700819673,1700819682,9
frontier04593,1700819644,1700819654,10
frontier04594,1700819628,1700819631,3
frontier04595,1700819657,1700819679,22
frontier04605,1700819664,1700819681,17
frontier04606,1700819629,1700819645,16
frontier04632,1700819657,1700819679,22
frontier04694,1700819673,1700819682,9
frontier04695,1700819664,1700819681,17
frontier04696,1700819657,1700819679,22
frontier04697,1700819666,1700819682,16
frontier04698,1700819673,1700819682,9
frontier04699,1700819673,1700819682,9
frontier04700,1700819673,1700819682,9
frontier04701,1700819673,1700819682,9
frontier04702,1700819630,1700819642,12
frontier04703,1700819673,1700819682,9
frontier04704,1700819665,1700819680,15
frontier04705,1700819657,1700819678,21
frontier04706,1700819657,1700819678,21
frontier04707,1700819657,1700819678,21
frontier04708,1700819675,1700819682,7
frontier04709,1700819673,1700819682,9
frontier04710,1700819657,1700819679,22
frontier04711,1700819673,1700819682,9
frontier04712,1700819669,1700819681,12
frontier04713,1700819629,1700819636,7
frontier04714,1700819673,1700819682,9
frontier04715,1700819629,1700819642,13
frontier04716,1700819665,1700819681,16
frontier04717,1700819657,1700819679,22
frontier04718,1700819633,1700819647,14
frontier04719,1700819657,1700819679,22
frontier04720,1700819657,1700819679,22
frontier04721,1700819673,1700819682,9
frontier04722,1700819664,1700819680,16
frontier04723,1700819644,1700819654,10
frontier04778,1700819657,1700819679,22
frontier04780,1700819636,1700819648,12
frontier04784,1700819629,1700819631,2
frontier04787,1700819673,1700819682,9
frontier04788,1700819657,1700819679,22
frontier04789,1700819665,1700819682,17
frontier04791,1700819657,1700819679,22
frontier04794,1700819673,1700819682,9
frontier04798,1700819658,1700819680,22
frontier04803,1700819657,1700819679,22
frontier04807,1700819644,1700819654,10
frontier04808,1700819657,1700819679,22
frontier04809,1700819675,1700819682,7
frontier04810,1700819673,1700819682,9
frontier04811,1700819674,1700819682,8
frontier04813,1700819671,1700819682,11
frontier04817,1700819673,1700819682,9
frontier04838,1700819666,1700819681,15
frontier04839,1700819644,1700819654,10
frontier04840,1700819645,1700819654,9
frontier04841,1700819645,1700819653,8
frontier04842,1700819657,1700819680,23
frontier04843,1700819623,1700819627,4
frontier04844,1700819657,1700819680,23
frontier04845,1700819657,1700819678,21
frontier04846,1700819664,1700819681,17
frontier04847,1700819673,1700819682,9
frontier04848,1700819673,1700819682,9
frontier04849,1700819657,1700819679,22
frontier04850,1700819666,1700819682,16
frontier04851,1700819657,1700819679,22
frontier04898,1700819645,1700819653,8
frontier04951,1700819673,1700819682,9
frontier04952,1700819673,1700819682,9
frontier04953,1700819657,1700819679,22
frontier04954,1700819657,1700819679,22
frontier04955,1700819633,1700819647,14
frontier04956,1700819673,1700819682,9
frontier04957,1700819673,1700819682,9
frontier04958,1700819657,1700819679,22
frontier04959,1700819657,1700819679,22
frontier04960,1700819623,1700819627,4
frontier04961,1700819664,1700819681,17
frontier04962,1700819657,1700819679,22
frontier04963,1700819657,1700819679,22
frontier04964,1700819634,1700819647,13
frontier04965,1700819645,1700819654,9
frontier04966,1700819666,1700819681,15
frontier04967,1700819657,1700819679,22
frontier04968,1700819673,1700819682,9
frontier04969,1700819673,1700819682,9
frontier04970,1700819657,1700819679,22
frontier04971,1700819657,1700819679,22
frontier04972,1700819657,1700819679,22
frontier04973,1700819674,1700819682,8
frontier04974,1700819673,1700819682,9
frontier04975,1700819657,1700819680,23
frontier04976,1700819664,1700819680,16
frontier04977,1700819664,1700819681,17
frontier04978,1700819673,1700819682,9
frontier04979,1700819673,1700819682,9
frontier04980,1700819673,1700819682,9
frontier05069,1700819657,1700819679,22
frontier05070,1700819625,1700819627,2
frontier05071,1700819673,1700819682,9
frontier05072,1700819673,1700819682,9
frontier05073,1700819623,1700819627,4
frontier05074,1700819657,1700819679,22
frontier05075,1700819673,1700819682,9
frontier05076,1700819657,1700819679,22
frontier05077,1700819657,1700819680,23
frontier05078,1700819674,1700819682,8
frontier05079,1700819665,1700819681,16
frontier05080,1700819634,1700819647,13
frontier05081,1700819666,1700819681,15
frontier05082,1700819673,1700819682,9
frontier05083,1700819665,1700819681,16
frontier05084,1700819673,1700819682,9
frontier05085,1700819665,1700819681,16
frontier05086,1700819657,1700819679,22
frontier05087,1700819673,1700819682,9
frontier05088,1700819665,1700819681,16
frontier05089,1700819645,1700819655,10
frontier05090,1700819623,1700819627,4
frontier05091,1700819673,1700819682,9
frontier05092,1700819673,1700819682,9
frontier05093,1700819644,1700819654,10
frontier05094,1700819665,1700819681,16
frontier05095,1700819657,1700819678,21
frontier05096,1700819657,1700819679,22
frontier05100,1700819644,1700819654,10
frontier05101,1700819657,1700819677,20
frontier05102,1700819673,1700819682,9
frontier05142,1700819644,1700819654,10
frontier05169,1700819673,1700819682,9
frontier05173,1700819657,1700819680,23
frontier05185,1700819657,1700819678,21
frontier05190,1700819657,1700819679,22
frontier05192,1700819657,1700819680,23
frontier05211,1700819629,1700819634,5
frontier05212,1700819657,1700819679,22
frontier05213,1700819658,1700819680,22
frontier05214,1700819664,1700819680,16
frontier05215,1700819657,1700819679,22
frontier05216,1700819657,1700819679,22
frontier05217,1700819673,1700819682,9
frontier05218,1700819664,1700819680,16
frontier05219,1700819673,1700819682,9
frontier05220,1700819673,1700819682,9
frontier05221,1700819665,1700819681,16
frontier05222,1700819673,1700819682,9
frontier05223,1700819644,1700819654,10
frontier05224,1700819645,1700819652,7
frontier05225,1700819644,1700819654,10
frontier05226,1700819644,1700819654,10
frontier05227,1700819644,1700819654,10
frontier05228,1700819657,1700819679,22
frontier05229,1700819666,1700819682,16
frontier05230,1700819657,1700819679,22
frontier05231,1700819664,1700819681,17
frontier05232,1700819673,1700819682,9
frontier05233,1700819673,1700819682,9
frontier05234,1700819673,1700819682,9
frontier05235,1700819673,1700819682,9
frontier05325,1700819644,1700819654,10
frontier05326,1700819657,1700819679,22
frontier05327,1700819657,1700819678,21
frontier05328,1700819624,1700819627,3
frontier05329,1700819673,1700819682,9
frontier05330,1700819657,1700819679,22
frontier05331,1700819628,1700819631,3
frontier05332,1700819666,1700819682,16
frontier05333,1700819633,1700819646,13
frontier05334,1700819657,1700819679,22
frontier05335,1700819657,1700819679,22
frontier05336,1700819657,1700819679,22
frontier05337,1700819657,1700819679,22
frontier05338,1700819664,1700819681,17
frontier05339,1700819657,1700819679,22
frontier05340,1700819657,1700819678,21
frontier05341,1700819657,1700819680,23
frontier05342,1700819665,1700819680,15
frontier05343,1700819673,1700819682,9
frontier05344,1700819665,1700819681,16
frontier05345,1700819671,1700819682,11
frontier05346,1700819670,1700819682,12
frontier05347,1700819664,1700819680,16
frontier05348,1700819657,1700819679,22
frontier05349,1700819625,1700819629,4
frontier05350,1700819665,1700819681,16
frontier05351,1700819673,1700819682,9
frontier05352,1700819657,1700819679,22
frontier05353,1700819669,1700819682,13
frontier05354,1700819664,1700819681,17
frontier05355,1700819657,1700819679,22
frontier05447,1700819634,1700819646,12
frontier05450,1700819645,1700819653,8
frontier05451,1700819657,1700819677,20
frontier05452,1700819644,1700819651,7
frontier05456,1700819657,1700819678,21
frontier05463,1700819622,1700819625,3
frontier05464,1700819666,1700819682,16
frontier05465,1700819657,1700819679,22
frontier05466,1700819674,1700819682,8
frontier05468,1700819657,1700819678,21
frontier05469,1700819673,1700819682,9
frontier05470,1700819671,1700819682,11
frontier05471,1700819657,1700819679,22
frontier05472,1700819657,1700819678,21
frontier05473,1700819665,1700819681,16
frontier05474,1700819657,1700819679,22
frontier05475,1700819665,1700819682,17
frontier05476,1700819657,1700819679,22
frontier05477,1700819673,1700819682,9
frontier05478,1700819657,1700819679,22
frontier05479,1700819657,1700819679,22
frontier05480,1700819657,1700819679,22
frontier05481,1700819666,1700819682,16
frontier05482,1700819665,1700819681,16
frontier05483,1700819665,1700819681,16
frontier05484,1700819673,1700819682,9
frontier05485,1700819665,1700819681,16
frontier05486,1700819657,1700819679,22
frontier05488,1700819644,1700819654,10
frontier05489,1700819671,1700819682,11
frontier05490,1700819657,1700819679,22
frontier05528,1700819673,1700819682,9
frontier05559,1700819657,1700819679,22
frontier05583,1700819658,1700819680,22
frontier05584,1700819666,1700819682,16
frontier05585,1700819657,1700819679,22
frontier05586,1700819673,1700819682,9
frontier05587,1700819673,1700819682,9
frontier05588,1700819673,1700819682,9
frontier05589,1700819624,1700819627,3
frontier05590,1700819665,1700819681,16
frontier05591,1700819657,1700819679,22
frontier05592,1700819657,1700819679,22
frontier05593,1700819673,1700819682,9
frontier05594,1700819671,1700819682,11
frontier05595,1700819657,1700819679,22
frontier05596,1700819664,1700819681,17
frontier05597,1700819657,1700819679,22
frontier05598,1700819665,1700819681,16
frontier05599,1700819665,1700819681,16
frontier05600,1700819657,1700819679,22
frontier05601,1700819645,1700819652,7
frontier05602,1700819657,1700819680,23
frontier05603,1700819657,1700819679,22
frontier05604,1700819657,1700819679,22
frontier05605,1700819657,1700819679,22
frontier05606,1700819657,1700819679,22
frontier05607,1700819673,1700819682,9
frontier05608,1700819657,1700819679,22
frontier05609,1700819671,1700819682,11
frontier05610,1700819645,1700819654,9
frontier05611,1700819665,1700819682,17
frontier05709,1700819666,1700819682,16
frontier05710,1700819657,1700819679,22
frontier05711,1700819657,1700819679,22
frontier05712,1700819674,1700819682,8
frontier05713,1700819665,1700819681,16
frontier05714,1700819673,1700819682,9
frontier05715,1700819664,1700819680,16
frontier05716,1700819673,1700819682,9
frontier05717,1700819673,1700819682,9
frontier05718,1700819644,1700819655,11
frontier05719,1700819645,1700819653,8
frontier05720,1700819657,1700819679,22
frontier05721,1700819657,1700819679,22
frontier05722,1700819665,1700819681,16
frontier05723,1700819673,1700819682,9
frontier05724,1700819673,1700819682,9
frontier05725,1700819665,1700819680,15
frontier05726,1700819623,1700819627,4
frontier05727,1700819633,1700819646,13
frontier05728,1700819658,1700819680,22
frontier05729,1700819657,1700819679,22
frontier05730,1700819657,1700819679,22
frontier05731,1700819657,1700819679,22
frontier05732,1700819671,1700819682,11
frontier05733,1700819657,1700819678,21
frontier05734,1700819671,1700819682,11
frontier05735,1700819669,1700819682,13
frontier05736,1700819657,1700819679,22
frontier05737,1700819633,1700819646,13
frontier05738,1700819657,1700819679,22
frontier05739,1700819657,1700819679,22
frontier05831,1700819673,1700819682,9
frontier05833,1700819666,1700819682,16
frontier05837,1700819673,1700819682,9
frontier05840,1700819664,1700819680,16
frontier05841,1700819666,1700819682,16
frontier05842,1700819657,1700819679,22
frontier05843,1700819673,1700819682,9
frontier05844,1700819673,1700819682,9
frontier05845,1700819673,1700819682,9
frontier05846,1700819673,1700819682,9
frontier05847,1700819657,1700819679,22
frontier05848,1700819673,1700819682,9
frontier05849,1700819673,1700819682,9
frontier05850,1700819657,1700819679,22
frontier05851,1700819623,1700819627,4
frontier05852,1700819623,1700819627,4
frontier05853,1700819666,1700819682,16
frontier05854,1700819657,1700819679,22
frontier05855,1700819632,1700819646,14
frontier05856,1700819644,1700819654,10
frontier05857,1700819644,1700819654,10
frontier05858,1700819673,1700819682,9
frontier05859,1700819671,1700819682,11
frontier05860,1700819665,1700819681,16
frontier05861,1700819657,1700819679,22
frontier05862,1700819666,1700819682,16
frontier05863,1700819657,1700819679,22
frontier05864,1700819657,1700819679,22
frontier05865,1700819664,1700819680,16
frontier05866,1700819622,1700819627,5
frontier05867,1700819673,1700819682,9
frontier05897,1700819644,1700819653,9
frontier05966,1700819627,1700819631,4
frontier05967,1700819665,1700819682,17
frontier05968,1700819644,1700819654,10
frontier05969,1700819658,1700819680,22
frontier05970,1700819673,1700819682,9
frontier05971,1700819665,1700819681,16
frontier05972,1700819630,1700819634,4
frontier05973,1700819665,1700819681,16
frontier05974,1700819657,1700819679,22
frontier05975,1700819673,1700819682,9
frontier05976,1700819655,1700819678,23
frontier05977,1700819652,1700819666,14
frontier05978,1700819651,1700819677,26
frontier05979,1700819673,1700819682,9
frontier05980,1700819664,1700819680,16
frontier05981,1700819664,1700819680,16
frontier05982,1700819665,1700819681,16
frontier05983,1700819657,1700819678,21
frontier05984,1700819657,1700819679,22
frontier05985,1700819665,1700819681,16
frontier05986,1700819657,1700819679,22
frontier05987,1700819673,1700819682,9
frontier05988,1700819665,1700819681,16
frontier05989,1700819657,1700819678,21
frontier05990,1700819665,1700819682,17
frontier05991,1700819633,1700819646,13
frontier05992,1700819657,1700819679,22
frontier05993,1700819673,1700819682,9
frontier05996,1700819665,1700819681,16
frontier05997,1700819657,1700819679,22
frontier06043,1700819645,1700819652,7
frontier06044,1700819657,1700819678,21
frontier06059,1700819673,1700819682,9
frontier06104,1700819633,1700819646,13
frontier06105,1700819657,1700819679,22
frontier06106,1700819664,1700819680,16
frontier06107,1700819657,1700819678,21
frontier06108,1700819673,1700819682,9
frontier06109,1700819673,1700819682,9
frontier06110,1700819657,1700819679,22
frontier06111,1700819657,1700819679,22
frontier06112,1700819645,1700819654,9
frontier06113,1700819628,1700819630,2
frontier06114,1700819657,1700819678,21
frontier06115,1700819657,1700819679,22
frontier06116,1700819664,1700819680,16
frontier06117,1700819644,1700819657,13
frontier06118,1700819664,1700819680,16
frontier06119,1700819657,1700819679,22
frontier06120,1700819658,1700819681,23
frontier06121,1700819657,1700819679,22
frontier06122,1700819673,1700819682,9
frontier06123,1700819657,1700819679,22
frontier06124,1700819665,1700819681,16
frontier06125,1700819657,1700819680,23
frontier06126,1700819657,1700819679,22
frontier06127,1700819657,1700819679,22
frontier06128,1700819657,1700819679,22
frontier06129,1700819657,1700819679,22
frontier06130,1700819644,1700819655,11
frontier06131,1700819658,1700819680,22
frontier06167,1700819665,1700819681,16
frontier06168,1700819657,1700819680,23
frontier06174,1700819657,1700819676,19
frontier06212,1700819665,1700819680,15
frontier06225,1700819628,1700819632,4
frontier06226,1700819633,1700819646,13
frontier06227,1700819657,1700819679,22
frontier06228,1700819673,1700819682,9
frontier06229,1700819657,1700819679,22
frontier06230,1700819657,1700819679,22
frontier06231,1700819658,1700819680,22
frontier06232,1700819657,1700819679,22
frontier06233,1700819657,1700819679,22
frontier06234,1700819665,1700819682,17
frontier06235,1700819657,1700819679,22
frontier06238,1700819673,1700819682,9
frontier06239,1700819674,1700819682,8
frontier06240,1700819657,1700819679,22
frontier06241,1700819666,1700819682,16
frontier06242,1700819673,1700819682,9
frontier06243,1700819673,1700819682,9
frontier06244,1700819673,1700819682,9
frontier06245,1700819657,1700819679,22
frontier06246,1700819674,1700819682,8
frontier06247,1700819665,1700819682,17
frontier06248,1700819674,1700819682,8
frontier06249,1700819657,1700819680,23
frontier06250,1700819665,1700819681,16
frontier06252,1700819658,1700819680,22
frontier06253,1700819644,1700819653,9
frontier06254,1700819657,1700819678,21
frontier06288,1700819644,1700819653,9
frontier06297,1700819673,1700819682,9
frontier06323,1700819657,1700819678,21
frontier06324,1700819645,1700819651,6
frontier06336,1700819665,1700819680,15
frontier06339,1700819637,1700819651,14
frontier06344,1700819644,1700819650,6
frontier06362,1700819673,1700819682,9
frontier06363,1700819673,1700819682,9
frontier06364,1700819671,1700819682,11
frontier06365,1700819657,1700819679,22
frontier06367,1700819673,1700819682,9
frontier06368,1700819657,1700819679,22
frontier06369,1700819671,1700819682,11
frontier06370,1700819632,1700819646,14
frontier06371,1700819665,1700819682,17
frontier06372,1700819669,1700819682,13
frontier06374,1700819673,1700819682,9
frontier06375,1700819674,1700819682,8
frontier06376,1700819657,1700819679,22
frontier06377,1700819674,1700819682,8
frontier06378,1700819657,1700819679,22
frontier06379,1700819657,1700819677,20
frontier06381,1700819657,1700819679,22
frontier06383,1700819649,1700819678,29
frontier06384,1700819657,1700819679,22
frontier06385,1700819665,1700819682,17
frontier06386,1700819633,1700819646,13
frontier06387,1700819657,1700819679,22
frontier06388,1700819673,1700819682,9
frontier06389,1700819657,1700819679,22
frontier06413,1700819646,1700819678,32
frontier06440,1700819666,1700819682,16
frontier06472,1700819665,1700819681,16
frontier06479,1700819657,1700819677,20
frontier06484,1700819666,1700819682,16
frontier06487,1700819623,1700819627,4
frontier06488,1700819665,1700819682,17
frontier06489,1700819657,1700819679,22
frontier06490,1700819657,1700819679,22
frontier06491,1700819657,1700819679,22
frontier06492,1700819657,1700819678,21
frontier06493,1700819673,1700819682,9
frontier06494,1700819657,1700819679,22
frontier06495,1700819673,1700819682,9
frontier06496,1700819673,1700819682,9
frontier06499,1700819665,1700819681,16
frontier06500,1700819657,1700819679,22
frontier06501,1700819658,1700819680,22
frontier06502,1700819673,1700819682,9
frontier06503,1700819673,1700819682,9
frontier06504,1700819657,1700819679,22
frontier06505,1700819666,1700819682,16
frontier06506,1700819673,1700819682,9
frontier06507,1700819673,1700819682,9
frontier06508,1700819673,1700819682,9
frontier06509,1700819673,1700819682,9
frontier06510,1700819673,1700819682,9
frontier06512,1700819634,1700819647,13
frontier06513,1700819666,1700819682,16
frontier06514,1700819658,1700819680,22
frontier06515,1700819664,1700819680,16
frontier06540,1700819657,1700819679,22
frontier06561,1700819644,1700819653,9
frontier06598,1700819657,1700819678,21
frontier06610,1700819664,1700819681,17
frontier06611,1700819645,1700819651,6
frontier06612,1700819657,1700819678,21
frontier06613,1700819642,1700819653,11
frontier06614,1700819645,1700819653,8
frontier06615,1700819630,1700819642,12
frontier06616,1700819657,1700819679,22
frontier06617,1700819673,1700819682,9
frontier06618,1700819657,1700819679,22
frontier06619,1700819665,1700819681,16
frontier06620,1700819673,1700819682,9
frontier06621,1700819657,1700819679,22
frontier06622,1700819664,1700819681,17
frontier06623,1700819657,1700819678,21
frontier06626,1700819673,1700819682,9
frontier06627,1700819657,1700819679,22
frontier06628,1700819657,1700819679,22
frontier06629,1700819665,1700819681,16
frontier06630,1700819657,1700819679,22
frontier06631,1700819665,1700819681,16
frontier06632,1700819623,1700819627,4
frontier06633,1700819673,1700819682,9
frontier06634,1700819657,1700819679,22
frontier06635,1700819671,1700819682,11
frontier06636,1700819673,1700819682,9
frontier06637,1700819657,1700819679,22
frontier06638,1700819645,1700819652,7
frontier06639,1700819657,1700819679,22
frontier06662,1700819645,1700819651,6
frontier06667,1700819645,1700819654,9
frontier06729,1700819658,1700819680,22
frontier06736,1700819665,1700819681,16
frontier06737,1700819671,1700819682,11
frontier06738,1700819673,1700819682,9
frontier06739,1700819671,1700819682,11
frontier06740,1700819657,1700819679,22
frontier06741,1700819673,1700819682,9
frontier06742,1700819670,1700819682,12
frontier06743,1700819665,1700819681,16
frontier06744,1700819657,1700819679,22
frontier06745,1700819671,1700819682,11
frontier06746,1700819673,1700819682,9
frontier06747,1700819657,1700819679,22
frontier06748,1700819673,1700819682,9
frontier06749,1700819657,1700819679,22
frontier06750,1700819637,1700819648,11
frontier06752,1700819657,1700819678,21
frontier06753,1700819657,1700819679,22
frontier06755,1700819629,1700819645,16
frontier06756,1700819666,1700819681,15
frontier06757,1700819657,1700819679,22
frontier06758,1700819673,1700819682,9
frontier06759,1700819673,1700819682,9
frontier06760,1700819666,1700819682,16
frontier06761,1700819673,1700819682,9
frontier06762,1700819674,1700819682,8
frontier06763,1700819657,1700819679,22
frontier06764,1700819664,1700819680,16
frontier06765,1700819645,1700819654,9
frontier06869,1700819673,1700819682,9
frontier06870,1700819633,1700819646,13
frontier06871,1700819673,1700819682,9
frontier06872,1700819665,1700819681,16
frontier06873,1700819664,1700819680,16
frontier06874,1700819657,1700819679,22
frontier06875,1700819666,1700819681,15
frontier06876,1700819657,1700819679,22
frontier06877,1700819673,1700819682,9
frontier06878,1700819657,1700819679,22
frontier06879,1700819657,1700819679,22
frontier06880,1700819650,1700819678,28
frontier06881,1700819657,1700819679,22
frontier06882,1700819657,1700819679,22
frontier06883,1700819673,1700819682,9
frontier06884,1700819644,1700819654,10
frontier06887,1700819674,1700819682,8
frontier06888,1700819657,1700819678,21
frontier06889,1700819673,1700819682,9
frontier06890,1700819658,1700819680,22
frontier06891,1700819657,1700819679,22
frontier06892,1700819616,1700819618,2
frontier06893,1700819657,1700819679,22
frontier06894,1700819657,1700819679,22
frontier06895,1700819657,1700819679,22
frontier06896,1700819665,1700819681,16
frontier06897,1700819670,1700819682,12
frontier06898,1700819657,1700819679,22
frontier06899,1700819658,1700819680,22
frontier06900,1700819657,1700819679,22
frontier06901,1700819657,1700819679,22
frontier06993,1700819632,1700819646,14
frontier06995,1700819673,1700819682,9
frontier06996,1700819673,1700819682,9
frontier06997,1700819673,1700819682,9
frontier06998,1700819633,1700819647,14
frontier06999,1700819644,1700819654,10
frontier07000,1700819657,1700819679,22
frontier07001,1700819657,1700819679,22
frontier07002,1700819657,1700819678,21
frontier07003,1700819657,1700819679,22
frontier07004,1700819664,1700819680,16
frontier07005,1700819657,1700819680,23
frontier07007,1700819657,1700819679,22
frontier07008,1700819665,1700819681,16
frontier07010,1700819646,1700819654,8
frontier07011,1700819623,1700819627,4
frontier07012,1700819657,1700819678,21
frontier07013,1700819636,1700819647,11
frontier07014,1700819665,1700819682,17
frontier07015,1700819645,1700819650,5
frontier07017,1700819657,1700819679,22
frontier07020,1700819646,1700819678,32
frontier07021,1700819629,1700819631,2
frontier07022,1700819673,1700819682,9
frontier07023,1700819673,1700819682,9
frontier07024,1700819665,1700819681,16
frontier07026,1700819665,1700819682,17
frontier07027,1700819657,1700819679,22
frontier07028,1700819665,1700819682,17
frontier07029,1700819673,1700819682,9
frontier07122,1700819644,1700819654,10
frontier07123,1700819657,1700819679,22
frontier07124,1700819657,1700819679,22
frontier07125,1700819658,1700819680,22
frontier07126,1700819673,1700819682,9
frontier07127,1700819665,1700819680,15
frontier07128,1700819657,1700819679,22
frontier07129,1700819666,1700819682,16
frontier07130,1700819623,1700819627,4
frontier07131,1700819657,1700819680,23
frontier07132,1700819624,1700819627,3
frontier07133,1700819664,1700819680,16
frontier07134,1700819655,1700819677,22
frontier07135,1700819657,1700819679,22
frontier07137,1700819657,1700819679,22
frontier07139,1700819657,1700819679,22
frontier07141,1700819645,1700819658,13
frontier07143,1700819624,1700819627,3
frontier07144,1700819664,1700819680,16
frontier07145,1700819657,1700819679,22
frontier07146,1700819657,1700819679,22
frontier07147,1700819657,1700819679,22
frontier07148,1700819665,1700819681,16
frontier07150,1700819665,1700819682,17
frontier07151,1700819664,1700819680,16
frontier07152,1700819675,1700819682,7
frontier07153,1700819633,1700819646,13
frontier07154,1700819673,1700819682,9
frontier07156,1700819657,1700819679,22
frontier07157,1700819665,1700819681,16
frontier07248,1700819616,1700819618,2
frontier07249,1700819657,1700819679,22
frontier07250,1700819657,1700819679,22
frontier07251,1700819665,1700819680,15
frontier07252,1700819673,1700819682,9
frontier07253,1700819673,1700819682,9
frontier07254,1700819644,1700819652,8
frontier07255,1700819657,1700819679,22
frontier07256,1700819657,1700819679,22
frontier07257,1700819673,1700819682,9
frontier07258,1700819671,1700819682,11
frontier07259,1700819673,1700819682,9
frontier07262,1700819673,1700819682,9
frontier07263,1700819644,1700819655,11
frontier07265,1700819673,1700819682,9
frontier07266,1700819674,1700819682,8
frontier07267,1700819673,1700819682,9
frontier07268,1700819644,1700819651,7
frontier07269,1700819644,1700819654,10
frontier07270,1700819644,1700819654,10
frontier07271,1700819653,1700819677,24
frontier07272,1700819645,1700819654,9
frontier07273,1700819673,1700819682,9
frontier07274,1700819673,1700819682,9
frontier07277,1700819657,1700819679,22
frontier07278,1700819673,1700819682,9
frontier07279,1700819658,1700819679,21
frontier07280,1700819673,1700819682,9
frontier07281,1700819657,1700819677,20
frontier07282,1700819657,1700819679,22
frontier07376,1700819665,1700819681,16
frontier07377,1700819657,1700819679,22
frontier07378,1700819646,1700819653,7
frontier07380,1700819666,1700819682,16
frontier07381,1700819673,1700819682,9
frontier07382,1700819657,1700819679,22
frontier07383,1700819673,1700819682,9
frontier07384,1700819673,1700819682,9
frontier07385,1700819657,1700819678,21
frontier07386,1700819665,1700819681,16
frontier07387,1700819657,1700819679,22
frontier07388,1700819665,1700819681,16
frontier07389,1700819657,1700819679,22
frontier07390,1700819671,1700819682,11
frontier07391,1700819657,1700819678,21
frontier07392,1700819673,1700819682,9
frontier07393,1700819664,1700819680,16
frontier07394,1700819657,1700819679,22
frontier07396,1700819670,1700819682,12
frontier07397,1700819665,1700819682,17
frontier07398,1700819645,1700819652,7
frontier07399,1700819665,1700819681,16
frontier07400,1700819657,1700819679,22
frontier07401,1700819666,1700819682,16
frontier07402,1700819671,1700819682,11
frontier07405,1700819671,1700819682,11
frontier07406,1700819664,1700819680,16
frontier07408,1700819640,1700819653,13
frontier07410,1700819673,1700819682,9
frontier07411,1700819657,1700819679,22
frontier07501,1700819673,1700819682,9
frontier07502,1700819673,1700819682,9
frontier07504,1700819657,1700819679,22
frontier07505,1700819657,1700819680,23
frontier07506,1700819657,1700819679,22
frontier07507,1700819657,1700819679,22
frontier07508,1700819669,1700819682,13
frontier07509,1700819633,1700819647,14
frontier07510,1700819644,1700819654,10
frontier07511,1700819665,1700819681,16
frontier07512,1700819666,1700819682,16
frontier07513,1700819657,1700819679,22
frontier07514,1700819673,1700819682,9
frontier07518,1700819665,1700819681,16
frontier07519,1700819645,1700819654,9
frontier07520,1700819657,1700819679,22
frontier07521,1700819645,1700819652,7
frontier07523,1700819673,1700819682,9
frontier07524,1700819644,1700819654,10
frontier07525,1700819645,1700819655,10
frontier07526,1700819673,1700819682,9
frontier07527,1700819673,1700819682,9
frontier07529,1700819657,1700819680,23
frontier07530,1700819657,1700819679,22
frontier07531,1700819664,1700819680,16
frontier07533,1700819665,1700819681,16
frontier07534,1700819657,1700819679,22
frontier07535,1700819655,1700819676,21
frontier07538,1700819657,1700819679,22
frontier07657,1700819665,1700819681,16
frontier07658,1700819634,1700819647,13
frontier07660,1700819673,1700819682,9
frontier07661,1700819657,1700819678,21
frontier07662,1700819665,1700819681,16
frontier07663,1700819665,1700819681,16
frontier07664,1700819670,1700819681,11
frontier07670,1700819665,1700819680,15
frontier07673,1700819673,1700819682,9
frontier07680,1700819665,1700819682,17
frontier07791,1700819657,1700819678,21
frontier07792,1700819665,1700819682,17
frontier07801,1700819644,1700819654,10
frontier07802,1700819657,1700819680,23
frontier07803,1700819644,1700819654,10
frontier07804,1700819650,1700819677,27
frontier07805,1700819644,1700819651,7
frontier07806,1700819645,1700819653,8
frontier07807,1700819657,1700819678,21
frontier07808,1700819657,1700819679,22
frontier07913,1700819674,1700819682,8
frontier07914,1700819665,1700819682,17
frontier07927,1700819617,1700819619,2
frontier07928,1700819657,1700819680,23
frontier07929,1700819657,1700819679,22
frontier07930,1700819673,1700819682,9
frontier07931,1700819665,1700819681,16
frontier07932,1700819665,1700819681,16
frontier07933,1700819657,1700819679,22
frontier07934,1700819664,1700819680,16
frontier07936,1700819657,1700819679,22
frontier08036,1700819673,1700819682,9
frontier08037,1700819673,1700819682,9
frontier08039,1700819644,1700819655,11
frontier08060,1700819671,1700819682,11
frontier08062,1700819674,1700819682,8
frontier08063,1700819657,1700819679,22
frontier08064,1700819623,1700819627,4
frontier08134,1700819657,1700819679,22
frontier08135,1700819644,1700819654,10
frontier08136,1700819657,1700819678,21
frontier08143,1700819657,1700819679,22
frontier08153,1700819666,1700819681,15
frontier08154,1700819669,1700819681,12
frontier08157,1700819644,1700819654,10
frontier08161,1700819673,1700819682,9
frontier08162,1700819665,1700819682,17
frontier08163,1700819657,1700819679,22
frontier08164,1700819665,1700819682,17
frontier08165,1700819657,1700819679,22
frontier08166,1700819632,1700819645,13
frontier08167,1700819664,1700819680,16
frontier08168,1700819657,1700819679,22
frontier08169,1700819665,1700819681,16
frontier08260,1700819658,1700819680,22
frontier08261,1700819657,1700819679,22
frontier08262,1700819670,1700819681,11
frontier08263,1700819623,1700819627,4
frontier08264,1700819657,1700819680,23
frontier08265,1700819657,1700819679,22
frontier08266,1700819673,1700819682,9
frontier08267,1700819673,1700819682,9
frontier08268,1700819657,1700819679,22
frontier08293,1700819657,1700819679,22
frontier08294,1700819657,1700819679,22
frontier08298,1700819657,1700819679,22
frontier08299,1700819665,1700819682,17
frontier08302,1700819673,1700819682,9
frontier08304,1700819673,1700819682,9
frontier08419,1700819666,1700819682,16
frontier08420,1700819657,1700819679,22
frontier08423,1700819645,1700819652,7
frontier08424,1700819673,1700819682,9
frontier08425,1700819673,1700819682,9
frontier08426,1700819673,1700819682,9
frontier08427,1700819665,1700819681,16
frontier08428,1700819657,1700819679,22
frontier08429,1700819671,1700819682,11
frontier08430,1700819625,1700819627,2
frontier08434,1700819657,1700819679,22
frontier08435,1700819665,1700819680,15
frontier08436,1700819673,1700819682,9
frontier08446,1700819657,1700819679,22
frontier08447,1700819673,1700819682,9
frontier08553,1700819665,1700819681,16
frontier08554,1700819629,1700819637,8
frontier08555,1700819657,1700819679,22
frontier08556,1700819665,1700819681,16
frontier08557,1700819665,1700819681,16
frontier08558,1700819658,1700819680,22
frontier08564,1700819673,1700819682,9
frontier08565,1700819673,1700819682,9
frontier08566,1700819657,1700819679,22
frontier08567,1700819671,1700819682,11
frontier08568,1700819657,1700819679,22
frontier08569,1700819671,1700819682,11
frontier08573,1700819673,1700819682,9
frontier08576,1700819657,1700819679,22
frontier08675,1700819665,1700819681,16
frontier08676,1700819673,1700819682,9
frontier08677,1700819671,1700819682,11
frontier08681,1700819645,1700819653,8
frontier08682,1700819630,1700819642,12
frontier08683,1700819644,1700819654,10
frontier08684,1700819644,1700819654,10
frontier08685,1700819644,1700819651,7
frontier08689,1700819665,1700819680,15
frontier08690,1700819657,1700819679,22
frontier08691,1700819623,1700819627,4
frontier08692,1700819665,1700819680,15
frontier08693,1700819669,1700819682,13
frontier08694,1700819674,1700819682,8
frontier08695,1700819673,1700819682,9
frontier08696,1700819645,1700819657,12
frontier08697,1700819657,1700819679,22
frontier08698,1700819673,1700819682,9
frontier08700,1700819657,1700819679,22
frontier08702,1700819645,1700819654,9
frontier08703,1700819644,1700819651,7
frontier08704,1700819657,1700819679,22
frontier08790,1700819673,1700819682,9
frontier08791,1700819657,1700819679,22
frontier08792,1700819657,1700819679,22
frontier08793,1700819673,1700819682,9
frontier08794,1700819657,1700819680,23
frontier08796,1700819673,1700819682,9
frontier08798,1700819625,1700819627,2
frontier08799,1700819657,1700819679,22
frontier08804,1700819665,1700819681,16
frontier08806,1700819674,1700819682,8
frontier08807,1700819673,1700819682,9
frontier08808,1700819673,1700819682,9
frontier08934,1700819623,1700819627,4
frontier08935,1700819671,1700819682,11
frontier08936,1700819673,1700819682,9
frontier08937,1700819673,1700819682,9
frontier08938,1700819623,1700819627,4
frontier08939,1700819657,1700819679,22
frontier08940,1700819666,1700819682,16
frontier08941,1700819629,1700819637,8
frontier08942,1700819673,1700819682,9
frontier08946,1700819673,1700819682,9
frontier08947,1700819658,1700819680,22
frontier08948,1700819657,1700819679,22
frontier08949,1700819657,1700819679,22
frontier08950,1700819657,1700819679,22
frontier09046,1700819673,1700819682,9
frontier09048,1700819623,1700819627,4
frontier09053,1700819666,1700819681,15
frontier09070,1700819665,1700819681,16
frontier09075,1700819673,1700819682,9
frontier09081,1700819633,1700819646,13
frontier09082,1700819665,1700819681,16
frontier09083,1700819657,1700819679,22
frontier09084,1700819673,1700819682,9
frontier09085,1700819657,1700819679,22
frontier09086,1700819673,1700819682,9
frontier09088,1700819665,1700819681,16
frontier10207,1700819673,1700819682,9
frontier10208,1700819665,1700819681,16
frontier10211,1700819673,1700819682,9
frontier10212,1700819666,1700819682,16
frontier10213,1700819657,1700819679,22
frontier10214,1700819657,1700819679,22
frontier10215,1700819657,1700819677,20
frontier10216,1700819645,1700819653,8
frontier10217,1700819645,1700819652,7
frontier10218,1700819657,1700819679,22
frontier10219,1700819665,1700819681,16
frontier10220,1700819664,1700819681,17
frontier10229,1700819673,1700819682,9
frontier10327,1700819658,1700819680,22
frontier10328,1700819673,1700819682,9
frontier10329,1700819624,1700819627,3
frontier10330,1700819657,1700819679,22
frontier10331,1700819673,1700819682,9
frontier10333,1700819657,1700819679,22
frontier10334,1700819657,1700819679,22
frontier10335,1700819673,1700819682,9
frontier10336,1700819657,1700819679,22
frontier10337,1700819673,1700819682,9
frontier10338,1700819655,1700819677,22
frontier10374,1700819644,1700819654,10
frontier10453,1700819634,1700819647,13
frontier10454,1700819657,1700819680,23
frontier10455,1700819673,1700819682,9
frontier10456,1700819657,1700819679,22
frontier10491,1700819673,1700819682,9
frontier10492,1700819645,1700819654,9
frontier10494,1700819673,1700819682,9
frontier10495,1700819658,1700819680,22
frontier10496,1700819645,1700819654,9
frontier00001,1700819658,1700819680,22
frontier00040,1700819665,1700819681,16
frontier00090,1700819666,1700819682,16
frontier00091,1700819657,1700819680,23
frontier00092,1700819665,1700819681,16
frontier00094,1700819673,1700819682,9
frontier00095,1700819665,1700819681,16
frontier00097,1700819657,1700819679,22
frontier00098,1700819623,1700819627,4
frontier00099,1700819632,1700819645,13
frontier00100,1700819673,1700819682,9
frontier00101,1700819644,1700819655,11
frontier00102,1700819657,1700819679,22
frontier00103,1700819673,1700819682,9
frontier00104,1700819657,1700819678,21
frontier00105,1700819665,1700819680,15
frontier00106,1700819657,1700819680,23
frontier00107,1700819623,1700819627,4
frontier00108,1700819636,1700819647,11
frontier00109,1700819658,1700819680,22
frontier00110,1700819657,1700819679,22
frontier00111,1700819665,1700819680,15
frontier00112,1700819657,1700819679,22
frontier00113,1700819657,1700819679,22
frontier00114,1700819644,1700819654,10
frontier00115,1700819644,1700819655,11
frontier00116,1700819657,1700819679,22
frontier00117,1700819657,1700819679,22
frontier00118,1700819617,1700819621,4
frontier00119,1700819629,1700819641,12
frontier00120,1700819657,1700819679,22
frontier00206,1700819673,1700819682,9
frontier00207,1700819633,1700819646,13
frontier00208,1700819657,1700819679,22
frontier00209,1700819673,1700819682,9
frontier00210,1700819658,1700819680,22
frontier00213,1700819657,1700819679,22
frontier00214,1700819657,1700819679,22
frontier00215,1700819673,1700819682,9
frontier00216,1700819623,1700819627,4
frontier00217,1700819658,1700819680,22
frontier00218,1700819665,1700819681,16
frontier00219,1700819673,1700819682,9
frontier00220,1700819657,1700819679,22
frontier00221,1700819674,1700819682,8
frontier00222,1700819657,1700819680,23
frontier00223,1700819644,1700819650,6
frontier00224,1700819674,1700819682,8
frontier00225,1700819657,1700819679,22
frontier00226,1700819630,1700819637,7
frontier00227,1700819665,1700819682,17
frontier00228,1700819644,1700819654,10
frontier00229,1700819657,1700819680,23
frontier00230,1700819636,1700819650,14
frontier00231,1700819657,1700819679,22
frontier00234,1700819673,1700819682,9
frontier00235,1700819673,1700819682,9
frontier00236,1700819673,1700819682,9
frontier00237,1700819664,1700819680,16
frontier00238,1700819673,1700819682,9
frontier00239,1700819657,1700819679,22
frontier00241,1700819673,1700819682,9
frontier00338,1700819657,1700819679,22
frontier00341,1700819625,1700819627,2
frontier00342,1700819664,1700819681,17
frontier00343,1700819623,1700819627,4
frontier00344,1700819644,1700819654,10
frontier00345,1700819657,1700819679,22
frontier00346,1700819645,1700819654,9
frontier00347,1700819664,1700819680,16
frontier00349,1700819673,1700819682,9
frontier00350,1700819671,1700819682,11
frontier00351,1700819665,1700819681,16
frontier00352,1700819674,1700819682,8
frontier00353,1700819657,1700819679,22
frontier00354,1700819629,1700819637,8
frontier00355,1700819673,1700819682,9
frontier00356,1700819657,1700819679,22
frontier00357,1700819657,1700819679,22
frontier00358,1700819623,1700819627,4
frontier00359,1700819629,1700819632,3
frontier00360,1700819657,1700819679,22
frontier00361,1700819665,1700819682,17
frontier00362,1700819673,1700819682,9
frontier00363,1700819673,1700819682,9
frontier00364,1700819674,1700819682,8
frontier00365,1700819673,1700819682,9
frontier00366,1700819657,1700819679,22
frontier00367,1700819657,1700819679,22
frontier00368,1700819645,1700819654,9
frontier00369,1700819645,1700819654,9
frontier00370,1700819657,1700819679,22
frontier00371,1700819674,1700819682,8
frontier00462,1700819657,1700819679,22
frontier00463,1700819623,1700819627,4
frontier00464,1700819666,1700819682,16
frontier00465,1700819657,1700819679,22
frontier00466,1700819657,1700819679,22
frontier00467,1700819673,1700819682,9
frontier00468,1700819657,1700819679,22
frontier00469,1700819673,1700819682,9
frontier00470,1700819657,1700819679,22
frontier00471,1700819673,1700819682,9
frontier00473,1700819646,1700819658,12
frontier00476,1700819673,1700819682,9
frontier00477,1700819674,1700819682,8
frontier00478,1700819665,1700819681,16
frontier00479,1700819673,1700819682,9
frontier00481,1700819666,1700819682,16
frontier00482,1700819673,1700819682,9
frontier00483,1700819665,1700819681,16
frontier00485,1700819665,1700819681,16
frontier00486,1700819673,1700819682,9
frontier00488,1700819657,1700819679,22
frontier00489,1700819657,1700819678,21
frontier00490,1700819644,1700819654,10
frontier00491,1700819644,1700819654,10
frontier00492,1700819644,1700819654,10
frontier00493,1700819669,1700819682,13
frontier00496,1700819664,1700819680,16
frontier00497,1700819673,1700819682,9
frontier00499,1700819673,1700819682,9
frontier00500,1700819657,1700819679,22
frontier00501,1700819657,1700819679,22
frontier00537,1700819623,1700819627,4
frontier00538,1700819657,1700819679,22
frontier00601,1700819657,1700819680,23
frontier00602,1700819657,1700819678,21
frontier00603,1700819673,1700819682,9
frontier00604,1700819637,1700819651,14
frontier00605,1700819673,1700819682,9
frontier00606,1700819657,1700819679,22
frontier00607,1700819657,1700819680,23
frontier00608,1700819631,1700819645,14
frontier00609,1700819673,1700819682,9
frontier00610,1700819645,1700819653,8
frontier00611,1700819673,1700819682,9
frontier00612,1700819657,1700819680,23
frontier00613,1700819670,1700819682,12
frontier00614,1700819673,1700819682,9
frontier00615,1700819673,1700819682,9
frontier00616,1700819645,1700819653,8
frontier00617,1700819657,1700819679,22
frontier00618,1700819673,1700819682,9
frontier00619,1700819657,1700819677,20
frontier00620,1700819673,1700819682,9
frontier00621,1700819657,1700819679,22
frontier00622,1700819666,1700819682,16
frontier00623,1700819657,1700819679,22
frontier00624,1700819657,1700819679,22
frontier00625,1700819657,1700819679,22
frontier00626,1700819644,1700819654,10
frontier00627,1700819645,1700819655,10
frontier00628,1700819673,1700819682,9
frontier00629,1700819631,1700819645,14
frontier00690,1700819664,1700819680,16
frontier00691,1700819665,1700819682,17
frontier00729,1700819665,1700819681,16
frontier00730,1700819657,1700819679,22
frontier00731,1700819657,1700819679,22
frontier00732,1700819657,1700819679,22
frontier00733,1700819657,1700819680,23
frontier00734,1700819673,1700819682,9
frontier00735,1700819665,1700819681,16
frontier00736,1700819665,1700819682,17
frontier00737,1700819657,1700819679,22
frontier00738,1700819665,1700819681,16
frontier00739,1700819673,1700819682,9
frontier00740,1700819665,1700819681,16
frontier00741,1700819645,1700819655,10
frontier00742,1700819665,1700819682,17
frontier00743,1700819623,1700819627,4
frontier00744,1700819644,1700819654,10
frontier00745,1700819673,1700819682,9
frontier00746,1700819666,1700819681,15
frontier00747,1700819657,1700819679,22
frontier00748,1700819657,1700819679,22
frontier00749,1700819673,1700819682,9
frontier00750,1700819657,1700819679,22
frontier00751,1700819673,1700819682,9
frontier00752,1700819633,1700819646,13
frontier00753,1700819657,1700819679,22
frontier00754,1700819665,1700819681,16
frontier00755,1700819665,1700819680,15
frontier00756,1700819655,1700819678,23
frontier00757,1700819665,1700819681,16
frontier00823,1700819673,1700819682,9
frontier00827,1700819664,1700819681,17
frontier00855,1700819671,1700819682,11
frontier00857,1700819657,1700819679,22
frontier00858,1700819673,1700819682,9
frontier00859,1700819644,1700819654,10
frontier00861,1700819665,1700819682,17
frontier00862,1700819673,1700819682,9
frontier00864,1700819665,1700819681,16
frontier00865,1700819657,1700819679,22
frontier00866,1700819665,1700819681,16
frontier00867,1700819657,1700819679,22
frontier00868,1700819657,1700819679,22
frontier00871,1700819665,1700819681,16
frontier00872,1700819657,1700819678,21
frontier00873,1700819665,1700819680,15
frontier00874,1700819665,1700819682,17
frontier00875,1700819645,1700819658,13
frontier00876,1700819665,1700819682,17
frontier00877,1700819633,1700819647,14
frontier00878,1700819657,1700819679,22
frontier00879,1700819665,1700819680,15
frontier00880,1700819664,1700819681,17
frontier00881,1700819673,1700819682,9
frontier00882,1700819644,1700819654,10
frontier00883,1700819657,1700819679,22
frontier00884,1700819623,1700819627,4
frontier00885,1700819623,1700819627,4
frontier00886,1700819657,1700819679,22
frontier00887,1700819671,1700819682,11
frontier00888,1700819665,1700819682,17
frontier00975,1700819665,1700819681,16
frontier00976,1700819658,1700819679,21
frontier00977,1700819657,1700819679,22
frontier00978,1700819657,1700819679,22
frontier00979,1700819673,1700819682,9
frontier00980,1700819674,1700819682,8
frontier00981,1700819658,1700819680,22
frontier00982,1700819673,1700819682,9
frontier00983,1700819673,1700819682,9
frontier00988,1700819665,1700819681,16
frontier00989,1700819623,1700819627,4
frontier00992,1700819657,1700819679,22
frontier00993,1700819673,1700819682,9
frontier00995,1700819637,1700819652,15
frontier00996,1700819658,1700819679,21
frontier00997,1700819634,1700819648,14
frontier00998,1700819665,1700819680,15
frontier01000,1700819666,1700819682,16
frontier01001,1700819644,1700819655,11
frontier01002,1700819665,1700819681,16
frontier01003,1700819633,1700819646,13
frontier01004,1700819634,1700819647,13
frontier01006,1700819657,1700819679,22
frontier01007,1700819657,1700819679,22
frontier01008,1700819665,1700819682,17
frontier01009,1700819657,1700819679,22
frontier01010,1700819673,1700819682,9
frontier01012,1700819673,1700819682,9
frontier01013,1700819671,1700819682,11
frontier01022,1700819657,1700819678,21
frontier01024,1700819645,1700819652,7
frontier01052,1700819657,1700819679,22
frontier01053,1700819664,1700819680,16
frontier01114,1700819658,1700819680,22
frontier01115,1700819657,1700819679,22
frontier01117,1700819673,1700819682,9
frontier01118,1700819658,1700819679,21
frontier01119,1700819674,1700819682,8
frontier01120,1700819664,1700819681,17
frontier01121,1700819657,1700819678,21
frontier01122,1700819657,1700819679,22
frontier01123,1700819657,1700819679,22
frontier01124,1700819624,1700819627,3
frontier01125,1700819657,1700819677,20
frontier01126,1700819644,1700819654,10
frontier01127,1700819645,1700819655,10
frontier01129,1700819645,1700819650,5
frontier01130,1700819644,1700819654,10
frontier01131,1700819644,1700819654,10
frontier01132,1700819646,1700819677,31
frontier01133,1700819658,1700819680,22
frontier01134,1700819645,1700819652,7
frontier01135,1700819645,1700819653,8
frontier01136,1700819673,1700819682,9
frontier01137,1700819673,1700819682,9
frontier01138,1700819644,1700819654,10
frontier01139,1700819657,1700819680,23
frontier01140,1700819644,1700819654,10
frontier01143,1700819671,1700819682,11
frontier01144,1700819673,1700819682,9
frontier01145,1700819657,1700819679,22
frontier01146,1700819652,1700819673,21
frontier01222,1700819665,1700819682,17
frontier01224,1700819665,1700819681,16
frontier01241,1700819633,1700819646,13
frontier01242,1700819657,1700819679,22
frontier01243,1700819623,1700819627,4
frontier01245,1700819673,1700819682,9
frontier01246,1700819657,1700819680,23
frontier01247,1700819657,1700819680,23
frontier01248,1700819657,1700819679,22
frontier01250,1700819657,1700819679,22
frontier01252,1700819658,1700819680,22
frontier01253,1700819666,1700819681,15
frontier01254,1700819657,1700819679,22
frontier01255,1700819665,1700819681,16
frontier01257,1700819665,1700819680,15
frontier01258,1700819657,1700819679,22
frontier01259,1700819657,1700819678,21
frontier01260,1700819665,1700819681,16
frontier01262,1700819657,1700819679,22
frontier01263,1700819664,1700819681,17
frontier01264,1700819657,1700819679,22
frontier01265,1700819657,1700819679,22
frontier01266,1700819645,1700819658,13
frontier01269,1700819644,1700819653,9
frontier01270,1700819657,1700819679,22
frontier01271,1700819644,1700819654,10
frontier01272,1700819645,1700819654,9
frontier01273,1700819664,1700819680,16
frontier01274,1700819657,1700819679,22
frontier01357,1700819665,1700819681,16
frontier01358,1700819665,1700819681,16
frontier01365,1700819658,1700819680,22
frontier01367,1700819645,1700819654,9
frontier01369,1700819623,1700819627,4
frontier01370,1700819673,1700819682,9
frontier01372,1700819673,1700819682,9
frontier01373,1700819673,1700819682,9
frontier01374,1700819665,1700819681,16
frontier01375,1700819645,1700819654,9
frontier01376,1700819673,1700819682,9
frontier01377,1700819665,1700819681,16
frontier01378,1700819646,1700819657,11
frontier01379,1700819657,1700819679,22
frontier01381,1700819623,1700819627,4
frontier01383,1700819644,1700819654,10
frontier01384,1700819658,1700819680,22
frontier01385,1700819657,1700819679,22
frontier01386,1700819636,1700819648,12
frontier01388,1700819657,1700819679,22
frontier01389,1700819657,1700819679,22
frontier01390,1700819657,1700819678,21
frontier01391,1700819665,1700819682,17
frontier01392,1700819657,1700819679,22
frontier01393,1700819636,1700819648,12
frontier01394,1700819657,1700819679,22
frontier01395,1700819657,1700819679,22
frontier01396,1700819673,1700819682,9
frontier01397,1700819665,1700819681,16
frontier01398,1700819644,1700819653,9
frontier01399,1700819665,1700819682,17
frontier01476,1700819673,1700819682,9
frontier01478,1700819671,1700819682,11
frontier01502,1700819644,1700819654,10
frontier01503,1700819673,1700819682,9
frontier01504,1700819657,1700819679,22
frontier01505,1700819673,1700819682,9
frontier01506,1700819674,1700819682,8
frontier01507,1700819657,1700819679,22
frontier01508,1700819673,1700819682,9
frontier01509,1700819665,1700819681,16
frontier01510,1700819657,1700819679,22
frontier01511,1700819655,1700819677,22
frontier01512,1700819657,1700819679,22
frontier01513,1700819657,1700819679,22
frontier01514,1700819673,1700819682,9
frontier01515,1700819665,1700819681,16
frontier01516,1700819657,1700819679,22
frontier01517,1700819666,1700819682,16
frontier01518,1700819657,1700819679,22
frontier01520,1700819658,1700819680,22
frontier01521,1700819657,1700819679,22
frontier01522,1700819629,1700819637,8
frontier01523,1700819674,1700819682,8
frontier01524,1700819657,1700819679,22
frontier01525,1700819644,1700819654,10
frontier01526,1700819644,1700819654,10
frontier01527,1700819657,1700819679,22
frontier01528,1700819644,1700819654,10
frontier01529,1700819644,1700819654,10
frontier01530,1700819623,1700819627,4
frontier01531,1700819645,1700819653,8
frontier01614,1700819665,1700819681,16
frontier01615,1700819665,1700819681,16
frontier01616,1700819674,1700819682,8
frontier01622,1700819657,1700819679,22
frontier01626,1700819674,1700819682,8
frontier01627,1700819673,1700819682,9
frontier01629,1700819673,1700819682,9
frontier01633,1700819665,1700819681,16
frontier01634,1700819666,1700819682,16
frontier01635,1700819657,1700819679,22
frontier01636,1700819673,1700819682,9
frontier01637,1700819631,1700819645,14
frontier01638,1700819673,1700819682,9
frontier01639,1700819644,1700819654,10
frontier01640,1700819658,1700819680,22
frontier01642,1700819665,1700819681,16
frontier01643,1700819673,1700819682,9
frontier01644,1700819657,1700819679,22
frontier01646,1700819658,1700819680,22
frontier01647,1700819673,1700819682,9
frontier01648,1700819657,1700819679,22
frontier01650,1700819673,1700819682,9
frontier01651,1700819673,1700819682,9
frontier01653,1700819670,1700819682,12
frontier01654,1700819673,1700819682,9
frontier01655,1700819673,1700819682,9
frontier01656,1700819657,1700819679,22
frontier01657,1700819657,1700819678,21
frontier01658,1700819665,1700819682,17
frontier01659,1700819673,1700819682,9
frontier01660,1700819657,1700819679,22
frontier01690,1700819665,1700819682,17
frontier01752,1700819673,1700819682,9
frontier01753,1700819665,1700819681,16
frontier01754,1700819657,1700819679,22
frontier01755,1700819673,1700819682,9
frontier01756,1700819658,1700819680,22
frontier01757,1700819665,1700819682,17
frontier01758,1700819658,1700819680,22
frontier01759,1700819633,1700819647,14
frontier01760,1700819657,1700819679,22
frontier01761,1700819628,1700819632,4
frontier01762,1700819665,1700819681,16
frontier01763,1700819665,1700819681,16
frontier01764,1700819673,1700819682,9
frontier01765,1700819673,1700819682,9
frontier01766,1700819657,1700819679,22
frontier01767,1700819657,1700819679,22
frontier01768,1700819665,1700819681,16
frontier01769,1700819657,1700819678,21
frontier01771,1700819657,1700819679,22
frontier01772,1700819658,1700819680,22
frontier01773,1700819657,1700819679,22
frontier01774,1700819664,1700819680,16
frontier01775,1700819645,1700819657,12
frontier01776,1700819673,1700819682,9
frontier01777,1700819628,1700819631,3
frontier01778,1700819665,1700819682,17
frontier01779,1700819673,1700819682,9
frontier01780,1700819673,1700819682,9
frontier01781,1700819633,1700819646,13
frontier01783,1700819657,1700819679,22
frontier01870,1700819634,1700819647,13
frontier01871,1700819657,1700819679,22
frontier01872,1700819657,1700819679,22
frontier01873,1700819673,1700819682,9
frontier01874,1700819674,1700819682,8
frontier01875,1700819673,1700819682,9
frontier01876,1700819657,1700819679,22
frontier01877,1700819665,1700819681,16
frontier01878,1700819657,1700819679,22
frontier01879,1700819673,1700819682,9
frontier01880,1700819657,1700819679,22
frontier01881,1700819664,1700819681,17
frontier01882,1700819673,1700819682,9
frontier01883,1700819657,1700819679,22
frontier01884,1700819637,1700819648,11
frontier01885,1700819657,1700819680,23
frontier01886,1700819645,1700819653,8
frontier01887,1700819644,1700819654,10
frontier01888,1700819657,1700819680,23
frontier01889,1700819657,1700819679,22
frontier01890,1700819657,1700819679,22
frontier01891,1700819673,1700819682,9
frontier01892,1700819665,1700819681,16
frontier01893,1700819673,1700819682,9
frontier01894,1700819632,1700819646,14
frontier01895,1700819657,1700819679,22
frontier01897,1700819673,1700819682,9
frontier01898,1700819657,1700819678,21
frontier01899,1700819644,1700819654,10
frontier01901,1700819657,1700819679,22
frontier01905,1700819627,1700819630,3
frontier01988,1700819673,1700819682,9
frontier02008,1700819665,1700819681,16
frontier02009,1700819657,1700819680,23
frontier02010,1700819673,1700819682,9
frontier02011,1700819665,1700819681,16
frontier02012,1700819673,1700819682,9
frontier02013,1700819657,1700819678,21
frontier02014,1700819657,1700819679,22
frontier02015,1700819623,1700819627,4
frontier02016,1700819657,1700819679,22
frontier02017,1700819644,1700819654,10
frontier02018,1700819675,1700819683,8
frontier02019,1700819657,1700819679,22
frontier02020,1700819665,1700819682,17
frontier02021,1700819657,1700819679,22
frontier02022,1700819673,1700819682,9
frontier02023,1700819673,1700819682,9
frontier02024,1700819657,1700819679,22
frontier02026,1700819633,1700819646,13
frontier02027,1700819673,1700819682,9
frontier02028,1700819664,1700819680,16
frontier02029,1700819674,1700819682,8
frontier02030,1700819657,1700819679,22
frontier02032,1700819665,1700819682,17
frontier02033,1700819629,1700819633,4
frontier02034,1700819665,1700819681,16
frontier02036,1700819673,1700819682,9
frontier02037,1700819673,1700819682,9
frontier02038,1700819657,1700819679,22
frontier02039,1700819657,1700819679,22
frontier02040,1700819657,1700819679,22
frontier02126,1700819666,1700819682,16
frontier02127,1700819673,1700819682,9
frontier02128,1700819657,1700819678,21
frontier02129,1700819673,1700819682,9
frontier02130,1700819673,1700819682,9
frontier02132,1700819657,1700819679,22
frontier02133,1700819657,1700819679,22
frontier02134,1700819645,1700819652,7
frontier02135,1700819616,1700819619,3
frontier02136,1700819646,1700819677,31
frontier02138,1700819650,1700819677,27
frontier02139,1700819636,1700819647,11
frontier02140,1700819622,1700819627,5
frontier02141,1700819644,1700819654,10
frontier02142,1700819673,1700819682,9
frontier02143,1700819637,1700819651,14
frontier02144,1700819657,1700819679,22
frontier02157,1700819657,1700819679,22
frontier02158,1700819657,1700819679,22
frontier02159,1700819664,1700819680,16
frontier02160,1700819658,1700819680,22
frontier02161,1700819664,1700819680,16
frontier02162,1700819671,1700819682,11
frontier02163,1700819665,1700819681,16
frontier02164,1700819633,1700819646,13
frontier02166,1700819673,1700819682,9
frontier02174,1700819657,1700819679,22
frontier02175,1700819666,1700819682,16
frontier02176,1700819657,1700819679,22
frontier02205,1700819657,1700819679,22
frontier02265,1700819644,1700819655,11
frontier02266,1700819657,1700819679,22
frontier02269,1700819673,1700819682,9
frontier02270,1700819658,1700819679,21
frontier02271,1700819623,1700819627,4
frontier02272,1700819665,1700819681,16
frontier02273,1700819665,1700819681,16
frontier02274,1700819629,1700819641,12
frontier02275,1700819657,1700819679,22
frontier02276,1700819673,1700819682,9
frontier02277,1700819657,1700819679,22
frontier02278,1700819673,1700819682,9
frontier02280,1700819657,1700819679,22
frontier02281,1700819644,1700819652,8
frontier02283,1700819644,1700819654,10
frontier02285,1700819657,1700819678,21
frontier02286,1700819645,1700819652,7
frontier02287,1700819657,1700819680,23
frontier02288,1700819657,1700819679,22
frontier02289,1700819673,1700819682,9
frontier02290,1700819665,1700819681,16
frontier02292,1700819645,1700819655,10
frontier02293,1700819673,1700819682,9
frontier02295,1700819666,1700819682,16
frontier02296,1700819665,1700819681,16
frontier02302,1700819673,1700819682,9
frontier02303,1700819673,1700819682,9
frontier02304,1700819657,1700819679,22
frontier02382,1700819627,1700819632,5
frontier02383,1700819617,1700819621,4
frontier02384,1700819657,1700819679,22
frontier02387,1700819657,1700819679,22
frontier02394,1700819657,1700819679,22
frontier02396,1700819665,1700819680,15
frontier02398,1700819657,1700819679,22
frontier02399,1700819644,1700819654,10
frontier02400,1700819673,1700819682,9
frontier02401,1700819673,1700819682,9
frontier02402,1700819657,1700819679,22
frontier02403,1700819657,1700819679,22
frontier02404,1700819657,1700819679,22
frontier02405,1700819666,1700819682,16
frontier02406,1700819657,1700819679,22
frontier02407,1700819657,1700819679,22
frontier02408,1700819644,1700819655,11
frontier02409,1700819666,1700819682,16
frontier02410,1700819644,1700819654,10
frontier02411,1700819673,1700819682,9
frontier02412,1700819673,1700819682,9
frontier02413,1700819657,1700819679,22
frontier02414,1700819644,1700819653,9
frontier02415,1700819673,1700819682,9
frontier02418,1700819657,1700819679,22
frontier02420,1700819623,1700819627,4
frontier02421,1700819673,1700819682,9
frontier02431,1700819645,1700819654,9
frontier02432,1700819673,1700819682,9
frontier02496,1700819658,1700819680,22
frontier02520,1700819627,1700819630,3
frontier02521,1700819674,1700819682,8
frontier02523,1700819644,1700819654,10
frontier02524,1700819665,1700819682,17
frontier02525,1700819657,1700819679,22
frontier02526,1700819665,1700819681,16
frontier02527,1700819673,1700819682,9
frontier02528,1700819645,1700819655,10
frontier02529,1700819665,1700819682,17
frontier02530,1700819646,1700819654,8
frontier02531,1700819673,1700819682,9
frontier02535,1700819666,1700819682,16
frontier02536,1700819657,1700819679,22
frontier02540,1700819657,1700819679,22
frontier02541,1700819657,1700819679,22
frontier02542,1700819674,1700819682,8
frontier02543,1700819629,1700819632,3
frontier02544,1700819673,1700819682,9
frontier02549,1700819657,1700819678,21
frontier02552,1700819633,1700819646,13
frontier02553,1700819644,1700819654,10
frontier02554,1700819673,1700819682,9
frontier02555,1700819664,1700819680,16
frontier02556,1700819673,1700819682,9
frontier02557,1700819658,1700819680,22
frontier02558,1700819657,1700819678,21
frontier02559,1700819673,1700819682,9
frontier02560,1700819658,1700819680,22
frontier02641,1700819673,1700819682,9
frontier02642,1700819657,1700819679,22
frontier02643,1700819666,1700819682,16
frontier02645,1700819665,1700819682,17
frontier02646,1700819673,1700819682,9
frontier02649,1700819673,1700819682,9
frontier02651,1700819673,1700819682,9
frontier02652,1700819673,1700819682,9
frontier02662,1700819673,1700819682,9
frontier02668,1700819658,1700819680,22
frontier02669,1700819657,1700819677,20
frontier02671,1700819645,1700819653,8
frontier02672,1700819665,1700819682,17
frontier02673,1700819664,1700819680,16
frontier02674,1700819673,1700819682,9
frontier02675,1700819644,1700819654,10
frontier02678,1700819628,1700819631,3
frontier02679,1700819657,1700819679,22
frontier02681,1700819673,1700819682,9
frontier02682,1700819657,1700819679,22
frontier02683,1700819627,1700819630,3
frontier02684,1700819657,1700819679,22
frontier02685,1700819633,1700819646,13
frontier02686,1700819657,1700819679,22
frontier02687,1700819664,1700819680,16
frontier02688,1700819657,1700819679,22
frontier02753,1700819658,1700819680,22
frontier02776,1700819657,1700819679,22
frontier02777,1700819664,1700819681,17
frontier02779,1700819657,1700819679,22
frontier02782,1700819673,1700819682,9
frontier02783,1700819673,1700819682,9
frontier02784,1700819666,1700819682,16
frontier02785,1700819657,1700819679,22
frontier02786,1700819673,1700819682,9
frontier02787,1700819673,1700819682,9
frontier02788,1700819673,1700819682,9
frontier02789,1700819673,1700819682,9
frontier02790,1700819645,1700819652,7
frontier02791,1700819644,1700819654,10
frontier02792,1700819644,1700819654,10
frontier02793,1700819619,1700819622,3
frontier02794,1700819647,1700819677,30
frontier02795,1700819629,1700819645,16
frontier02796,1700819657,1700819679,22
frontier02797,1700819657,1700819679,22
frontier02798,1700819657,1700819679,22
frontier02799,1700819625,1700819630,5
frontier02800,1700819645,1700819660,15
frontier02801,1700819673,1700819682,9
frontier02802,1700819665,1700819681,16
frontier02803,1700819657,1700819679,22
frontier02804,1700819633,1700819651,18
frontier02805,1700819657,1700819679,22
frontier02806,1700819673,1700819682,9
frontier02807,1700819620,1700819623,3
frontier02808,1700819644,1700819654,10
frontier02841,1700819657,1700819679,22
frontier02904,1700819671,1700819682,11
frontier02905,1700819657,1700819679,22
frontier02906,1700819657,1700819679,22
frontier02907,1700819657,1700819679,22
frontier02908,1700819673,1700819682,9
frontier02909,1700819633,1700819647,14
frontier02910,1700819673,1700819682,9
frontier02911,1700819673,1700819682,9
frontier02912,1700819673,1700819682,9
frontier02913,1700819673,1700819682,9
frontier02914,1700819658,1700819680,22
frontier02915,1700819629,1700819632,3
frontier02916,1700819657,1700819679,22
frontier02917,1700819673,1700819682,9
frontier02918,1700819665,1700819680,15
frontier02919,1700819624,1700819627,3
frontier02920,1700819673,1700819682,9
frontier02921,1700819665,1700819681,16
frontier02922,1700819657,1700819679,22
frontier02923,1700819645,1700819654,9
frontier02924,1700819665,1700819680,15
frontier02925,1700819657,1700819679,22
frontier02926,1700819657,1700819679,22
frontier02927,1700819655,1700819675,20
frontier02928,1700819665,1700819681,16
frontier02930,1700819646,1700819655,9
frontier02931,1700819645,1700819652,7
frontier02932,1700819657,1700819679,22
frontier02933,1700819657,1700819679,22
frontier02934,1700819673,1700819682,9
frontier03022,1700819674,1700819682,8
frontier03023,1700819657,1700819679,22
frontier03024,1700819644,1700819657,13
frontier03025,1700819657,1700819680,23
frontier03026,1700819673,1700819682,9
frontier03028,1700819673,1700819682,9
frontier03029,1700819644,1700819654,10
frontier03030,1700819629,1700819641,12
frontier03031,1700819671,1700819682,11
frontier03032,1700819644,1700819654,10
frontier03033,1700819665,1700819682,17
frontier03034,1700819664,1700819680,16
frontier03035,1700819665,1700819680,15
frontier03036,1700819673,1700819682,9
frontier03037,1700819657,1700819679,22
frontier03038,1700819673,1700819682,9
frontier03039,1700819665,1700819680,15
frontier03040,1700819627,1700819630,3
frontier03041,1700819673,1700819682,9
frontier03042,1700819645,1700819653,8
frontier03043,1700819645,1700819653,8
frontier03044,1700819645,1700819654,9
frontier03046,1700819657,1700819679,22
frontier03048,1700819673,1700819682,9
frontier03051,1700819673,1700819682,9
frontier03052,1700819671,1700819682,11
frontier03053,1700819657,1700819679,22
frontier03054,1700819644,1700819654,10
frontier03055,1700819674,1700819682,8
frontier03056,1700819666,1700819682,16
frontier03058,1700819673,1700819682,9
frontier03132,1700819657,1700819679,22
frontier03160,1700819673,1700819682,9
frontier03161,1700819657,1700819679,22
frontier03162,1700819666,1700819682,16
frontier03163,1700819645,1700819654,9
frontier03164,1700819658,1700819680,22
frontier03166,1700819657,1700819679,22
frontier03167,1700819673,1700819682,9
frontier03168,1700819664,1700819681,17
frontier03169,1700819673,1700819682,9
frontier03170,1700819657,1700819679,22
frontier03171,1700819644,1700819654,10
frontier03173,1700819665,1700819680,15
frontier03174,1700819644,1700819652,8
frontier03175,1700819645,1700819653,8
frontier03176,1700819622,1700819625,3
frontier03177,1700819644,1700819654,10
frontier03178,1700819644,1700819654,10
frontier03179,1700819664,1700819681,17
frontier03180,1700819644,1700819654,10
frontier03181,1700819666,1700819682,16
frontier03182,1700819673,1700819682,9
frontier03183,1700819658,1700819680,22
frontier03184,1700819657,1700819679,22
frontier03185,1700819657,1700819679,22
frontier03186,1700819657,1700819678,21
frontier03187,1700819657,1700819679,22
frontier03188,1700819657,1700819679,22
frontier03189,1700819645,1700819652,7
frontier03190,1700819673,1700819682,9
frontier03191,1700819665,1700819681,16
frontier03278,1700819657,1700819679,22
frontier03279,1700819628,1700819631,3
frontier03280,1700819657,1700819679,22
frontier03281,1700819673,1700819682,9
frontier03282,1700819646,1700819658,12
frontier03284,1700819673,1700819682,9
frontier03285,1700819657,1700819679,22
frontier03286,1700819657,1700819679,22
frontier03287,1700819657,1700819679,22
frontier03288,1700819623,1700819627,4
frontier03289,1700819664,1700819681,17
frontier03290,1700819665,1700819681,16
frontier03291,1700819628,1700819631,3
frontier03292,1700819665,1700819681,16
frontier03293,1700819657,1700819679,22
frontier03294,1700819673,1700819682,9
frontier03295,1700819674,1700819682,8
frontier03296,1700819657,1700819679,22
frontier03297,1700819644,1700819653,9
frontier03298,1700819646,1700819678,32
frontier03299,1700819645,1700819653,8
frontier03300,1700819623,1700819627,4
frontier03301,1700819657,1700819680,23
frontier03303,1700819644,1700819654,10
frontier03304,1700819657,1700819679,22
frontier03305,1700819657,1700819679,22
frontier03306,1700819637,1700819653,16
frontier03307,1700819657,1700819679,22
frontier03308,1700819657,1700819677,20
frontier03309,1700819645,1700819652,7
frontier03310,1700819646,1700819678,32
frontier03354,1700819657,1700819679,22
frontier03416,1700819665,1700819681,16
frontier03417,1700819629,1700819632,3
frontier03418,1700819658,1700819680,22
frontier03419,1700819655,1700819675,20
frontier03420,1700819665,1700819681,16
frontier03422,1700819665,1700819681,16
frontier03423,1700819645,1700819658,13
frontier03424,1700819657,1700819679,22
frontier03425,1700819665,1700819681,16
frontier03426,1700819657,1700819679,22
frontier03427,1700819657,1700819679,22
frontier03428,1700819657,1700819679,22
frontier03429,1700819657,1700819679,22
frontier03430,1700819673,1700819682,9
frontier03431,1700819645,1700819653,8
frontier03432,1700819633,1700819646,13
frontier03433,1700819657,1700819679,22
frontier03434,1700819665,1700819681,16
frontier03435,1700819657,1700819679,22
frontier03436,1700819665,1700819681,16
frontier03437,1700819657,1700819680,23
frontier03438,1700819658,1700819679,21
frontier03439,1700819657,1700819679,22
frontier03440,1700819644,1700819654,10
frontier03441,1700819657,1700819679,22
frontier03442,1700819658,1700819680,22
frontier03443,1700819657,1700819679,22
frontier03444,1700819644,1700819654,10
frontier03445,1700819665,1700819681,16
frontier03446,1700819657,1700819679,22
frontier03534,1700819657,1700819678,21
frontier03535,1700819673,1700819682,9
frontier03536,1700819657,1700819679,22
frontier03537,1700819644,1700819654,10
frontier03538,1700819645,1700819654,9
frontier03540,1700819657,1700819678,21
frontier03541,1700819658,1700819680,22
frontier03542,1700819665,1700819682,17
frontier03543,1700819657,1700819679,22
frontier03544,1700819645,1700819652,7
frontier03547,1700819646,1700819658,12
frontier03548,1700819666,1700819682,16
frontier03550,1700819645,1700819652,7
frontier03551,1700819673,1700819682,9
frontier03553,1700819644,1700819654,10
frontier03555,1700819657,1700819679,22
frontier03561,1700819673,1700819682,9
frontier03562,1700819646,1700819655,9
frontier03563,1700819645,1700819653,8
frontier03564,1700819673,1700819682,9
frontier03567,1700819633,1700819646,13
frontier03568,1700819673,1700819682,9
frontier03569,1700819665,1700819681,16
frontier03570,1700819657,1700819679,22
frontier03571,1700819655,1700819677,22
frontier03572,1700819634,1700819647,13
frontier03573,1700819644,1700819654,10
frontier03574,1700819624,1700819627,3
frontier03575,1700819645,1700819654,9
frontier03576,1700819624,1700819627,3
frontier03577,1700819658,1700819680,22
frontier03652,1700819646,1700819658,12
frontier03671,1700819657,1700819679,22
frontier03672,1700819657,1700819679,22
frontier03673,1700819673,1700819682,9
frontier03674,1700819673,1700819682,9
frontier03675,1700819671,1700819682,11
frontier03676,1700819673,1700819682,9
frontier03679,1700819673,1700819682,9
frontier03680,1700819657,1700819679,22
frontier03681,1700819657,1700819679,22
frontier03682,1700819673,1700819682,9
frontier03683,1700819673,1700819682,9
frontier03684,1700819675,1700819682,7
frontier03685,1700819657,1700819679,22
frontier03686,1700819673,1700819682,9
frontier03687,1700819673,1700819682,9
frontier03688,1700819665,1700819682,17
frontier03689,1700819657,1700819679,22
frontier03690,1700819657,1700819677,20
frontier03691,1700819645,1700819654,9
frontier03692,1700819645,1700819654,9
frontier03693,1700819645,1700819652,7
frontier03694,1700819657,1700819680,23
frontier03695,1700819646,1700819677,31
frontier03696,1700819645,1700819653,8
frontier03697,1700819629,1700819637,8
frontier03698,1700819646,1700819678,32
frontier03699,1700819634,1700819648,14
frontier03700,1700819657,1700819679,22
frontier03701,1700819671,1700819682,11
frontier03711,1700819673,1700819682,9
frontier03789,1700819645,1700819654,9
frontier03790,1700819644,1700819654,10
frontier03791,1700819666,1700819682,16
frontier03792,1700819644,1700819652,8
frontier03793,1700819665,1700819681,16
frontier03794,1700819673,1700819682,9
frontier03795,1700819657,1700819679,22
frontier03796,1700819665,1700819681,16
frontier03797,1700819657,1700819679,22
frontier03798,1700819657,1700819679,22
frontier03799,1700819657,1700819679,22
frontier03800,1700819673,1700819682,9
frontier03801,1700819673,1700819682,9
frontier03802,1700819673,1700819682,9
frontier03803,1700819673,1700819682,9
frontier03807,1700819623,1700819627,4
frontier03808,1700819674,1700819683,9
frontier03812,1700819665,1700819681,16
frontier03814,1700819657,1700819679,22
frontier03816,1700819673,1700819682,9
frontier03817,1700819673,1700819682,9
frontier03818,1700819670,1700819681,11
frontier03819,1700819634,1700819647,13
frontier03820,1700819674,1700819682,8
frontier03821,1700819627,1700819631,4
frontier03823,1700819657,1700819679,22
frontier03824,1700819657,1700819679,22
frontier03825,1700819629,1700819636,7
frontier03826,1700819657,1700819679,22
frontier03827,1700819673,1700819682,9
frontier03828,1700819666,1700819682,16
frontier03916,1700819657,1700819679,22
frontier03918,1700819644,1700819654,10
frontier03921,1700819644,1700819654,10
frontier03923,1700819645,1700819652,7
frontier03924,1700819657,1700819678,21
frontier03926,1700819657,1700819679,22
frontier03929,1700819645,1700819652,7
frontier03934,1700819674,1700819682,8
frontier03935,1700819673,1700819682,9
frontier03936,1700819657,1700819679,22
frontier03937,1700819674,1700819682,8
frontier03938,1700819630,1700819641,11
frontier03939,1700819623,1700819627,4
frontier03940,1700819673,1700819682,9
frontier03941,1700819658,1700819680,22
frontier03942,1700819666,1700819682,16
frontier03943,1700819644,1700819654,10
frontier03944,1700819644,1700819652,8
frontier03945,1700819645,1700819654,9
frontier03946,1700819616,1700819618,2
frontier03947,1700819645,1700819654,9
frontier03948,1700819657,1700819680,23
frontier03949,1700819629,1700819638,9
frontier03950,1700819673,1700819682,9
frontier03951,1700819624,1700819627,3
frontier03952,1700819657,1700819679,22
frontier03953,1700819673,1700819682,9
frontier03954,1700819657,1700819679,22
frontier03955,1700819673,1700819682,9
frontier03956,1700819673,1700819682,9
frontier03968,1700819673,1700819682,9
frontier04014,1700819664,1700819681,17
frontier04055,1700819644,1700819652,8
frontier04056,1700819644,1700819654,10
frontier04057,1700819615,1700819618,3
frontier04058,1700819674,1700819682,8
frontier04059,1700819673,1700819682,9
frontier04060,1700819628,1700819631,3
frontier04062,1700819657,1700819679,22
frontier04063,1700819665,1700819682,17
frontier04064,1700819673,1700819682,9
frontier04065,1700819628,1700819632,4
frontier04066,1700819657,1700819679,22
frontier04067,1700819673,1700819682,9
frontier04068,1700819657,1700819679,22
frontier04069,1700819657,1700819679,22
frontier04070,1700819645,1700819652,7
frontier04071,1700819649,1700819678,29
frontier04072,1700819633,1700819646,13
frontier04073,1700819657,1700819679,22
frontier04074,1700819657,1700819679,22
frontier04075,1700819623,1700819627,4
frontier04076,1700819657,1700819679,22
frontier04077,1700819665,1700819681,16
frontier04078,1700819665,1700819681,16
frontier04079,1700819658,1700819680,22
frontier04080,1700819666,1700819682,16
frontier04081,1700819657,1700819679,22
frontier04082,1700819671,1700819682,11
frontier04083,1700819657,1700819679,22
frontier04084,1700819665,1700819681,16
frontier04085,1700819673,1700819682,9
frontier04151,1700819664,1700819681,17
frontier04180,1700819645,1700819652,7
frontier04181,1700819657,1700819677,20
frontier04183,1700819628,1700819631,3
frontier04185,1700819644,1700819654,10
frontier04187,1700819657,1700819678,21
frontier04188,1700819673,1700819682,9
frontier04189,1700819657,1700819678,21
frontier04191,1700819629,1700819633,4
frontier04192,1700819657,1700819679,22
frontier04193,1700819657,1700819679,22
frontier04194,1700819657,1700819679,22
frontier04195,1700819665,1700819681,16
frontier04197,1700819673,1700819682,9
frontier04198,1700819634,1700819647,13
frontier04199,1700819664,1700819680,16
frontier04200,1700819673,1700819682,9
frontier04201,1700819665,1700819681,16
frontier04202,1700819657,1700819679,22
frontier04203,1700819665,1700819682,17
frontier04204,1700819657,1700819679,22
frontier04205,1700819673,1700819682,9
frontier04206,1700819673,1700819682,9
frontier04207,1700819673,1700819682,9
frontier04208,1700819671,1700819682,11
frontier04209,1700819657,1700819679,22
frontier04210,1700819657,1700819679,22
frontier04211,1700819666,1700819682,16
frontier04212,1700819657,1700819679,22
frontier04213,1700819666,1700819682,16
frontier04214,1700819665,1700819681,16
frontier04301,1700819657,1700819678,21
frontier04302,1700819658,1700819680,22
frontier04303,1700819665,1700819681,16
frontier04304,1700819673,1700819682,9
frontier04305,1700819657,1700819679,22
frontier04308,1700819657,1700819680,23
frontier04309,1700819657,1700819679,22
frontier04310,1700819657,1700819679,22
frontier04311,1700819657,1700819679,22
frontier04312,1700819665,1700819680,15
frontier04313,1700819673,1700819682,9
frontier04314,1700819657,1700819679,22
frontier04315,1700819628,1700819631,3
frontier04316,1700819665,1700819681,16
frontier04317,1700819674,1700819682,8
frontier04318,1700819673,1700819682,9
frontier04319,1700819673,1700819682,9
frontier04320,1700819657,1700819680,23
frontier04321,1700819645,1700819657,12
frontier04322,1700819673,1700819682,9
frontier04323,1700819644,1700819654,10
frontier04324,1700819657,1700819679,22
frontier04325,1700819657,1700819679,22
frontier04326,1700819673,1700819682,9
frontier04327,1700819658,1700819680,22
frontier04328,1700819658,1700819680,22
frontier04329,1700819657,1700819680,23
frontier04330,1700819673,1700819682,9
frontier04331,1700819665,1700819681,16
frontier04332,1700819658,1700819680,22
frontier04333,1700819673,1700819682,9
frontier04357,1700819671,1700819682,11
frontier04431,1700819673,1700819682,9
frontier04432,1700819673,1700819682,9
frontier04433,1700819670,1700819681,11
frontier04434,1700819666,1700819682,16
frontier04436,1700819666,1700819682,16
frontier04437,1700819641,1700819652,11
frontier04438,1700819673,1700819682,9
frontier04439,1700819657,1700819679,22
frontier04440,1700819673,1700819682,9
frontier04441,1700819644,1700819654,10
frontier04442,1700819645,1700819654,9
frontier04443,1700819645,1700819654,9
frontier04444,1700819671,1700819682,11
frontier04445,1700819657,1700819679,22
frontier04446,1700819657,1700819679,22
frontier04447,1700819657,1700819679,22
frontier04448,1700819665,1700819681,16
frontier04449,1700819671,1700819682,11
frontier04450,1700819657,1700819678,21
frontier04457,1700819673,1700819682,9
frontier04459,1700819665,1700819681,16
frontier04460,1700819673,1700819682,9
frontier04461,1700819657,1700819679,22
frontier04462,1700819657,1700819678,21
frontier04463,1700819658,1700819680,22
frontier04464,1700819657,1700819679,22
frontier04465,1700819657,1700819679,22
frontier04466,1700819657,1700819679,22
frontier04467,1700819665,1700819681,16
frontier04470,1700819664,1700819680,16
frontier04540,1700819657,1700819679,22
frontier04566,1700819657,1700819679,22
frontier04567,1700819657,1700819679,22
frontier04568,1700819671,1700819682,11
frontier04569,1700819673,1700819682,9
frontier04570,1700819674,1700819682,8
frontier04573,1700819645,1700819652,7
frontier04574,1700819673,1700819682,9
frontier04575,1700819657,1700819679,22
frontier04576,1700819657,1700819679,22
frontier04577,1700819665,1700819682,17
frontier04578,1700819645,1700819652,7
frontier04579,1700819644,1700819654,10
frontier04580,1700819657,1700819677,20
frontier04581,1700819673,1700819682,9
frontier04582,1700819674,1700819682,8
frontier04583,1700819657,1700819679,22
frontier04584,1700819657,1700819679,22
frontier04585,1700819658,1700819680,22
frontier04586,1700819652,1700819673,21
frontier04587,1700819666,1700819682,16
frontier04588,1700819644,1700819654,10
frontier04589,1700819657,1700819680,23
frontier04590,1700819657,1700819678,21
frontier04591,1700819644,1700819654,10
frontier04592,1700819673,1700819682,9
frontier04593,1700819644,1700819654,10
frontier04594,1700819628,1700819631,3
frontier04595,1700819657,1700819679,22
frontier04605,1700819664,1700819681,17
frontier04606,1700819629,1700819645,16
frontier04632,1700819657,1700819679,22
frontier04694,1700819673,1700819682,9
frontier04695,1700819664,1700819681,17
frontier04696,1700819657,1700819679,22
frontier04697,1700819666,1700819682,16
frontier04698,1700819673,1700819682,9
frontier04699,1700819673,1700819682,9
frontier04700,1700819673,1700819682,9
frontier04701,1700819673,1700819682,9
frontier04702,1700819630,1700819642,12
frontier04703,1700819673,1700819682,9
frontier04704,1700819665,1700819680,15
frontier04705,1700819657,1700819678,21
frontier04706,1700819657,1700819678,21
frontier04707,1700819657,1700819678,21
frontier04708,1700819675,1700819682,7
frontier04709,1700819673,1700819682,9
frontier04710,1700819657,1700819679,22
frontier04711,1700819673,1700819682,9
frontier04712,1700819669,1700819681,12
frontier04713,1700819629,1700819636,7
frontier04714,1700819673,1700819682,9
frontier04715,1700819629,1700819642,13
frontier04716,1700819665,1700819681,16
frontier04717,1700819657,1700819679,22
frontier04718,1700819633,1700819647,14
frontier04719,1700819657,1700819679,22
frontier04720,1700819657,1700819679,22
frontier04721,1700819673,1700819682,9
frontier04722,1700819664,1700819680,16
frontier04723,1700819644,1700819654,10
frontier04778,1700819657,1700819679,22
frontier04780,1700819636,1700819648,12
frontier04784,1700819629,1700819631,2
frontier04787,1700819673,1700819682,9
frontier04788,1700819657,1700819679,22
frontier04789,1700819665,1700819682,17
frontier04791,1700819657,1700819679,22
frontier04794,1700819673,1700819682,9
frontier04798,1700819658,1700819680,22
frontier04803,1700819657,1700819679,22
frontier04807,1700819644,1700819654,10
frontier04808,1700819657,1700819679,22
frontier04809,1700819675,1700819682,7
frontier04810,1700819673,1700819682,9
frontier04811,1700819674,1700819682,8
frontier04813,1700819671,1700819682,11
frontier04817,1700819673,1700819682,9
frontier04838,1700819666,1700819681,15
frontier04839,1700819644,1700819654,10
frontier04840,1700819645,1700819654,9
frontier04841,1700819645,1700819653,8
frontier04842,1700819657,1700819680,23
frontier04843,1700819623,1700819627,4
frontier04844,1700819657,1700819680,23
frontier04845,1700819657,1700819678,21
frontier04846,1700819664,1700819681,17
frontier04847,1700819673,1700819682,9
frontier04848,1700819673,1700819682,9
frontier04849,1700819657,1700819679,22
frontier04850,1700819666,1700819682,16
frontier04851,1700819657,1700819679,22
frontier04898,1700819645,1700819653,8
frontier04951,1700819673,1700819682,9
frontier04952,1700819673,1700819682,9
frontier04953,1700819657,1700819679,22
frontier04954,1700819657,1700819679,22
frontier04955,1700819633,1700819647,14
frontier04956,1700819673,1700819682,9
frontier04957,1700819673,1700819682,9
frontier04958,1700819657,1700819679,22
frontier04959,1700819657,1700819679,22
frontier04960,1700819623,1700819627,4
frontier04961,1700819664,1700819681,17
frontier04962,1700819657,1700819679,22
frontier04963,1700819657,1700819679,22
frontier04964,1700819634,1700819647,13
frontier04965,1700819645,1700819654,9
frontier04966,1700819666,1700819681,15
frontier04967,1700819657,1700819679,22
frontier04968,1700819673,1700819682,9
frontier04969,1700819673,1700819682,9
frontier04970,1700819657,1700819679,22
frontier04971,1700819657,1700819679,22
frontier04972,1700819657,1700819679,22
frontier04973,1700819674,1700819682,8
frontier04974,1700819673,1700819682,9
frontier04975,1700819657,1700819680,23
frontier04976,1700819664,1700819680,16
frontier04977,1700819664,1700819681,17
frontier04978,1700819673,1700819682,9
frontier04979,1700819673,1700819682,9
frontier04980,1700819673,1700819682,9
frontier05069,1700819657,1700819679,22
frontier05070,1700819625,1700819627,2
frontier05071,1700819673,1700819682,9
frontier05072,1700819673,1700819682,9
frontier05073,1700819623,1700819627,4
frontier05074,1700819657,1700819679,22
frontier05075,1700819673,1700819682,9
frontier05076,1700819657,1700819679,22
frontier05077,1700819657,1700819680,23
frontier05078,1700819674,1700819682,8
frontier05079,1700819665,1700819681,16
frontier05080,1700819634,1700819647,13
frontier05081,1700819666,1700819681,15
frontier05082,1700819673,1700819682,9
frontier05083,1700819665,1700819681,16
frontier05084,1700819673,1700819682,9
frontier05085,1700819665,1700819681,16
frontier05086,1700819657,1700819679,22
frontier05087,1700819673,1700819682,9
frontier05088,1700819665,1700819681,16
frontier05089,1700819645,1700819655,10
frontier05090,1700819623,1700819627,4
frontier05091,1700819673,1700819682,9
frontier05092,1700819673,1700819682,9
frontier05093,1700819644,1700819654,10
frontier05094,1700819665,1700819681,16
frontier05095,1700819657,1700819678,21
frontier05096,1700819657,1700819679,22
frontier05100,1700819644,1700819654,10
frontier05101,1700819657,1700819677,20
frontier05102,1700819673,1700819682,9
frontier05142,1700819644,1700819654,10
frontier05169,1700819673,1700819682,9
frontier05173,1700819657,1700819680,23
frontier05185,1700819657,1700819678,21
frontier05190,1700819657,1700819679,22
frontier05192,1700819657,1700819680,23
frontier05211,1700819629,1700819634,5
frontier05212,1700819657,1700819679,22
frontier05213,1700819658,1700819680,22
frontier05214,1700819664,1700819680,16
frontier05215,1700819657,1700819679,22
frontier05216,1700819657,1700819679,22
frontier05217,1700819673,1700819682,9
frontier05218,1700819664,1700819680,16
frontier05219,1700819673,1700819682,9
frontier05220,1700819673,1700819682,9
frontier05221,1700819665,1700819681,16
frontier05222,1700819673,1700819682,9
frontier05223,1700819644,1700819654,10
frontier05224,1700819645,1700819652,7
frontier05225,1700819644,1700819654,10
frontier05226,1700819644,1700819654,10
frontier05227,1700819644,1700819654,10
frontier05228,1700819657,1700819679,22
frontier05229,1700819666,1700819682,16
frontier05230,1700819657,1700819679,22
frontier05231,1700819664,1700819681,17
frontier05232,1700819673,1700819682,9
frontier05233,1700819673,1700819682,9
frontier05234,1700819673,1700819682,9
frontier05235,1700819673,1700819682,9
frontier05325,1700819644,1700819654,10
frontier05326,1700819657,1700819679,22
frontier05327,1700819657,1700819678,21
frontier05328,1700819624,1700819627,3
frontier05329,1700819673,1700819682,9
frontier05330,1700819657,1700819679,22
frontier05331,1700819628,1700819631,3
frontier05332,1700819666,1700819682,16
frontier05333,1700819633,1700819646,13
frontier05334,1700819657,1700819679,22
frontier05335,1700819657,1700819679,22
frontier05336,1700819657,1700819679,22
frontier05337,1700819657,1700819679,22
frontier05338,1700819664,1700819681,17
frontier05339,1700819657,1700819679,22
frontier05340,1700819657,1700819678,21
frontier05341,1700819657,1700819680,23
frontier05342,1700819665,1700819680,15
frontier05343,1700819673,1700819682,9
frontier05344,1700819665,1700819681,16
frontier05345,1700819671,1700819682,11
frontier05346,1700819670,1700819682,12
frontier05347,1700819664,1700819680,16
frontier05348,1700819657,1700819679,22
frontier05349,1700819625,1700819629,4
frontier05350,1700819665,1700819681,16
frontier05351,1700819673,1700819682,9
frontier05352,1700819657,1700819679,22
frontier05353,1700819669,1700819682,13
frontier05354,1700819664,1700819681,17
frontier05355,1700819657,1700819679,22
frontier05447,1700819634,1700819646,12
frontier05450,1700819645,1700819653,8
frontier05451,1700819657,1700819677,20
frontier05452,1700819644,1700819651,7
frontier05456,1700819657,1700819678,21
frontier05463,1700819622,1700819625,3
frontier05464,1700819666,1700819682,16
frontier05465,1700819657,1700819679,22
frontier05466,1700819674,1700819682,8
frontier05468,1700819657,1700819678,21
frontier05469,1700819673,1700819682,9
frontier05470,1700819671,1700819682,11
frontier05471,1700819657,1700819679,22
frontier05472,1700819657,1700819678,21
frontier05473,1700819665,1700819681,16
frontier05474,1700819657,1700819679,22
frontier05475,1700819665,1700819682,17
frontier05476,1700819657,1700819679,22
frontier05477,1700819673,1700819682,9
frontier05478,1700819657,1700819679,22
frontier05479,1700819657,1700819679,22
frontier05480,1700819657,1700819679,22
frontier05481,1700819666,1700819682,16
frontier05482,1700819665,1700819681,16
frontier05483,1700819665,1700819681,16
frontier05484,1700819673,1700819682,9
frontier05485,1700819665,1700819681,16
frontier05486,1700819657,1700819679,22
frontier05488,1700819644,1700819654,10
frontier05489,1700819671,1700819682,11
frontier05490,1700819657,1700819679,22
frontier05528,1700819673,1700819682,9
frontier05559,1700819657,1700819679,22
frontier05583,1700819658,1700819680,22
frontier05584,1700819666,1700819682,16
frontier05585,1700819657,1700819679,22
frontier05586,1700819673,1700819682,9
frontier05587,1700819673,1700819682,9
frontier05588,1700819673,1700819682,9
frontier05589,1700819624,1700819627,3
frontier05590,1700819665,1700819681,16
frontier05591,1700819657,1700819679,22
frontier05592,1700819657,1700819679,22
frontier05593,1700819673,1700819682,9
frontier05594,1700819671,1700819682,11
frontier05595,1700819657,1700819679,22
frontier05596,1700819664,1700819681,17
frontier05597,1700819657,1700819679,22
frontier05598,1700819665,1700819681,16
frontier05599,1700819665,1700819681,16
frontier05600,1700819657,1700819679,22
frontier05601,1700819645,1700819652,7
frontier05602,1700819657,1700819680,23
frontier05603,1700819657,1700819679,22
frontier05604,1700819657,1700819679,22
frontier05605,1700819657,1700819679,22
frontier05606,1700819657,1700819679,22
frontier05607,1700819673,1700819682,9
frontier05608,1700819657,1700819679,22
frontier05609,1700819671,1700819682,11
frontier05610,1700819645,1700819654,9
frontier05611,1700819665,1700819682,17
frontier05709,1700819666,1700819682,16
frontier05710,1700819657,1700819679,22
frontier05711,1700819657,1700819679,22
frontier05712,1700819674,1700819682,8
frontier05713,1700819665,1700819681,16
frontier05714,1700819673,1700819682,9
frontier05715,1700819664,1700819680,16
frontier05716,1700819673,1700819682,9
frontier05717,1700819673,1700819682,9
frontier05718,1700819644,1700819655,11
frontier05719,1700819645,1700819653,8
frontier05720,1700819657,1700819679,22
frontier05721,1700819657,1700819679,22
frontier05722,1700819665,1700819681,16
frontier05723,1700819673,1700819682,9
frontier05724,1700819673,1700819682,9
frontier05725,1700819665,1700819680,15
frontier05726,1700819623,1700819627,4
frontier05727,1700819633,1700819646,13
frontier05728,1700819658,1700819680,22
frontier05729,1700819657,1700819679,22
frontier05730,1700819657,1700819679,22
frontier05731,1700819657,1700819679,22
frontier05732,1700819671,1700819682,11
frontier05733,1700819657,1700819678,21
frontier05734,1700819671,1700819682,11
frontier05735,1700819669,1700819682,13
frontier05736,1700819657,1700819679,22
frontier05737,1700819633,1700819646,13
frontier05738,1700819657,1700819679,22
frontier05739,1700819657,1700819679,22
frontier05831,1700819673,1700819682,9
frontier05833,1700819666,1700819682,16
frontier05837,1700819673,1700819682,9
frontier05840,1700819664,1700819680,16
frontier05841,1700819666,1700819682,16
frontier05842,1700819657,1700819679,22
frontier05843,1700819673,1700819682,9
frontier05844,1700819673,1700819682,9
frontier05845,1700819673,1700819682,9
frontier05846,1700819673,1700819682,9
frontier05847,1700819657,1700819679,22
frontier05848,1700819673,1700819682,9
frontier05849,1700819673,1700819682,9
frontier05850,1700819657,1700819679,22
frontier05851,1700819623,1700819627,4
frontier05852,1700819623,1700819627,4
frontier05853,1700819666,1700819682,16
frontier05854,1700819657,1700819679,22
frontier05855,1700819632,1700819646,14
frontier05856,1700819644,1700819654,10
frontier05857,1700819644,1700819654,10
frontier05858,1700819673,1700819682,9
frontier05859,1700819671,1700819682,11
frontier05860,1700819665,1700819681,16
frontier05861,1700819657,1700819679,22
frontier05862,1700819666,1700819682,16
frontier05863,1700819657,1700819679,22
frontier05864,1700819657,1700819679,22
frontier05865,1700819664,1700819680,16
frontier05866,1700819622,1700819627,5
frontier05867,1700819673,1700819682,9
frontier05897,1700819644,1700819653,9
frontier05966,1700819627,1700819631,4
frontier05967,1700819665,1700819682,17
frontier05968,1700819644,1700819654,10
frontier05969,1700819658,1700819680,22
frontier05970,1700819673,1700819682,9
frontier05971,1700819665,1700819681,16
frontier05972,1700819630,1700819634,4
frontier05973,1700819665,1700819681,16
frontier05974,1700819657,1700819679,22
frontier05975,1700819673,1700819682,9
frontier05976,1700819655,1700819678,23
frontier05977,1700819652,1700819666,14
frontier05978,1700819651,1700819677,26
frontier05979,1700819673,1700819682,9
frontier05980,1700819664,1700819680,16
frontier05981,1700819664,1700819680,16
frontier05982,1700819665,1700819681,16
frontier05983,1700819657,1700819678,21
frontier05984,1700819657,1700819679,22
frontier05985,1700819665,1700819681,16
frontier05986,1700819657,1700819679,22
frontier05987,1700819673,1700819682,9
frontier05988,1700819665,1700819681,16
frontier05989,1700819657,1700819678,21
frontier05990,1700819665,1700819682,17
frontier05991,1700819633,1700819646,13
frontier05992,1700819657,1700819679,22
frontier05993,1700819673,1700819682,9
frontier05996,1700819665,1700819681,16
frontier05997,1700819657,1700819679,22
frontier06043,1700819645,1700819652,7
frontier06044,1700819657,1700819678,21
frontier06059,1700819673,1700819682,9
frontier06104,1700819633,1700819646,13
frontier06105,1700819657,1700819679,22
frontier06106,1700819664,1700819680,16
frontier06107,1700819657,1700819678,21
frontier06108,1700819673,1700819682,9
frontier06109,1700819673,1700819682,9
frontier06110,1700819657,1700819679,22
frontier06111,1700819657,1700819679,22
frontier06112,1700819645,1700819654,9
frontier06113,1700819628,1700819630,2
frontier06114,1700819657,1700819678,21
frontier06115,1700819657,1700819679,22
frontier06116,1700819664,1700819680,16
frontier06117,1700819644,1700819657,13
frontier06118,1700819664,1700819680,16
frontier06119,1700819657,1700819679,22
frontier06120,1700819658,1700819681,23
frontier06121,1700819657,1700819679,22
frontier06122,1700819673,1700819682,9
frontier06123,1700819657,1700819679,22
frontier06124,1700819665,1700819681,16
frontier06125,1700819657,1700819680,23
frontier06126,1700819657,1700819679,22
frontier06127,1700819657,1700819679,22
frontier06128,1700819657,1700819679,22
frontier06129,1700819657,1700819679,22
frontier06130,1700819644,1700819655,11
frontier06131,1700819658,1700819680,22
frontier06167,1700819665,1700819681,16
frontier06168,1700819657,1700819680,23
frontier06174,1700819657,1700819676,19
frontier06212,1700819665,1700819680,15
frontier06225,1700819628,1700819632,4
frontier06226,1700819633,1700819646,13
frontier06227,1700819657,1700819679,22
frontier06228,1700819673,1700819682,9
frontier06229,1700819657,1700819679,22
frontier06230,1700819657,1700819679,22
frontier06231,1700819658,1700819680,22
frontier06232,1700819657,1700819679,22
frontier06233,1700819657,1700819679,22
frontier06234,1700819665,1700819682,17
frontier06235,1700819657,1700819679,22
frontier06238,1700819673,1700819682,9
frontier06239,1700819674,1700819682,8
frontier06240,1700819657,1700819679,22
frontier06241,1700819666,1700819682,16
frontier06242,1700819673,1700819682,9
frontier06243,1700819673,1700819682,9
frontier06244,1700819673,1700819682,9
frontier06245,1700819657,1700819679,22
frontier06246,1700819674,1700819682,8
frontier06247,1700819665,1700819682,17
frontier06248,1700819674,1700819682,8
frontier06249,1700819657,1700819680,23
frontier06250,1700819665,1700819681,16
frontier06252,1700819658,1700819680,22
frontier06253,1700819644,1700819653,9
frontier06254,1700819657,1700819678,21
frontier06288,1700819644,1700819653,9
frontier06297,1700819673,1700819682,9
frontier06323,1700819657,1700819678,21
frontier06324,1700819645,1700819651,6
frontier06336,1700819665,1700819680,15
frontier06339,1700819637,1700819651,14
frontier06344,1700819644,1700819650,6
frontier06362,1700819673,1700819682,9
frontier06363,1700819673,1700819682,9
frontier06364,1700819671,1700819682,11
frontier06365,1700819657,1700819679,22
frontier06367,1700819673,1700819682,9
frontier06368,1700819657,1700819679,22
frontier06369,1700819671,1700819682,11
frontier06370,1700819632,1700819646,14
frontier06371,1700819665,1700819682,17
frontier06372,1700819669,1700819682,13
frontier06374,1700819673,1700819682,9
frontier06375,1700819674,1700819682,8
frontier06376,1700819657,1700819679,22
frontier06377,1700819674,1700819682,8
frontier06378,1700819657,1700819679,22
frontier06379,1700819657,1700819677,20
frontier06381,1700819657,1700819679,22
frontier06383,1700819649,1700819678,29
frontier06384,1700819657,1700819679,22
frontier06385,1700819665,1700819682,17
frontier06386,1700819633,1700819646,13
frontier06387,1700819657,1700819679,22
frontier06388,1700819673,1700819682,9
frontier06389,1700819657,1700819679,22
frontier06413,1700819646,1700819678,32
frontier06440,1700819666,1700819682,16
frontier06472,1700819665,1700819681,16
frontier06479,1700819657,1700819677,20
frontier06484,1700819666,1700819682,16
frontier06487,1700819623,1700819627,4
frontier06488,1700819665,1700819682,17
frontier06489,1700819657,1700819679,22
frontier06490,1700819657,1700819679,22
frontier06491,1700819657,1700819679,22
frontier06492,1700819657,1700819678,21
frontier06493,1700819673,1700819682,9
frontier06494,1700819657,1700819679,22
frontier06495,1700819673,1700819682,9
frontier06496,1700819673,1700819682,9
frontier06499,1700819665,1700819681,16
frontier06500,1700819657,1700819679,22
frontier06501,1700819658,1700819680,22
frontier06502,1700819673,1700819682,9
frontier06503,1700819673,1700819682,9
frontier06504,1700819657,1700819679,22
frontier06505,1700819666,1700819682,16
frontier06506,1700819673,1700819682,9
frontier06507,1700819673,1700819682,9
frontier06508,1700819673,1700819682,9
frontier06509,1700819673,1700819682,9
frontier06510,1700819673,1700819682,9
frontier06512,1700819634,1700819647,13
frontier06513,1700819666,1700819682,16
frontier06514,1700819658,1700819680,22
frontier06515,1700819664,1700819680,16
frontier06540,1700819657,1700819679,22
frontier06561,1700819644,1700819653,9
frontier06598,1700819657,1700819678,21
frontier06610,1700819664,1700819681,17
frontier06611,1700819645,1700819651,6
frontier06612,1700819657,1700819678,21
frontier06613,1700819642,1700819653,11
frontier06614,1700819645,1700819653,8
frontier06615,1700819630,1700819642,12
frontier06616,1700819657,1700819679,22
frontier06617,1700819673,1700819682,9
frontier06618,1700819657,1700819679,22
frontier06619,1700819665,1700819681,16
frontier06620,1700819673,1700819682,9
frontier06621,1700819657,1700819679,22
frontier06622,1700819664,1700819681,17
frontier06623,1700819657,1700819678,21
frontier06626,1700819673,1700819682,9
frontier06627,1700819657,1700819679,22
frontier06628,1700819657,1700819679,22
frontier06629,1700819665,1700819681,16
frontier06630,1700819657,1700819679,22
frontier06631,1700819665,1700819681,16
frontier06632,1700819623,1700819627,4
frontier06633,1700819673,1700819682,9
frontier06634,1700819657,1700819679,22
frontier06635,1700819671,1700819682,11
frontier06636,1700819673,1700819682,9
frontier06637,1700819657,1700819679,22
frontier06638,1700819645,1700819652,7
frontier06639,1700819657,1700819679,22
frontier06662,1700819645,1700819651,6
frontier06667,1700819645,1700819654,9
frontier06729,1700819658,1700819680,22
frontier06736,1700819665,1700819681,16
frontier06737,1700819671,1700819682,11
frontier06738,1700819673,1700819682,9
frontier06739,1700819671,1700819682,11
frontier06740,1700819657,1700819679,22
frontier06741,1700819673,1700819682,9
frontier06742,1700819670,1700819682,12
frontier06743,1700819665,1700819681,16
frontier06744,1700819657,1700819679,22
frontier06745,1700819671,1700819682,11
frontier06746,1700819673,1700819682,9
frontier06747,1700819657,1700819679,22
frontier06748,1700819673,1700819682,9
frontier06749,1700819657,1700819679,22
frontier06750,1700819637,1700819648,11
frontier06752,1700819657,1700819678,21
frontier06753,1700819657,1700819679,22
frontier06755,1700819629,1700819645,16
frontier06756,1700819666,1700819681,15
frontier06757,1700819657,1700819679,22
frontier06758,1700819673,1700819682,9
frontier06759,1700819673,1700819682,9
frontier06760,1700819666,1700819682,16
frontier06761,1700819673,1700819682,9
frontier06762,1700819674,1700819682,8
frontier06763,1700819657,1700819679,22
frontier06764,1700819664,1700819680,16
frontier06765,1700819645,1700819654,9
frontier06869,1700819673,1700819682,9
frontier06870,1700819633,1700819646,13
frontier06871,1700819673,1700819682,9
frontier06872,1700819665,1700819681,16
frontier06873,1700819664,1700819680,16
frontier06874,1700819657,1700819679,22
frontier06875,1700819666,1700819681,15
frontier06876,1700819657,1700819679,22
frontier06877,1700819673,1700819682,9
frontier06878,1700819657,1700819679,22
frontier06879,1700819657,1700819679,22
frontier06880,1700819650,1700819678,28
frontier06881,1700819657,1700819679,22
frontier06882,1700819657,1700819679,22
frontier06883,1700819673,1700819682,9
frontier06884,1700819644,1700819654,10
frontier06887,1700819674,1700819682,8
frontier06888,1700819657,1700819678,21
frontier06889,1700819673,1700819682,9
frontier06890,1700819658,1700819680,22
frontier06891,1700819657,1700819679,22
frontier06892,1700819616,1700819618,2
frontier06893,1700819657,1700819679,22
frontier06894,1700819657,1700819679,22
frontier06895,1700819657,1700819679,22
frontier06896,1700819665,1700819681,16
frontier06897,1700819670,1700819682,12
frontier06898,1700819657,1700819679,22
frontier06899,1700819658,1700819680,22
frontier06900,1700819657,1700819679,22
frontier06901,1700819657,1700819679,22
frontier06993,1700819632,1700819646,14
frontier06995,1700819673,1700819682,9
frontier06996,1700819673,1700819682,9
frontier06997,1700819673,1700819682,9
frontier06998,1700819633,1700819647,14
frontier06999,1700819644,1700819654,10
frontier07000,1700819657,1700819679,22
frontier07001,1700819657,1700819679,22
frontier07002,1700819657,1700819678,21
frontier07003,1700819657,1700819679,22
frontier07004,1700819664,1700819680,16
frontier07005,1700819657,1700819680,23
frontier07007,1700819657,1700819679,22
frontier07008,1700819665,1700819681,16
frontier07010,1700819646,1700819654,8
frontier07011,1700819623,1700819627,4
frontier07012,1700819657,1700819678,21
frontier07013,1700819636,1700819647,11
frontier07014,1700819665,1700819682,17
frontier07015,1700819645,1700819650,5
frontier07017,1700819657,1700819679,22
frontier07020,1700819646,1700819678,32
frontier07021,1700819629,1700819631,2
frontier07022,1700819673,1700819682,9
frontier07023,1700819673,1700819682,9
frontier07024,1700819665,1700819681,16
frontier07026,1700819665,1700819682,17
frontier07027,1700819657,1700819679,22
frontier07028,1700819665,1700819682,17
frontier07029,1700819673,1700819682,9
frontier07122,1700819644,1700819654,10
frontier07123,1700819657,1700819679,22
frontier07124,1700819657,1700819679,22
frontier07125,1700819658,1700819680,22
frontier07126,1700819673,1700819682,9
frontier07127,1700819665,1700819680,15
frontier07128,1700819657,1700819679,22
frontier07129,1700819666,1700819682,16
frontier07130,1700819623,1700819627,4
frontier07131,1700819657,1700819680,23
frontier07132,1700819624,1700819627,3
frontier07133,1700819664,1700819680,16
frontier07134,1700819655,1700819677,22
frontier07135,1700819657,1700819679,22
frontier07137,1700819657,1700819679,22
frontier07139,1700819657,1700819679,22
frontier07141,1700819645,1700819658,13
frontier07143,1700819624,1700819627,3
frontier07144,1700819664,1700819680,16
frontier07145,1700819657,1700819679,22
frontier07146,1700819657,1700819679,22
frontier07147,1700819657,1700819679,22
frontier07148,1700819665,1700819681,16
frontier07150,1700819665,1700819682,17
frontier07151,1700819664,1700819680,16
frontier07152,1700819675,1700819682,7
frontier07153,1700819633,1700819646,13
frontier07154,1700819673,1700819682,9
frontier07156,1700819657,1700819679,22
frontier07157,1700819665,1700819681,16
frontier07248,1700819616,1700819618,2
frontier07249,1700819657,1700819679,22
frontier07250,1700819657,1700819679,22
frontier07251,1700819665,1700819680,15
frontier07252,1700819673,1700819682,9
frontier07253,1700819673,1700819682,9
frontier07254,1700819644,1700819652,8
frontier07255,1700819657,1700819679,22
frontier07256,1700819657,1700819679,22
frontier07257,1700819673,1700819682,9
frontier07258,1700819671,1700819682,11
frontier07259,1700819673,1700819682,9
frontier07262,1700819673,1700819682,9
frontier07263,1700819644,1700819655,11
frontier07265,1700819673,1700819682,9
frontier07266,1700819674,1700819682,8
frontier07267,1700819673,1700819682,9
frontier07268,1700819644,1700819651,7
frontier07269,1700819644,1700819654,10
frontier07270,1700819644,1700819654,10
frontier07271,1700819653,1700819677,24
frontier07272,1700819645,1700819654,9
frontier07273,1700819673,1700819682,9
frontier07274,1700819673,1700819682,9
frontier07277,1700819657,1700819679,22
frontier07278,1700819673,1700819682,9
frontier07279,1700819658,1700819679,21
frontier07280,1700819673,1700819682,9
frontier07281,1700819657,1700819677,20
frontier07282,1700819657,1700819679,22
frontier07376,1700819665,1700819681,16
frontier07377,1700819657,1700819679,22
frontier07378,1700819646,1700819653,7
frontier07380,1700819666,1700819682,16
frontier07381,1700819673,1700819682,9
frontier07382,1700819657,1700819679,22
frontier07383,1700819673,1700819682,9
frontier07384,1700819673,1700819682,9
frontier07385,1700819657,1700819678,21
frontier07386,1700819665,1700819681,16
frontier07387,1700819657,1700819679,22
frontier07388,1700819665,1700819681,16
frontier07389,1700819657,1700819679,22
frontier07390,1700819671,1700819682,11
frontier07391,1700819657,1700819678,21
frontier07392,1700819673,1700819682,9
frontier07393,1700819664,1700819680,16
frontier07394,1700819657,1700819679,22
frontier07396,1700819670,1700819682,12
frontier07397,1700819665,1700819682,17
frontier07398,1700819645,1700819652,7
frontier07399,1700819665,1700819681,16
frontier07400,1700819657,1700819679,22
frontier07401,1700819666,1700819682,16
frontier07402,1700819671,1700819682,11
frontier07405,1700819671,1700819682,11
frontier07406,1700819664,1700819680,16
frontier07408,1700819640,1700819653,13
frontier07410,1700819673,1700819682,9
frontier07411,1700819657,1700819679,22
frontier07501,1700819673,1700819682,9
frontier07502,1700819673,1700819682,9
frontier07504,1700819657,1700819679,22
frontier07505,1700819657,1700819680,23
frontier07506,1700819657,1700819679,22
frontier07507,1700819657,1700819679,22
frontier07508,1700819669,1700819682,13
frontier07509,1700819633,1700819647,14
frontier07510,1700819644,1700819654,10
frontier07511,1700819665,1700819681,16
frontier07512,1700819666,1700819682,16
frontier07513,1700819657,1700819679,22
frontier07514,1700819673,1700819682,9
frontier07518,1700819665,1700819681,16
frontier07519,1700819645,1700819654,9
frontier07520,1700819657,1700819679,22
frontier07521,1700819645,1700819652,7
frontier07523,1700819673,1700819682,9
frontier07524,1700819644,1700819654,10
frontier07525,1700819645,1700819655,10
frontier07526,1700819673,1700819682,9
frontier07527,1700819673,1700819682,9
frontier07529,1700819657,1700819680,23
frontier07530,1700819657,1700819679,22
frontier07531,1700819664,1700819680,16
frontier07533,1700819665,1700819681,16
frontier07534,1700819657,1700819679,22
frontier07535,1700819655,1700819676,21
frontier07538,1700819657,1700819679,22
frontier07657,1700819665,1700819681,16
frontier07658,1700819634,1700819647,13
frontier07660,1700819673,1700819682,9
frontier07661,1700819657,1700819678,21
frontier07662,1700819665,1700819681,16
frontier07663,1700819665,1700819681,16
frontier07664,1700819670,1700819681,11
frontier07670,1700819665,1700819680,15
frontier07673,1700819673,1700819682,9
frontier07680,1700819665,1700819682,17
frontier07791,1700819657,1700819678,21
frontier07792,1700819665,1700819682,17
frontier07801,1700819644,1700819654,10
frontier07802,1700819657,1700819680,23
frontier07803,1700819644,1700819654,10
frontier07804,1700819650,1700819677,27
frontier07805,1700819644,1700819651,7
frontier07806,1700819645,1700819653,8
frontier07807,1700819657,1700819678,21
frontier07808,1700819657,1700819679,22
frontier07913,1700819674,1700819682,8
frontier07914,1700819665,1700819682,17
frontier07927,1700819617,1700819619,2
frontier07928,1700819657,1700819680,23
frontier07929,1700819657,1700819679,22
frontier07930,1700819673,1700819682,9
frontier07931,1700819665,1700819681,16
frontier07932,1700819665,1700819681,16
frontier07933,1700819657,1700819679,22
frontier07934,1700819664,1700819680,16
frontier07936,1700819657,1700819679,22
frontier08036,1700819673,1700819682,9
frontier08037,1700819673,1700819682,9
frontier08039,1700819644,1700819655,11
frontier08060,1700819671,1700819682,11
frontier08062,1700819674,1700819682,8
frontier08063,1700819657,1700819679,22
frontier08064,1700819623,1700819627,4
frontier08134,1700819657,1700819679,22
frontier08135,1700819644,1700819654,10
frontier08136,1700819657,1700819678,21
frontier08143,1700819657,1700819679,22
frontier08153,1700819666,1700819681,15
frontier08154,1700819669,1700819681,12
frontier08157,1700819644,1700819654,10
frontier08161,1700819673,1700819682,9
frontier08162,1700819665,1700819682,17
frontier08163,1700819657,1700819679,22
frontier08164,1700819665,1700819682,17
frontier08165,1700819657,1700819679,22
frontier08166,1700819632,1700819645,13
frontier08167,1700819664,1700819680,16
frontier08168,1700819657,1700819679,22
frontier08169,1700819665,1700819681,16
frontier08260,1700819658,1700819680,22
frontier08261,1700819657,1700819679,22
frontier08262,1700819670,1700819681,11
frontier08263,1700819623,1700819627,4
frontier08264,1700819657,1700819680,23
frontier08265,1700819657,1700819679,22
frontier08266,1700819673,1700819682,9
frontier08267,1700819673,1700819682,9
frontier08268,1700819657,1700819679,22
frontier08293,1700819657,1700819679,22
frontier08294,1700819657,1700819679,22
frontier08298,1700819657,1700819679,22
frontier08299,1700819665,1700819682,17
frontier08302,1700819673,1700819682,9
frontier08304,1700819673,1700819682,9
frontier08419,1700819666,1700819682,16
frontier08420,1700819657,1700819679,22
frontier08423,1700819645,1700819652,7
frontier08424,1700819673,1700819682,9
frontier08425,1700819673,1700819682,9
frontier08426,1700819673,1700819682,9
frontier08427,1700819665,1700819681,16
frontier08428,1700819657,1700819679,22
frontier08429,1700819671,1700819682,11
frontier08430,1700819625,1700819627,2
frontier08434,1700819657,1700819679,22
frontier08435,1700819665,1700819680,15
frontier08436,1700819673,1700819682,9
frontier08446,1700819657,1700819679,22
frontier08447,1700819673,1700819682,9
frontier08553,1700819665,1700819681,16
frontier08554,1700819629,1700819637,8
frontier08555,1700819657,1700819679,22
frontier08556,1700819665,1700819681,16
frontier08557,1700819665,1700819681,16
frontier08558,1700819658,1700819680,22
frontier08564,1700819673,1700819682,9
frontier08565,1700819673,1700819682,9
frontier08566,1700819657,1700819679,22
frontier08567,1700819671,1700819682,11
frontier08568,1700819657,1700819679,22
frontier08569,1700819671,1700819682,11
frontier08573,1700819673,1700819682,9
frontier08576,1700819657,1700819679,22
frontier08675,1700819665,1700819681,16
frontier08676,1700819673,1700819682,9
frontier08677,1700819671,1700819682,11
frontier08681,1700819645,1700819653,8
frontier08682,1700819630,1700819642,12
frontier08683,1700819644,1700819654,10
frontier08684,1700819644,1700819654,10
frontier08685,1700819644,1700819651,7
frontier08689,1700819665,1700819680,15
frontier08690,1700819657,1700819679,22
frontier08691,1700819623,1700819627,4
frontier08692,1700819665,1700819680,15
frontier08693,1700819669,1700819682,13
frontier08694,1700819674,1700819682,8
frontier08695,1700819673,1700819682,9
frontier08696,1700819645,1700819657,12
frontier08697,1700819657,1700819679,22
frontier08698,1700819673,1700819682,9
frontier08700,1700819657,1700819679,22
frontier08702,1700819645,1700819654,9
frontier08703,1700819644,1700819651,7
frontier08704,1700819657,1700819679,22
frontier08790,1700819673,1700819682,9
frontier08791,1700819657,1700819679,22
frontier08792,1700819657,1700819679,22
frontier08793,1700819673,1700819682,9
frontier08794,1700819657,1700819680,23
frontier08796,1700819673,1700819682,9
frontier08798,1700819625,1700819627,2
frontier08799,1700819657,1700819679,22
frontier08804,1700819665,1700819681,16
frontier08806,1700819674,1700819682,8
frontier08807,1700819673,1700819682,9
frontier08808,1700819673,1700819682,9
frontier08934,1700819623,1700819627,4
frontier08935,1700819671,1700819682,11
frontier08936,1700819673,1700819682,9
frontier08937,1700819673,1700819682,9
frontier08938,1700819623,1700819627,4
frontier08939,1700819657,1700819679,22
frontier08940,1700819666,1700819682,16
frontier08941,1700819629,1700819637,8
frontier08942,1700819673,1700819682,9
frontier08946,1700819673,1700819682,9
frontier08947,1700819658,1700819680,22
frontier08948,1700819657,1700819679,22
frontier08949,1700819657,1700819679,22
frontier08950,1700819657,1700819679,22
frontier09046,1700819673,1700819682,9
frontier09048,1700819623,1700819627,4
frontier09053,1700819666,1700819681,15
frontier09070,1700819665,1700819681,16
frontier09075,1700819673,1700819682,9
frontier09081,1700819633,1700819646,13
frontier09082,1700819665,1700819681,16
frontier09083,1700819657,1700819679,22
frontier09084,1700819673,1700819682,9
frontier09085,1700819657,1700819679,22
frontier09086,1700819673,1700819682,9
frontier09088,1700819665,1700819681,16
frontier10207,1700819673,1700819682,9
frontier10208,1700819665,1700819681,16
frontier10211,1700819673,1700819682,9
frontier10212,1700819666,1700819682,16
frontier10213,1700819657,1700819679,22
frontier10214,1700819657,1700819679,22
frontier10215,1700819657,1700819677,20
frontier10216,1700819645,1700819653,8
frontier10217,1700819645,1700819652,7
frontier10218,1700819657,1700819679,22
frontier10219,1700819665,1700819681,16
frontier10220,1700819664,1700819681,17
frontier10229,1700819673,1700819682,9
frontier10327,1700819658,1700819680,22
frontier10328,1700819673,1700819682,9
frontier10329,1700819624,1700819627,3
frontier10330,1700819657,1700819679,22
frontier10331,1700819673,1700819682,9
frontier10333,1700819657,1700819679,22
frontier10334,1700819657,1700819679,22
frontier10335,1700819673,1700819682,9
frontier10336,1700819657,1700819679,22
frontier10337,1700819673,1700819682,9
frontier10338,1700819655,1700819677,22
frontier10374,1700819644,1700819654,10
frontier10453,1700819634,1700819647,13
frontier10454,1700819657,1700819680,23
frontier10455,1700819673,1700819682,9
frontier10456,1700819657,1700819679,22
frontier10491,1700819673,1700819682,9
frontier10492,1700819645,1700819654,9
frontier10494,1700819673,1700819682,9
frontier10495,1700819658,1700819680,22
frontier10496,1700819645,1700819654,9
