frontier00002,1703521941,1703521945,4
frontier00003,1703521963,1703521974,11
frontier00004,1703521982,1703521991,9
frontier00005,1703522041,1703522106,65
frontier00006,1703522041,1703522106,65
frontier00007,1703521944,1703521948,4
frontier00008,1703521950,1703521954,4
frontier00009,1703522004,1703522016,12
frontier00010,1703521952,1703521965,13
frontier00011,1703521941,1703521944,3
frontier00012,1703522041,1703522106,65
frontier00013,1703521952,1703521966,14
frontier00014,1703521998,1703522006,8
frontier00015,1703521978,1703521990,12
frontier00016,1703521953,1703521966,13
frontier00017,1703522118,1703522123,5
frontier00018,1703522089,1703522116,27
frontier00019,1703522060,1703522113,53
frontier00020,1703522025,1703522066,41
frontier00021,1703522041,1703522106,65
frontier00022,1703522053,1703522108,55
frontier00023,1703522042,1703522108,66
frontier00024,1703522069,1703522114,45
frontier00025,1703521942,1703521946,4
frontier00026,1703521972,1703521981,9
frontier00027,1703522118,1703522122,4
frontier00028,1703521979,1703521987,8
frontier00029,1703522055,1703522111,56
frontier00030,1703522113,1703522122,9
frontier00031,1703522090,1703522117,27
frontier00032,1703522004,1703522021,17
frontier00046,1703521940,1703521945,5
frontier00047,1703522089,1703522116,27
frontier00048,1703521939,1703521943,4
frontier00049,1703522068,1703522113,45
frontier00050,1703522041,1703522106,65
frontier00051,1703522088,1703522116,28
frontier00052,1703522117,1703522122,5
frontier00053,1703521973,1703521981,8
frontier00054,1703522090,1703522117,27
frontier00055,1703522116,1703522123,7
frontier00056,1703522068,1703522113,45
frontier00057,1703521996,1703522004,8
frontier00058,1703522085,1703522115,30
frontier00061,1703522090,1703522116,26
frontier00062,1703522088,1703522116,28
frontier00063,1703522041,1703522106,65
frontier00064,1703522041,1703522106,65
frontier00065,1703522041,1703522105,64
frontier00066,1703522063,1703522113,50
frontier00067,1703521972,1703521980,8
frontier00068,1703522089,1703522117,28
frontier00069,1703522041,1703522106,65
frontier00070,1703522088,1703522116,28
frontier00071,1703521979,1703521988,9
frontier00072,1703522121,1703522124,3
frontier00073,1703522060,1703522113,53
frontier00074,1703521990,1703521999,9
frontier00075,1703522086,1703522116,30
frontier00076,1703522054,1703522110,56
frontier00077,1703522041,1703522106,65
frontier00078,1703522000,1703522005,5
frontier00079,1703522015,1703522053,38
frontier00080,1703522086,1703522115,29
frontier00081,1703522054,1703522110,56
frontier00082,1703522041,1703522106,65
frontier00083,1703522041,1703522106,65
frontier00084,1703522016,1703522054,38
frontier00085,1703522091,1703522117,26
frontier00086,1703522011,1703522034,23
frontier00087,1703522041,1703522106,65
frontier00088,1703522014,1703522041,27
frontier00089,1703522115,1703522121,6
frontier00090,1703522125,1703522127,2
frontier00091,1703522054,1703522110,56
frontier00092,1703522122,1703522124,2
frontier00094,1703522005,1703522027,22
frontier00095,1703522024,1703522064,40
frontier00096,1703522012,1703522034,22
frontier00097,1703522006,1703522021,15
frontier00098,1703522041,1703522107,66
frontier00099,1703522041,1703522105,64
frontier00129,1703522087,1703522116,29
frontier00130,1703521953,1703521968,15
frontier00131,1703522087,1703522115,28
frontier00132,1703522051,1703522108,57
frontier00133,1703522068,1703522114,46
frontier00134,1703521972,1703521980,8
frontier00135,1703522089,1703522117,28
frontier00137,1703522041,1703522105,64
frontier00138,1703522045,1703522107,62
frontier00139,1703522103,1703522119,16
frontier00140,1703522086,1703522116,30
frontier00141,1703522014,1703522041,27
frontier00143,1703522085,1703522115,30
frontier00144,1703522115,1703522122,7
frontier00145,1703522041,1703522106,65
frontier00146,1703522041,1703522105,64
frontier00147,1703522119,1703522122,3
frontier00148,1703522041,1703522107,66
frontier00149,1703522118,1703522122,4
frontier00150,1703522041,1703522107,66
frontier00153,1703522117,1703522124,7
frontier00154,1703522041,1703522105,64
frontier00155,1703522085,1703522114,29
frontier00156,1703522116,1703522121,5
frontier00157,1703522041,1703522107,66
frontier00158,1703522059,1703522111,52
frontier00159,1703522121,1703522123,2
frontier00160,1703521941,1703521945,4
frontier00161,1703522053,1703522110,57
frontier00162,1703522086,1703522115,29
frontier00163,1703521990,1703521998,8
frontier00164,1703522060,1703522113,53
frontier00165,1703522054,1703522110,56
frontier00166,1703521976,1703521986,10
frontier00167,1703522086,1703522115,29
frontier00168,1703522122,1703522125,3
frontier00169,1703521971,1703521979,8
frontier00170,1703522090,1703522116,26
frontier00171,1703522088,1703522116,28
frontier00172,1703522064,1703522113,49
frontier00173,1703522087,1703522116,29
frontier00174,1703522059,1703522112,53
frontier00175,1703522041,1703522106,65
frontier00176,1703522017,1703522054,37
frontier00177,1703521946,1703521950,4
frontier00178,1703521947,1703521951,4
frontier00179,1703522114,1703522122,8
frontier00180,1703522041,1703522106,65
frontier00181,1703522091,1703522117,26
frontier00182,1703522068,1703522113,45
frontier00183,1703521947,1703521951,4
frontier00184,1703521939,1703521943,4
frontier00185,1703521942,1703521946,4
frontier00186,1703522068,1703522113,45
frontier00187,1703521946,1703521950,4
frontier00188,1703522068,1703522113,45
frontier00189,1703522041,1703522106,65
frontier00190,1703522041,1703522106,65
frontier00191,1703522085,1703522115,30
frontier00192,1703522053,1703522109,56
frontier00193,1703522053,1703522109,56
frontier00194,1703522041,1703522106,65
frontier00197,1703522091,1703522117,26
frontier00198,1703522117,1703522123,6
frontier00199,1703522086,1703522115,29
frontier00200,1703521998,1703522006,8
frontier00201,1703522111,1703522120,9
frontier00202,1703522117,1703522121,4
frontier00203,1703522015,1703522041,26
frontier00204,1703522118,1703522124,6
frontier00205,1703521942,1703521947,5
frontier00206,1703521990,1703521999,9
frontier00207,1703522042,1703522108,66
frontier00208,1703521942,1703521946,4
frontier00209,1703521990,1703522004,14
frontier00210,1703522068,1703522114,46
frontier00211,1703521950,1703521963,13
frontier00212,1703522022,1703522065,43
frontier00213,1703522055,1703522112,57
frontier00214,1703522085,1703522114,29
frontier00215,1703522034,1703522087,53
frontier00216,1703521990,1703522000,10
frontier00257,1703522085,1703522115,30
frontier00258,1703522014,1703522041,27
frontier00259,1703522088,1703522116,28
frontier00260,1703522085,1703522114,29
frontier00261,1703522015,1703522042,27
frontier00262,1703521971,1703521979,8
frontier00263,1703522054,1703522110,56
frontier00264,1703522059,1703522112,53
frontier00265,1703522041,1703522106,65
frontier00266,1703521997,1703522004,7
frontier00267,1703522076,1703522115,39
frontier00268,1703521981,1703521992,11
frontier00269,1703522088,1703522116,28
frontier00270,1703522089,1703522116,27
frontier00271,1703522089,1703522116,27
frontier00272,1703521963,1703521974,11
frontier00273,1703522041,1703522106,65
frontier00274,1703522059,1703522112,53
frontier00275,1703522122,1703522125,3
frontier00276,1703521981,1703521991,10
frontier00277,1703522086,1703522115,29
frontier00278,1703522092,1703522118,26
frontier00279,1703522088,1703522116,28
frontier00280,1703522015,1703522042,27
frontier00281,1703522089,1703522116,27
frontier00282,1703522010,1703522035,25
frontier00283,1703522026,1703522068,42
frontier00284,1703522041,1703522106,65
frontier00285,1703522018,1703522057,39
frontier00286,1703522041,1703522106,65
frontier00287,1703522123,1703522126,3
frontier00288,1703522068,1703522114,46
frontier00289,1703522117,1703522123,6
frontier00290,1703522011,1703522034,23
frontier00291,1703522014,1703522041,27
frontier00292,1703522124,1703522126,2
frontier00293,1703522068,1703522113,45
frontier00294,1703522016,1703522058,42
frontier00295,1703522115,1703522121,6
frontier00296,1703522086,1703522115,29
frontier00297,1703522004,1703522016,12
frontier00298,1703522052,1703522108,56
frontier00299,1703522010,1703522028,18
frontier00300,1703522014,1703522042,28
frontier00301,1703521952,1703521967,15
frontier00302,1703522041,1703522106,65
frontier00305,1703522068,1703522114,46
frontier00306,1703522085,1703522115,30
frontier00307,1703521979,1703521988,9
frontier00308,1703522041,1703522106,65
frontier00309,1703522068,1703522113,45
frontier00310,1703522117,1703522123,6
frontier00311,1703522052,1703522109,57
frontier00312,1703522033,1703522105,72
frontier00313,1703522116,1703522121,5
frontier00314,1703522086,1703522115,29
frontier00315,1703522015,1703522042,27
frontier00316,1703522028,1703522068,40
frontier00317,1703521979,1703521987,8
frontier00318,1703522085,1703522115,30
frontier00319,1703522054,1703522110,56
frontier00320,1703522126,1703522128,2
frontier00321,1703521975,1703521982,7
frontier00322,1703522026,1703522068,42
frontier00323,1703522015,1703522042,27
frontier00324,1703522058,1703522112,54
frontier00325,1703522015,1703522041,26
frontier00326,1703522124,1703522126,2
frontier00327,1703522041,1703522106,65
frontier00328,1703522012,1703522035,23
frontier00329,1703521990,1703521999,9
frontier00330,1703521990,1703521999,9
frontier00331,1703522041,1703522105,64
frontier00332,1703522126,1703522128,2
frontier00333,1703522053,1703522111,58
frontier00334,1703522033,1703522091,58
frontier00335,1703522020,1703522060,40
frontier00336,1703522041,1703522106,65
frontier00337,1703522111,1703522121,10
frontier00338,1703521983,1703521990,7
frontier00339,1703522041,1703522105,64
frontier00340,1703522089,1703522116,27
frontier00385,1703522053,1703522109,56
frontier00386,1703522018,1703522055,37
frontier00387,1703522059,1703522113,54
frontier00388,1703522036,1703522105,69
frontier00389,1703521991,1703521999,8
frontier00390,1703521953,1703521969,16
frontier00391,1703522003,1703522019,16
frontier00392,1703522025,1703522066,41
frontier00393,1703522068,1703522114,46
frontier00394,1703522085,1703522115,30
frontier00395,1703521948,1703521951,3
frontier00396,1703521942,1703521945,3
frontier00397,1703521936,1703521940,4
frontier00398,1703521952,1703521967,15
frontier00399,1703522085,1703522115,30
frontier00400,1703521942,1703521946,4
frontier00401,1703522069,1703522113,44
frontier00402,1703522022,1703522065,43
frontier00403,1703522090,1703522117,27
frontier00404,1703522053,1703522109,56
frontier00405,1703522041,1703522106,65
frontier00406,1703522085,1703522115,30
frontier00407,1703522068,1703522113,45
frontier00408,1703522041,1703522105,64
frontier00409,1703522085,1703522115,30
frontier00410,1703522056,1703522112,56
frontier00411,1703522004,1703522018,14
frontier00412,1703521947,1703521951,4
frontier00413,1703522004,1703522021,17
frontier00414,1703522015,1703522042,27
frontier00415,1703522068,1703522113,45
frontier00416,1703522085,1703522114,29
frontier00417,1703522006,1703522020,14
frontier00418,1703522068,1703522113,45
frontier00419,1703521952,1703521967,15
frontier00420,1703521941,1703521944,3
frontier00421,1703522041,1703522105,64
frontier00422,1703521964,1703521977,13
frontier00423,1703522004,1703522016,12
frontier00424,1703522068,1703522114,46
frontier00425,1703522041,1703522106,65
frontier00426,1703522122,1703522125,3
frontier00427,1703522059,1703522113,54
frontier00428,1703522087,1703522116,29
frontier00429,1703522059,1703522112,53
frontier00430,1703522041,1703522105,64
frontier00431,1703522053,1703522109,56
frontier00432,1703522014,1703522043,29
frontier00433,1703522041,1703522106,65
frontier00434,1703522090,1703522117,27
frontier00435,1703522041,1703522106,65
frontier00436,1703522087,1703522116,29
frontier00437,1703522016,1703522056,40
frontier00438,1703522085,1703522115,30
frontier00439,1703521963,1703521975,12
frontier00440,1703522041,1703522106,65
frontier00441,1703522041,1703522106,65
frontier00442,1703522041,1703522106,65
frontier00443,1703521962,1703521973,11
frontier00444,1703521972,1703521980,8
frontier00445,1703522111,1703522120,9
frontier00446,1703522086,1703522116,30
frontier00447,1703522041,1703522106,65
frontier00448,1703522042,1703522107,65
frontier00449,1703522041,1703522105,64
frontier00450,1703522087,1703522116,29
frontier00451,1703522058,1703522112,54
frontier00452,1703522117,1703522121,4
frontier00453,1703522068,1703522113,45
frontier00454,1703522041,1703522106,65
frontier00455,1703522115,1703522121,6
frontier00456,1703522016,1703522058,42
frontier00457,1703521971,1703521980,9
frontier00458,1703522109,1703522121,12
frontier00459,1703522041,1703522107,66
frontier00460,1703522016,1703522052,36
frontier00461,1703522086,1703522115,29
frontier00462,1703522087,1703522115,28
frontier00463,1703522028,1703522068,40
frontier00464,1703522124,1703522126,2
frontier00465,1703522068,1703522113,45
frontier00466,1703522011,1703522034,23
frontier00513,1703522059,1703522112,53
frontier00514,1703521993,1703522000,7
frontier00515,1703522027,1703522067,40
frontier00517,1703522061,1703522112,51
frontier00518,1703522120,1703522124,4
frontier00519,1703521949,1703521953,4
frontier00520,1703522085,1703522116,31
frontier00521,1703522068,1703522114,46
frontier00522,1703522096,1703522117,21
frontier00523,1703521948,1703521951,3
frontier00524,1703522116,1703522123,7
frontier00525,1703522015,1703522052,37
frontier00526,1703522028,1703522068,40
frontier00527,1703522068,1703522113,45
frontier00528,1703522091,1703522117,26
frontier00529,1703522041,1703522106,65
frontier00530,1703521999,1703522008,9
frontier00531,1703522052,1703522108,56
frontier00533,1703522041,1703522106,65
frontier00534,1703521941,1703521944,3
frontier00535,1703522059,1703522112,53
frontier00536,1703522041,1703522106,65
frontier00537,1703522054,1703522110,56
frontier00538,1703522004,1703522021,17
frontier00539,1703522057,1703522112,55
frontier00540,1703522017,1703522057,40
frontier00541,1703522089,1703522116,27
frontier00542,1703522089,1703522117,28
frontier00543,1703522068,1703522114,46
frontier00544,1703522041,1703522107,66
frontier00545,1703522059,1703522111,52
frontier00546,1703522041,1703522106,65
frontier00547,1703522124,1703522126,2
frontier00548,1703522059,1703522113,54
frontier00549,1703522088,1703522116,28
frontier00550,1703522115,1703522121,6
frontier00551,1703522041,1703522106,65
frontier00552,1703522054,1703522109,55
frontier00553,1703522041,1703522106,65
frontier00554,1703521997,1703522003,6
frontier00555,1703521946,1703521950,4
frontier00556,1703522085,1703522115,30
frontier00557,1703522068,1703522114,46
frontier00558,1703522041,1703522106,65
frontier00559,1703522041,1703522106,65
frontier00560,1703522041,1703522106,65
frontier00561,1703522125,1703522127,2
frontier00562,1703521990,1703521998,8
frontier00563,1703521950,1703521963,13
frontier00564,1703522068,1703522113,45
frontier00565,1703522068,1703522113,45
frontier00566,1703522041,1703522106,65
frontier00567,1703522122,1703522125,3
frontier00568,1703521948,1703521953,5
frontier00570,1703521946,1703521950,4
frontier00571,1703521975,1703521986,11
frontier00572,1703521941,1703521945,4
frontier00573,1703521990,1703522004,14
frontier00574,1703522086,1703522116,30
frontier00575,1703522041,1703522106,65
frontier00576,1703522041,1703522105,64
frontier00577,1703522121,1703522124,3
frontier00578,1703522087,1703522116,29
frontier00579,1703522087,1703522116,29
frontier00580,1703522027,1703522068,41
frontier00581,1703522012,1703522035,23
frontier00583,1703522059,1703522112,53
frontier00584,1703522028,1703522070,42
frontier00585,1703522041,1703522106,65
frontier00586,1703522041,1703522106,65
frontier00587,1703521973,1703521982,9
frontier00588,1703521951,1703521965,14
frontier00589,1703522085,1703522114,29
frontier00591,1703522041,1703522106,65
frontier00592,1703521951,1703521964,13
frontier00593,1703522085,1703522115,30
frontier00594,1703522041,1703522106,65
frontier00595,1703522118,1703522122,4
frontier00596,1703521948,1703521951,3
frontier00597,1703522089,1703522116,27
frontier00598,1703521952,1703521966,14
frontier00599,1703521971,1703521979,8
frontier00641,1703522041,1703522107,66
frontier00642,1703522121,1703522124,3
frontier00643,1703521978,1703521990,12
frontier00644,1703522086,1703522115,29
frontier00645,1703521973,1703521980,7
frontier00646,1703522068,1703522114,46
frontier00647,1703522014,1703522037,23
frontier00648,1703522121,1703522123,2
frontier00649,1703522059,1703522111,52
frontier00650,1703522041,1703522107,66
frontier00651,1703522089,1703522116,27
frontier00652,1703522012,1703522035,23
frontier00653,1703522034,1703522085,51
frontier00654,1703522085,1703522115,30
frontier00655,1703521999,1703522005,6
frontier00656,1703522085,1703522115,30
frontier00657,1703522005,1703522017,12
frontier00658,1703522041,1703522107,66
frontier00659,1703522115,1703522122,7
frontier00660,1703521963,1703521975,12
frontier00661,1703522086,1703522115,29
frontier00662,1703522087,1703522115,28
frontier00663,1703522085,1703522115,30
frontier00664,1703522085,1703522115,30
frontier00665,1703522091,1703522117,26
frontier00666,1703522085,1703522115,30
frontier00667,1703522041,1703522107,66
frontier00668,1703522015,1703522053,38
frontier00669,1703521997,1703522003,6
frontier00670,1703522014,1703522042,28
frontier00671,1703522087,1703522116,29
frontier00672,1703522057,1703522112,55
frontier00673,1703522120,1703522124,4
frontier00674,1703522090,1703522116,26
frontier00675,1703522028,1703522066,38
frontier00676,1703522041,1703522106,65
frontier00677,1703522041,1703522106,65
frontier00678,1703522054,1703522110,56
frontier00679,1703522041,1703522105,64
frontier00680,1703522085,1703522115,30
frontier00681,1703522033,1703522088,55
frontier00682,1703522052,1703522108,56
frontier00683,1703522086,1703522115,29
frontier00684,1703521979,1703521988,9
frontier00685,1703521971,1703521979,8
frontier00687,1703521990,1703521999,9
frontier00688,1703522068,1703522114,46
frontier00689,1703522088,1703522116,28
frontier00690,1703521947,1703521951,4
frontier00691,1703522119,1703522123,4
frontier00692,1703522086,1703522116,30
frontier00693,1703522041,1703522106,65
frontier00694,1703522004,1703522016,12
frontier00695,1703522087,1703522115,28
frontier00696,1703522042,1703522107,65
frontier00697,1703522085,1703522115,30
frontier00698,1703522009,1703522028,19
frontier00699,1703521982,1703521991,9
frontier00700,1703522041,1703522108,67
frontier00701,1703522041,1703522107,66
frontier00702,1703522041,1703522105,64
frontier00703,1703522026,1703522067,41
frontier00704,1703522085,1703522115,30
frontier00705,1703522086,1703522116,30
frontier00706,1703521962,1703521974,12
frontier00707,1703522086,1703522115,29
frontier00708,1703521982,1703521991,9
frontier00709,1703522086,1703522115,29
frontier00710,1703522091,1703522116,25
frontier00711,1703522038,1703522085,47
frontier00712,1703522012,1703522034,22
frontier00713,1703522125,1703522127,2
frontier00714,1703522017,1703522054,37
frontier00715,1703522091,1703522116,25
frontier00716,1703521951,1703521966,15
frontier00717,1703522087,1703522115,28
frontier00718,1703522076,1703522114,38
frontier00719,1703522123,1703522125,2
frontier00720,1703522053,1703522109,56
frontier00721,1703522124,1703522126,2
frontier00722,1703522041,1703522105,64
frontier00723,1703522052,1703522108,56
frontier00769,1703522085,1703522114,29
frontier00770,1703522118,1703522123,5
frontier00771,1703522086,1703522116,30
frontier00772,1703522123,1703522126,3
frontier00773,1703522085,1703522115,30
frontier00774,1703522042,1703522107,65
frontier00775,1703522089,1703522116,27
frontier00776,1703522121,1703522124,3
frontier00777,1703521952,1703521965,13
frontier00778,1703521940,1703521943,3
frontier00779,1703522068,1703522113,45
frontier00780,1703522041,1703522106,65
frontier00781,1703522085,1703522115,30
frontier00782,1703522122,1703522125,3
frontier00783,1703521950,1703521954,4
frontier00784,1703521991,1703521999,8
frontier00785,1703521941,1703521945,4
frontier00786,1703521942,1703521946,4
frontier00787,1703522041,1703522106,65
frontier00788,1703521939,1703521943,4
frontier00789,1703522041,1703522106,65
frontier00790,1703522061,1703522113,52
frontier00791,1703521984,1703521989,5
frontier00792,1703522068,1703522114,46
frontier00793,1703522087,1703522116,29
frontier00794,1703522121,1703522124,3
frontier00795,1703522041,1703522106,65
frontier00796,1703522016,1703522055,39
frontier00797,1703522011,1703522034,23
frontier00798,1703521980,1703521987,7
frontier00799,1703522053,1703522109,56
frontier00800,1703521962,1703521974,12
frontier00801,1703521950,1703521962,12
frontier00802,1703522011,1703522033,22
frontier00803,1703522041,1703522106,65
frontier00804,1703521952,1703521965,13
frontier00805,1703522085,1703522115,30
frontier00806,1703522085,1703522115,30
frontier00807,1703521971,1703521979,8
frontier00808,1703521949,1703521954,5
frontier00810,1703522066,1703522114,48
frontier00811,1703522016,1703522058,42
frontier00812,1703522021,1703522064,43
frontier00813,1703522103,1703522118,15
frontier00814,1703521997,1703522003,6
frontier00815,1703522041,1703522106,65
frontier00816,1703522068,1703522113,45
frontier00817,1703522085,1703522115,30
frontier00818,1703522053,1703522110,57
frontier00819,1703521990,1703521999,9
frontier00820,1703522041,1703522105,64
frontier00821,1703521990,1703522001,11
frontier00822,1703522068,1703522114,46
frontier00823,1703522041,1703522107,66
frontier00824,1703522012,1703522035,23
frontier00825,1703522085,1703522115,30
frontier00826,1703522028,1703522069,41
frontier00827,1703522091,1703522117,26
frontier00828,1703521951,1703521963,12
frontier00829,1703522052,1703522108,56
frontier00830,1703522041,1703522106,65
frontier00831,1703522086,1703522115,29
frontier00832,1703521963,1703521973,10
frontier00833,1703522085,1703522114,29
frontier00834,1703522086,1703522115,29
frontier00835,1703522086,1703522115,29
frontier00836,1703522041,1703522105,64
frontier00837,1703522086,1703522115,29
frontier00838,1703522004,1703522021,17
frontier00839,1703522041,1703522106,65
frontier00840,1703522018,1703522059,41
frontier00841,1703522004,1703522021,17
frontier00842,1703522115,1703522121,6
frontier00843,1703521990,1703521999,9
frontier00844,1703522014,1703522041,27
frontier00845,1703522041,1703522106,65
frontier00846,1703522053,1703522109,56
frontier00847,1703522016,1703522054,38
frontier00848,1703522041,1703522106,65
frontier00849,1703522010,1703522033,23
frontier00850,1703522112,1703522120,8
frontier00851,1703522041,1703522107,66
frontier00897,1703522019,1703522060,41
frontier00898,1703522041,1703522106,65
frontier00899,1703522068,1703522113,45
frontier00900,1703522041,1703522106,65
frontier00901,1703522059,1703522113,54
frontier00902,1703521963,1703521973,10
frontier00903,1703522011,1703522034,23
frontier00904,1703522017,1703522057,40
frontier00905,1703522108,1703522121,13
frontier00906,1703522120,1703522123,3
frontier00907,1703521999,1703522008,9
frontier00908,1703522053,1703522109,56
frontier00909,1703522053,1703522109,56
frontier00910,1703521953,1703521967,14
frontier00911,1703522115,1703522121,6
frontier00912,1703522041,1703522106,65
frontier00913,1703522087,1703522116,29
frontier00914,1703522041,1703522106,65
frontier00915,1703522086,1703522115,29
frontier00916,1703522004,1703522017,13
frontier00917,1703522021,1703522063,42
frontier00918,1703522041,1703522106,65
frontier00919,1703522115,1703522120,5
frontier00920,1703522053,1703522108,55
frontier00921,1703522014,1703522041,27
frontier00922,1703521978,1703521990,12
frontier00923,1703522060,1703522113,53
frontier00924,1703521946,1703521951,5
frontier00925,1703522068,1703522113,45
frontier00926,1703522021,1703522063,42
frontier00927,1703522068,1703522113,45
frontier00928,1703522041,1703522106,65
frontier00929,1703522107,1703522121,14
frontier00930,1703521981,1703521993,12
frontier00931,1703522121,1703522124,3
frontier00932,1703521950,1703521953,3
frontier00933,1703522086,1703522115,29
frontier00934,1703522014,1703522042,28
frontier00935,1703521971,1703521979,8
frontier00936,1703522086,1703522116,30
frontier00938,1703522052,1703522108,56
frontier00939,1703522085,1703522115,30
frontier00940,1703522058,1703522111,53
frontier00941,1703522057,1703522111,54
frontier00942,1703522041,1703522107,66
frontier00943,1703522125,1703522127,2
frontier00944,1703521990,1703521998,8
frontier00945,1703522014,1703522042,28
frontier00946,1703522041,1703522106,65
frontier00947,1703522041,1703522106,65
frontier00948,1703522059,1703522113,54
frontier00949,1703521972,1703521979,7
frontier00950,1703521953,1703521968,15
frontier00951,1703522041,1703522106,65
frontier00952,1703522120,1703522124,4
frontier00953,1703522041,1703522106,65
frontier00954,1703522041,1703522085,44
frontier00955,1703521951,1703521963,12
frontier00956,1703521952,1703521964,12
frontier00957,1703521945,1703521948,3
frontier00958,1703521948,1703521951,3
frontier00959,1703522085,1703522116,31
frontier00960,1703522039,1703522104,65
frontier00961,1703522068,1703522113,45
frontier00962,1703522054,1703522109,55
frontier00963,1703522041,1703522106,65
frontier00964,1703522088,1703522116,28
frontier00965,1703522111,1703522120,9
frontier00966,1703522085,1703522115,30
frontier00967,1703521999,1703522006,7
frontier00968,1703522053,1703522109,56
frontier00969,1703522089,1703522117,28
frontier00970,1703522041,1703522105,64
frontier00971,1703522087,1703522116,29
frontier00972,1703521942,1703521946,4
frontier00973,1703521951,1703521965,14
frontier00974,1703522041,1703522107,66
frontier00975,1703522028,1703522069,41
frontier00976,1703521941,1703521944,3
frontier00977,1703522014,1703522041,27
frontier00982,1703522041,1703522105,64
frontier00983,1703521942,1703521946,4
frontier01025,1703521946,1703521949,3
frontier01026,1703522041,1703522106,65
frontier01027,1703521973,1703521982,9
frontier01028,1703522085,1703522115,30
frontier01029,1703522120,1703522124,4
frontier01030,1703522054,1703522110,56
frontier01031,1703522085,1703522115,30
frontier01032,1703521978,1703521991,13
frontier01033,1703522054,1703522110,56
frontier01034,1703522115,1703522122,7
frontier01035,1703522036,1703522085,49
frontier01036,1703522115,1703522123,8
frontier01037,1703522004,1703522020,16
frontier01038,1703522041,1703522104,63
frontier01039,1703522041,1703522106,65
frontier01040,1703521990,1703521998,8
frontier01041,1703522071,1703522114,43
frontier01042,1703522089,1703522116,27
frontier01043,1703522086,1703522115,29
frontier01044,1703521950,1703521963,13
frontier01045,1703522011,1703522034,23
frontier01046,1703522012,1703522034,22
frontier01047,1703522041,1703522106,65
frontier01048,1703521976,1703521985,9
frontier01049,1703522085,1703522115,30
frontier01050,1703522041,1703522107,66
frontier01051,1703522086,1703522116,30
frontier01052,1703522085,1703522114,29
frontier01053,1703522085,1703522115,30
frontier01054,1703522115,1703522120,5
frontier01055,1703522041,1703522106,65
frontier01056,1703522041,1703522107,66
frontier01057,1703522041,1703522106,65
frontier01058,1703522011,1703522035,24
frontier01059,1703522041,1703522106,65
frontier01060,1703522041,1703522107,66
frontier01061,1703522041,1703522105,64
frontier01062,1703522126,1703522128,2
frontier01063,1703522005,1703522018,13
frontier01064,1703522054,1703522109,55
frontier01065,1703522111,1703522119,8
frontier01066,1703522120,1703522123,3
frontier01067,1703522053,1703522108,55
frontier01068,1703522068,1703522113,45
frontier01069,1703522057,1703522113,56
frontier01070,1703522085,1703522115,30
frontier01071,1703522087,1703522116,29
frontier01072,1703522085,1703522114,29
frontier01073,1703522013,1703522035,22
frontier01074,1703522085,1703522115,30
frontier01075,1703522015,1703522053,38
frontier01076,1703522086,1703522115,29
frontier01077,1703522004,1703522020,16
frontier01078,1703522068,1703522113,45
frontier01079,1703522069,1703522113,44
frontier01080,1703522118,1703522124,6
frontier01081,1703521948,1703521952,4
frontier01082,1703522068,1703522113,45
frontier01083,1703522109,1703522120,11
frontier01084,1703522088,1703522116,28
frontier01085,1703522041,1703522106,65
frontier01086,1703522041,1703522105,64
frontier01087,1703522053,1703522109,56
frontier01088,1703522053,1703522109,56
frontier01089,1703522041,1703522106,65
frontier01090,1703522053,1703522109,56
frontier01091,1703521946,1703521950,4
frontier01092,1703522052,1703522112,60
frontier01093,1703522041,1703522105,64
frontier01094,1703522027,1703522068,41
frontier01095,1703522054,1703522110,56
frontier01096,1703522123,1703522126,3
frontier01097,1703522068,1703522113,45
frontier01098,1703522069,1703522114,45
frontier01099,1703522053,1703522109,56
frontier01100,1703522041,1703522106,65
frontier01101,1703522010,1703522034,24
frontier01102,1703522054,1703522110,56
frontier01103,1703521962,1703521974,12
frontier01104,1703522086,1703522116,30
frontier01105,1703522042,1703522107,65
frontier01106,1703522051,1703522107,56
frontier01153,1703522125,1703522127,2
frontier01154,1703522118,1703522123,5
frontier01155,1703522068,1703522113,45
frontier01156,1703522086,1703522115,29
frontier01157,1703522059,1703522112,53
frontier01158,1703521990,1703521999,9
frontier01159,1703522041,1703522106,65
frontier01160,1703522089,1703522117,28
frontier01161,1703522085,1703522115,30
frontier01162,1703522085,1703522115,30
frontier01163,1703522086,1703522115,29
frontier01164,1703522004,1703522017,13
frontier01165,1703522085,1703522115,30
frontier01166,1703521946,1703521949,3
frontier01167,1703521947,1703521951,4
frontier01168,1703521984,1703521990,6
frontier01169,1703522041,1703522106,65
frontier01170,1703522024,1703522063,39
frontier01171,1703521999,1703522006,7
frontier01172,1703521944,1703521947,3
frontier01173,1703521973,1703521983,10
frontier01174,1703521963,1703521976,13
frontier01175,1703522017,1703522053,36
frontier01176,1703521948,1703521952,4
frontier01177,1703522068,1703522113,45
frontier01178,1703522116,1703522121,5
frontier01179,1703522085,1703522115,30
frontier01180,1703522022,1703522065,43
frontier01181,1703522087,1703522115,28
frontier01182,1703522015,1703522053,38
frontier01183,1703522069,1703522115,46
frontier01184,1703522016,1703522054,38
frontier01185,1703522033,1703522104,71
frontier01186,1703522124,1703522126,2
frontier01187,1703522018,1703522058,40
frontier01188,1703522004,1703522022,18
frontier01189,1703521947,1703521950,3
frontier01190,1703521999,1703522006,7
frontier01191,1703522115,1703522122,7
frontier01192,1703522086,1703522115,29
frontier01193,1703521979,1703521988,9
frontier01194,1703522087,1703522116,29
frontier01195,1703521963,1703521974,11
frontier01196,1703521972,1703521980,8
frontier01197,1703522041,1703522106,65
frontier01198,1703521979,1703521987,8
frontier01199,1703521972,1703521980,8
frontier01200,1703522041,1703522106,65
frontier01201,1703522028,1703522074,46
frontier01202,1703522015,1703522041,26
frontier01203,1703522041,1703522106,65
frontier01204,1703522041,1703522106,65
frontier01205,1703522068,1703522113,45
frontier01206,1703522041,1703522105,64
frontier01207,1703522085,1703522115,30
frontier01208,1703522054,1703522110,56
frontier01209,1703522053,1703522109,56
frontier01210,1703522120,1703522124,4
frontier01211,1703521980,1703521988,8
frontier01212,1703522117,1703522124,7
frontier01213,1703522011,1703522034,23
frontier01214,1703522053,1703522110,57
frontier01215,1703521950,1703521962,12
frontier01216,1703522013,1703522035,22
frontier01217,1703522041,1703522106,65
frontier01218,1703522087,1703522116,29
frontier01219,1703521963,1703521973,10
frontier01220,1703522074,1703522114,40
frontier01221,1703522014,1703522042,28
frontier01222,1703522122,1703522124,2
frontier01223,1703521990,1703521999,9
frontier01224,1703522015,1703522042,27
frontier01225,1703522110,1703522120,10
frontier01226,1703522126,1703522128,2
frontier01227,1703522014,1703522041,27
frontier01228,1703522020,1703522058,38
frontier01229,1703522041,1703522105,64
frontier01230,1703522068,1703522113,45
frontier01231,1703522091,1703522117,26
frontier01232,1703522041,1703522106,65
frontier01233,1703522059,1703522111,52
frontier01234,1703522068,1703522113,45
frontier01281,1703522121,1703522124,3
frontier01282,1703522055,1703522111,56
frontier01283,1703521971,1703521979,8
frontier01284,1703522112,1703522121,9
frontier01285,1703521998,1703522004,6
frontier01286,1703522041,1703522106,65
frontier01287,1703522016,1703522056,40
frontier01288,1703522041,1703522106,65
frontier01289,1703522106,1703522119,13
frontier01290,1703521944,1703521947,3
frontier01291,1703522013,1703522041,28
frontier01292,1703522068,1703522114,46
frontier01293,1703522086,1703522116,30
frontier01294,1703521973,1703521982,9
frontier01295,1703522028,1703522066,38
frontier01296,1703522041,1703522106,65
frontier01297,1703522004,1703522019,15
frontier01298,1703521963,1703521975,12
frontier01299,1703522121,1703522124,3
frontier01300,1703522068,1703522113,45
frontier01301,1703522119,1703522123,4
frontier01302,1703522054,1703522109,55
frontier01303,1703522012,1703522035,23
frontier01304,1703522041,1703522106,65
frontier01305,1703522068,1703522114,46
frontier01306,1703522018,1703522058,40
frontier01307,1703522088,1703522116,28
frontier01308,1703521972,1703521981,9
frontier01309,1703522024,1703522062,38
frontier01310,1703522055,1703522111,56
frontier01311,1703521999,1703522008,9
frontier01312,1703521963,1703521974,11
frontier01313,1703522041,1703522106,65
frontier01314,1703522060,1703522113,53
frontier01315,1703522041,1703522106,65
frontier01316,1703522086,1703522116,30
frontier01317,1703522009,1703522027,18
frontier01318,1703522041,1703522105,64
frontier01319,1703522115,1703522120,5
frontier01320,1703522085,1703522114,29
frontier01321,1703522041,1703522106,65
frontier01322,1703521979,1703521987,8
frontier01323,1703522041,1703522105,64
frontier01324,1703522085,1703522115,30
frontier01325,1703522010,1703522034,24
frontier01326,1703522085,1703522116,31
frontier01327,1703522068,1703522113,45
frontier01328,1703522124,1703522126,2
frontier01329,1703522041,1703522106,65
frontier01330,1703522068,1703522113,45
frontier01331,1703522114,1703522121,7
frontier01332,1703522013,1703522042,29
frontier01333,1703522068,1703522113,45
frontier01334,1703522012,1703522035,23
frontier01335,1703522042,1703522107,65
frontier01336,1703521972,1703521980,8
frontier01337,1703521949,1703521953,4
frontier01338,1703521996,1703522004,8
frontier01339,1703521981,1703521991,10
frontier01340,1703522041,1703522106,65
frontier01341,1703521982,1703521991,9
frontier01342,1703522059,1703522113,54
frontier01343,1703521946,1703521950,4
frontier01344,1703521944,1703521948,4
frontier01345,1703521945,1703521949,4
frontier01346,1703522041,1703522106,65
frontier01347,1703521948,1703521952,4
frontier01348,1703521990,1703521999,9
frontier01349,1703522112,1703522120,8
frontier01350,1703522087,1703522116,29
frontier01351,1703522014,1703522037,23
frontier01352,1703522086,1703522116,30
frontier01353,1703522068,1703522114,46
frontier01354,1703522045,1703522107,62
frontier01356,1703522085,1703522115,30
frontier01357,1703521972,1703521979,7
frontier01358,1703522087,1703522116,29
frontier01359,1703522085,1703522116,31
frontier01360,1703521962,1703521976,14
frontier01361,1703521942,1703521945,3
frontier01362,1703522124,1703522126,2
frontier01363,1703522041,1703522107,66
frontier01409,1703521942,1703521946,4
frontier01410,1703522085,1703522115,30
frontier01411,1703521999,1703522005,6
frontier01412,1703521946,1703521949,3
frontier01413,1703522025,1703522064,39
frontier01414,1703522041,1703522108,67
frontier01415,1703521990,1703521999,9
frontier01416,1703522016,1703522057,41
frontier01417,1703522114,1703522120,6
frontier01418,1703522041,1703522106,65
frontier01419,1703522041,1703522106,65
frontier01420,1703522098,1703522118,20
frontier01421,1703522004,1703522019,15
frontier01422,1703521981,1703521991,10
frontier01423,1703521979,1703521987,8
frontier01424,1703522041,1703522107,66
frontier01425,1703522118,1703522122,4
frontier01426,1703522090,1703522116,26
frontier01427,1703521990,1703522000,10
frontier01428,1703522085,1703522114,29
frontier01429,1703521962,1703521975,13
frontier01430,1703522026,1703522068,42
frontier01431,1703521990,1703521999,9
frontier01432,1703522020,1703522059,39
frontier01433,1703522003,1703522018,15
frontier01434,1703522041,1703522106,65
frontier01435,1703522033,1703522105,72
frontier01436,1703521971,1703521980,9
frontier01437,1703522087,1703522116,29
frontier01438,1703522041,1703522107,66
frontier01439,1703522068,1703522113,45
frontier01440,1703522123,1703522126,3
frontier01442,1703522017,1703522055,38
frontier01443,1703522110,1703522122,12
frontier01444,1703522088,1703522116,28
frontier01445,1703522033,1703522105,72
frontier01446,1703522033,1703522086,53
frontier01447,1703522004,1703522016,12
frontier01448,1703522041,1703522106,65
frontier01449,1703522011,1703522034,23
frontier01450,1703522122,1703522125,3
frontier01451,1703522058,1703522111,53
frontier01452,1703522123,1703522125,2
frontier01453,1703521999,1703522006,7
frontier01454,1703522041,1703522106,65
frontier01455,1703522014,1703522041,27
frontier01456,1703522052,1703522109,57
frontier01457,1703522085,1703522115,30
frontier01459,1703521990,1703521999,9
frontier01460,1703522073,1703522115,42
frontier01461,1703521990,1703521998,8
frontier01462,1703522025,1703522065,40
frontier01463,1703522004,1703522018,14
frontier01464,1703522021,1703522063,42
frontier01465,1703522019,1703522061,42
frontier01466,1703522041,1703522106,65
frontier01467,1703521962,1703521973,11
frontier01468,1703522004,1703522016,12
frontier01469,1703522041,1703522106,65
frontier01470,1703522118,1703522121,3
frontier01471,1703522041,1703522105,64
frontier01472,1703522090,1703522117,27
frontier01473,1703522012,1703522034,22
frontier01474,1703522041,1703522106,65
frontier01475,1703522041,1703522105,64
frontier01476,1703522085,1703522115,30
frontier01477,1703522054,1703522110,56
frontier01478,1703522011,1703522035,24
frontier01479,1703522014,1703522042,28
frontier01480,1703522087,1703522116,29
frontier01481,1703521997,1703522005,8
frontier01482,1703522087,1703522115,28
frontier01483,1703522111,1703522119,8
frontier01484,1703522041,1703522106,65
frontier01485,1703522012,1703522036,24
frontier01486,1703522124,1703522127,3
frontier01487,1703521982,1703521992,10
frontier01488,1703522041,1703522106,65
frontier01489,1703522004,1703522015,11
frontier01490,1703522041,1703522105,64
frontier01491,1703522117,1703522122,5
frontier01492,1703522089,1703522116,27
frontier01537,1703521986,1703521989,3
frontier01538,1703522040,1703522106,66
frontier01539,1703522041,1703522107,66
frontier01540,1703522068,1703522113,45
frontier01541,1703522111,1703522122,11
frontier01542,1703522088,1703522116,28
frontier01543,1703521983,1703521990,7
frontier01544,1703522054,1703522110,56
frontier01545,1703522115,1703522121,6
frontier01546,1703522088,1703522116,28
frontier01547,1703522086,1703522116,30
frontier01548,1703522086,1703522115,29
frontier01549,1703522058,1703522110,52
frontier01550,1703522086,1703522116,30
frontier01551,1703522015,1703522041,26
frontier01552,1703522054,1703522110,56
frontier01553,1703522089,1703522116,27
frontier01554,1703521949,1703521953,4
frontier01555,1703521999,1703522005,6
frontier01556,1703522058,1703522111,53
frontier01557,1703521978,1703521990,12
frontier01558,1703522041,1703522105,64
frontier01559,1703521957,1703521971,14
frontier01560,1703521952,1703521966,14
frontier01561,1703521949,1703521953,4
frontier01562,1703521943,1703521947,4
frontier01563,1703522085,1703522115,30
frontier01564,1703521942,1703521946,4
frontier01565,1703522110,1703522119,9
frontier01566,1703521999,1703522008,9
frontier01567,1703521990,1703521999,9
frontier01568,1703522024,1703522064,40
frontier01569,1703522041,1703522106,65
frontier01570,1703522055,1703522111,56
frontier01571,1703522015,1703522042,27
frontier01572,1703522041,1703522106,65
frontier01573,1703522041,1703522107,66
frontier01574,1703522017,1703522055,38
frontier01575,1703522004,1703522019,15
frontier01576,1703521946,1703521949,3
frontier01577,1703521957,1703521973,16
frontier01578,1703522091,1703522117,26
frontier01579,1703521971,1703521978,7
frontier01580,1703521971,1703521979,8
frontier01581,1703521990,1703521999,9
frontier01582,1703522012,1703522035,23
frontier01583,1703521962,1703521974,12
frontier01584,1703521950,1703521962,12
frontier01585,1703522087,1703522116,29
frontier01586,1703521947,1703521951,4
frontier01587,1703522086,1703522116,30
frontier01588,1703522016,1703522054,38
frontier01589,1703522054,1703522109,55
frontier01590,1703522011,1703522035,24
frontier01591,1703522120,1703522123,3
frontier01592,1703522054,1703522110,56
frontier01593,1703522028,1703522068,40
frontier01594,1703522088,1703522117,29
frontier01595,1703522125,1703522127,2
frontier01596,1703522085,1703522115,30
frontier01597,1703522088,1703522116,28
frontier01598,1703522041,1703522106,65
frontier01599,1703522028,1703522071,43
frontier01600,1703522086,1703522116,30
frontier01601,1703522121,1703522124,3
frontier01602,1703522113,1703522120,7
frontier01603,1703521940,1703521944,4
frontier01604,1703522089,1703522116,27
frontier01605,1703522068,1703522113,45
frontier01606,1703521999,1703522006,7
frontier01607,1703522059,1703522113,54
frontier01608,1703522056,1703522111,55
frontier01609,1703522091,1703522116,25
frontier01610,1703522029,1703522086,57
frontier01611,1703522124,1703522127,3
frontier01612,1703521981,1703521992,11
frontier01613,1703522088,1703522116,28
frontier01614,1703522041,1703522106,65
frontier01615,1703522091,1703522117,26
frontier01616,1703522085,1703522115,30
frontier01617,1703521990,1703522001,11
frontier01618,1703522064,1703522113,49
frontier01665,1703522061,1703522114,53
frontier01666,1703522121,1703522124,3
frontier01667,1703522004,1703522019,15
frontier01668,1703522124,1703522126,2
frontier01669,1703522085,1703522115,30
frontier01670,1703522085,1703522114,29
frontier01671,1703522085,1703522114,29
frontier01672,1703522124,1703522126,2
frontier01673,1703522097,1703522119,22
frontier01674,1703522026,1703522067,41
frontier01675,1703522068,1703522113,45
frontier01676,1703522058,1703522111,53
frontier01677,1703522089,1703522116,27
frontier01678,1703521972,1703521979,7
frontier01679,1703522085,1703522115,30
frontier01680,1703522041,1703522106,65
frontier01681,1703522016,1703522057,41
frontier01682,1703521962,1703521973,11
frontier01683,1703522052,1703522108,56
frontier01684,1703522064,1703522113,49
frontier01685,1703522117,1703522123,6
frontier01686,1703522120,1703522124,4
frontier01687,1703522085,1703522115,30
frontier01688,1703522041,1703522106,65
frontier01689,1703522057,1703522112,55
frontier01690,1703522121,1703522124,3
frontier01691,1703522041,1703522106,65
frontier01692,1703522123,1703522126,3
frontier01693,1703522041,1703522106,65
frontier01694,1703522015,1703522042,27
frontier01695,1703522041,1703522106,65
frontier01696,1703521962,1703521974,12
frontier01697,1703522068,1703522114,46
frontier01698,1703522116,1703522122,6
frontier01699,1703522028,1703522068,40
frontier01700,1703522041,1703522106,65
frontier01701,1703522017,1703522058,41
frontier01702,1703522054,1703522109,55
frontier01703,1703522085,1703522115,30
frontier01704,1703522041,1703522107,66
frontier01705,1703522041,1703522106,65
frontier01706,1703521972,1703521981,9
frontier01707,1703522086,1703522116,30
frontier01708,1703521952,1703521965,13
frontier01709,1703522088,1703522116,28
frontier01710,1703522085,1703522115,30
frontier01711,1703521990,1703521998,8
frontier01712,1703522041,1703522107,66
frontier01713,1703522107,1703522119,12
frontier01714,1703522019,1703522059,40
frontier01715,1703522122,1703522124,2
frontier01716,1703521971,1703521979,8
frontier01717,1703522042,1703522111,69
frontier01718,1703522085,1703522114,29
frontier01719,1703522028,1703522066,38
frontier01720,1703522041,1703522107,66
frontier01721,1703522087,1703522116,29
frontier01722,1703522088,1703522116,28
frontier01723,1703522059,1703522111,52
frontier01724,1703522010,1703522035,25
frontier01725,1703521945,1703521949,4
frontier01726,1703522004,1703522016,12
frontier01727,1703522054,1703522110,56
frontier01728,1703522113,1703522122,9
frontier01729,1703521971,1703521979,8
frontier01730,1703521942,1703521946,4
frontier01731,1703521948,1703521953,5
frontier01732,1703521947,1703521951,4
frontier01733,1703521950,1703521954,4
frontier01734,1703522014,1703522037,23
frontier01735,1703521942,1703521946,4
frontier01736,1703521990,1703521999,9
frontier01737,1703522068,1703522113,45
frontier01738,1703522054,1703522110,56
frontier01739,1703522052,1703522109,57
frontier01740,1703522018,1703522057,39
frontier01741,1703522041,1703522106,65
frontier01742,1703522006,1703522020,14
frontier01745,1703522119,1703522124,5
frontier01746,1703522041,1703522107,66
frontier01747,1703522017,1703522055,38
frontier01748,1703522004,1703522016,12
frontier01793,1703521974,1703521982,8
frontier01794,1703521963,1703521977,14
frontier01795,1703521990,1703522000,10
frontier01796,1703522085,1703522115,30
frontier01797,1703521962,1703521974,12
frontier01798,1703522041,1703522106,65
frontier01799,1703522073,1703522114,41
frontier01800,1703522097,1703522117,20
frontier01801,1703522017,1703522058,41
frontier01802,1703522011,1703522034,23
frontier01803,1703522008,1703522025,17
frontier01804,1703522041,1703522106,65
frontier01805,1703522025,1703522065,40
frontier01807,1703522068,1703522114,46
frontier01808,1703522124,1703522126,2
frontier01809,1703522053,1703522109,56
frontier01810,1703522027,1703522068,41
frontier01811,1703522014,1703522037,23
frontier01812,1703522085,1703522115,30
frontier01813,1703522112,1703522120,8
frontier01814,1703522117,1703522122,5
frontier01815,1703522041,1703522106,65
frontier01816,1703521980,1703521990,10
frontier01817,1703522085,1703522115,30
frontier01818,1703522091,1703522117,26
frontier01819,1703522085,1703522115,30
frontier01820,1703522121,1703522123,2
frontier01821,1703521950,1703521959,9
frontier01822,1703522076,1703522114,38
frontier01823,1703522114,1703522120,6
frontier01824,1703522086,1703522116,30
frontier01825,1703522120,1703522123,3
frontier01826,1703522041,1703522106,65
frontier01827,1703522085,1703522115,30
frontier01828,1703522110,1703522121,11
frontier01829,1703522007,1703522020,13
frontier01830,1703522022,1703522064,42
frontier01831,1703522086,1703522116,30
frontier01832,1703522059,1703522111,52
frontier01833,1703522086,1703522115,29
frontier01834,1703521977,1703521990,13
frontier01835,1703521980,1703521987,7
frontier01836,1703522085,1703522116,31
frontier01837,1703522085,1703522115,30
frontier01838,1703522011,1703522034,23
frontier01839,1703522116,1703522120,4
frontier01840,1703522115,1703522123,8
frontier01841,1703522068,1703522114,46
frontier01842,1703522068,1703522113,45
frontier01843,1703522012,1703522035,23
frontier01844,1703521990,1703521999,9
frontier01845,1703522085,1703522115,30
frontier01846,1703522068,1703522113,45
frontier01847,1703522041,1703522106,65
frontier01848,1703522059,1703522113,54
frontier01849,1703522090,1703522117,27
frontier01850,1703521972,1703521980,8
frontier01851,1703521990,1703521998,8
frontier01852,1703522057,1703522112,55
frontier01853,1703522016,1703522057,41
frontier01854,1703521980,1703521991,11
frontier01855,1703522018,1703522057,39
frontier01856,1703522041,1703522106,65
frontier01857,1703522085,1703522116,31
frontier01858,1703521972,1703521980,8
frontier01859,1703522059,1703522111,52
frontier01860,1703522053,1703522108,55
frontier01861,1703522085,1703522116,31
frontier01862,1703522085,1703522115,30
frontier01863,1703522091,1703522117,26
frontier01864,1703522085,1703522115,30
frontier01865,1703522016,1703522058,42
frontier01866,1703522041,1703522106,65
frontier01867,1703522085,1703522115,30
frontier01868,1703521971,1703521979,8
frontier01869,1703522041,1703522106,65
frontier01870,1703522086,1703522115,29
frontier01871,1703522085,1703522115,30
frontier01872,1703522004,1703522021,17
frontier01873,1703522088,1703522116,28
frontier01874,1703522090,1703522117,27
frontier01875,1703522085,1703522115,30
frontier01921,1703522015,1703522042,27
frontier01922,1703522090,1703522117,27
frontier01923,1703522068,1703522114,46
frontier01924,1703522041,1703522106,65
frontier01925,1703522041,1703522106,65
frontier01926,1703522117,1703522122,5
frontier01927,1703522011,1703522034,23
frontier01928,1703521991,1703521998,7
frontier01929,1703522034,1703522086,52
frontier01930,1703522085,1703522115,30
frontier01931,1703522068,1703522113,45
frontier01932,1703522123,1703522125,2
frontier01933,1703522016,1703522058,42
frontier01934,1703522010,1703522035,25
frontier01935,1703522041,1703522106,65
frontier01936,1703521973,1703521980,7
frontier01937,1703522052,1703522108,56
frontier01938,1703522120,1703522123,3
frontier01939,1703521990,1703522000,10
frontier01940,1703522085,1703522115,30
frontier01941,1703522006,1703522018,12
frontier01942,1703521942,1703521946,4
frontier01943,1703522068,1703522114,46
frontier01944,1703521998,1703522006,8
frontier01945,1703522041,1703522106,65
frontier01946,1703522041,1703522106,65
frontier01947,1703521991,1703522001,10
frontier01948,1703521942,1703521945,3
frontier01949,1703521941,1703521944,3
frontier01950,1703522038,1703522085,47
frontier01951,1703522041,1703522106,65
frontier01952,1703522104,1703522118,14
frontier01953,1703522025,1703522066,41
frontier01954,1703522086,1703522116,30
frontier01955,1703522126,1703522128,2
frontier01956,1703521975,1703521983,8
frontier01957,1703522118,1703522123,5
frontier01958,1703522041,1703522106,65
frontier01959,1703522028,1703522067,39
frontier01960,1703521975,1703521982,7
frontier01961,1703521980,1703521987,7
frontier01962,1703522115,1703522122,7
frontier01963,1703522086,1703522116,30
frontier01964,1703521952,1703521965,13
frontier01965,1703521975,1703521986,11
frontier01966,1703522018,1703522058,40
frontier01967,1703521990,1703522001,11
frontier01968,1703521962,1703521973,11
frontier01969,1703522121,1703522124,3
frontier01970,1703522089,1703522116,27
frontier01971,1703521942,1703521947,5
frontier01972,1703521978,1703521990,12
frontier01973,1703522011,1703522035,24
frontier01974,1703521964,1703521976,12
frontier01975,1703522124,1703522126,2
frontier01976,1703522004,1703522022,18
frontier01977,1703521963,1703521977,14
frontier01978,1703522053,1703522109,56
frontier01979,1703522088,1703522116,28
frontier01980,1703522039,1703522105,66
frontier01981,1703522041,1703522106,65
frontier01982,1703522041,1703522106,65
frontier01983,1703522041,1703522106,65
frontier01984,1703522019,1703522060,41
frontier01985,1703522086,1703522115,29
frontier01986,1703522092,1703522118,26
frontier01987,1703521990,1703521999,9
frontier01988,1703522041,1703522105,64
frontier01989,1703522053,1703522109,56
frontier01990,1703522041,1703522106,65
frontier01991,1703522114,1703522122,8
frontier01992,1703521997,1703522003,6
frontier01993,1703522041,1703522106,65
frontier01994,1703522041,1703522107,66
frontier01995,1703522085,1703522115,30
frontier01996,1703522018,1703522059,41
frontier01997,1703522087,1703522116,29
frontier01998,1703522090,1703522117,27
frontier01999,1703522068,1703522113,45
frontier02000,1703522041,1703522106,65
frontier02001,1703522068,1703522114,46
frontier02003,1703522088,1703522116,28
frontier02049,1703522041,1703522105,64
frontier02050,1703522041,1703522106,65
frontier02051,1703522121,1703522124,3
frontier02052,1703522041,1703522105,64
frontier02053,1703522041,1703522106,65
frontier02054,1703522085,1703522115,30
frontier02055,1703522018,1703522059,41
frontier02056,1703522015,1703522054,39
frontier02057,1703522017,1703522054,37
frontier02058,1703522054,1703522109,55
frontier02059,1703522041,1703522106,65
frontier02060,1703522090,1703522117,27
frontier02061,1703522104,1703522120,16
frontier02062,1703522086,1703522115,29
frontier02063,1703522042,1703522112,70
frontier02064,1703522041,1703522106,65
frontier02065,1703522054,1703522109,55
frontier02066,1703521981,1703521991,10
frontier02067,1703522041,1703522105,64
frontier02068,1703522041,1703522106,65
frontier02069,1703522085,1703522115,30
frontier02070,1703521947,1703521951,4
frontier02071,1703522041,1703522106,65
frontier02072,1703522116,1703522123,7
frontier02073,1703522068,1703522114,46
frontier02074,1703521948,1703521952,4
frontier02075,1703522088,1703522115,27
frontier02076,1703522054,1703522111,57
frontier02077,1703522086,1703522116,30
frontier02078,1703522076,1703522114,38
frontier02079,1703521990,1703521998,8
frontier02080,1703521994,1703522005,11
frontier02081,1703522041,1703522107,66
frontier02082,1703522059,1703522111,52
frontier02083,1703522015,1703522042,27
frontier02084,1703521953,1703521967,14
frontier02085,1703522041,1703522108,67
frontier02086,1703522014,1703522042,28
frontier02087,1703522022,1703522065,43
frontier02088,1703521962,1703521973,11
frontier02089,1703522041,1703522106,65
frontier02090,1703522041,1703522106,65
frontier02091,1703522086,1703522115,29
frontier02092,1703522123,1703522125,2
frontier02093,1703522041,1703522106,65
frontier02094,1703522110,1703522120,10
frontier02095,1703522041,1703522106,65
frontier02096,1703522059,1703522112,53
frontier02097,1703522068,1703522113,45
frontier02098,1703522041,1703522105,64
frontier02099,1703522041,1703522106,65
frontier02100,1703522087,1703522116,29
frontier02101,1703522014,1703522041,27
frontier02102,1703522087,1703522115,28
frontier02103,1703522021,1703522063,42
frontier02104,1703522041,1703522106,65
frontier02105,1703521981,1703521992,11
frontier02106,1703522016,1703522053,37
frontier02107,1703522086,1703522116,30
frontier02108,1703522041,1703522106,65
frontier02109,1703522109,1703522120,11
frontier02110,1703522068,1703522113,45
frontier02111,1703522000,1703522007,7
frontier02112,1703521944,1703521948,4
frontier02113,1703521951,1703521965,14
frontier02114,1703522015,1703522054,39
frontier02115,1703522004,1703522021,17
frontier02116,1703522068,1703522113,45
frontier02117,1703522041,1703522105,64
frontier02118,1703521943,1703521947,4
frontier02119,1703521963,1703521974,11
frontier02120,1703522085,1703522115,30
frontier02121,1703521990,1703521998,8
frontier02122,1703522088,1703522116,28
frontier02123,1703521948,1703521952,4
frontier02124,1703522041,1703522106,65
frontier02125,1703522114,1703522120,6
frontier02126,1703522117,1703522124,7
frontier02127,1703522085,1703522116,31
frontier02128,1703522085,1703522114,29
frontier02129,1703522041,1703522106,65
frontier02130,1703522089,1703522117,28
frontier02177,1703522026,1703522067,41
frontier02178,1703522018,1703522057,39
frontier02179,1703522041,1703522106,65
frontier02180,1703522041,1703522105,64
frontier02181,1703521952,1703521966,14
frontier02182,1703521963,1703521975,12
frontier02183,1703522041,1703522106,65
frontier02184,1703522054,1703522111,57
frontier02185,1703521946,1703521950,4
frontier02186,1703522055,1703522112,57
frontier02187,1703522124,1703522126,2
frontier02188,1703521980,1703521988,8
frontier02189,1703522041,1703522105,64
frontier02190,1703522013,1703522036,23
frontier02191,1703521940,1703521944,4
frontier02192,1703522025,1703522064,39
frontier02193,1703522085,1703522115,30
frontier02194,1703522099,1703522118,19
frontier02195,1703522068,1703522113,45
frontier02196,1703522059,1703522113,54
frontier02197,1703522010,1703522027,17
frontier02198,1703522011,1703522034,23
frontier02199,1703522068,1703522114,46
frontier02200,1703521980,1703521988,8
frontier02201,1703522085,1703522115,30
frontier02202,1703522087,1703522116,29
frontier02203,1703522087,1703522115,28
frontier02204,1703522089,1703522116,27
frontier02205,1703521982,1703521991,9
frontier02206,1703521972,1703521980,8
frontier02207,1703522088,1703522115,27
frontier02208,1703521942,1703521946,4
frontier02209,1703522064,1703522113,49
frontier02210,1703522086,1703522115,29
frontier02211,1703522041,1703522106,65
frontier02212,1703522071,1703522114,43
frontier02213,1703521996,1703522004,8
frontier02214,1703522086,1703522115,29
frontier02215,1703522041,1703522106,65
frontier02216,1703522041,1703522106,65
frontier02217,1703521973,1703521980,7
frontier02218,1703522024,1703522064,40
frontier02219,1703522117,1703522123,6
frontier02220,1703522090,1703522117,27
frontier02221,1703522016,1703522057,41
frontier02222,1703522124,1703522126,2
frontier02223,1703522085,1703522115,30
frontier02224,1703522041,1703522106,65
frontier02225,1703522086,1703522115,29
frontier02226,1703522085,1703522115,30
frontier02227,1703522087,1703522116,29
frontier02228,1703522041,1703522106,65
frontier02229,1703522115,1703522121,6
frontier02230,1703522088,1703522117,29
frontier02231,1703522017,1703522057,40
frontier02232,1703522055,1703522112,57
frontier02233,1703522041,1703522106,65
frontier02234,1703522122,1703522125,3
frontier02235,1703522012,1703522035,23
frontier02236,1703522088,1703522116,28
frontier02237,1703521943,1703521947,4
frontier02238,1703522041,1703522106,65
frontier02239,1703522086,1703522115,29
frontier02241,1703522012,1703522035,23
frontier02242,1703521941,1703521944,3
frontier02243,1703522053,1703522109,56
frontier02244,1703522057,1703522112,55
frontier02245,1703522041,1703522106,65
frontier02246,1703522088,1703522116,28
frontier02247,1703522041,1703522106,65
frontier02248,1703522073,1703522114,41
frontier02249,1703522068,1703522113,45
frontier02250,1703522088,1703522117,29
frontier02251,1703522041,1703522104,63
frontier02263,1703522041,1703522106,65
frontier02264,1703522126,1703522128,2
frontier02265,1703522040,1703522105,65
frontier02266,1703522041,1703522105,64
frontier02267,1703521985,1703521995,10
frontier02268,1703522089,1703522116,27
frontier02271,1703521971,1703521979,8
frontier02272,1703522114,1703522121,7
frontier02305,1703522122,1703522125,3
frontier02306,1703522106,1703522119,13
frontier02307,1703521991,1703521999,8
frontier02308,1703522041,1703522105,64
frontier02309,1703522041,1703522106,65
frontier02310,1703522057,1703522112,55
frontier02311,1703522087,1703522116,29
frontier02312,1703522059,1703522112,53
frontier02313,1703521978,1703521987,9
frontier02314,1703522004,1703522021,17
frontier02315,1703522068,1703522113,45
frontier02316,1703521990,1703521999,9
frontier02317,1703522119,1703522123,4
frontier02318,1703522086,1703522116,30
frontier02319,1703522041,1703522107,66
frontier02320,1703522115,1703522120,5
frontier02321,1703522013,1703522041,28
frontier02322,1703521949,1703521954,5
frontier02323,1703522041,1703522106,65
frontier02324,1703522085,1703522115,30
frontier02325,1703521999,1703522005,6
frontier02326,1703522090,1703522117,27
frontier02327,1703522041,1703522106,65
frontier02328,1703521975,1703521982,7
frontier02329,1703521990,1703521999,9
frontier02330,1703521948,1703521953,5
frontier02331,1703522089,1703522117,28
frontier02332,1703522041,1703522108,67
frontier02333,1703521975,1703521985,10
frontier02334,1703522085,1703522115,30
frontier02335,1703521952,1703521966,14
frontier02336,1703521942,1703521945,3
frontier02337,1703522108,1703522119,11
frontier02338,1703521975,1703521985,10
frontier02339,1703522041,1703522106,65
frontier02340,1703522013,1703522041,28
frontier02341,1703521973,1703521980,7
frontier02342,1703522041,1703522106,65
frontier02343,1703522085,1703522116,31
frontier02344,1703522124,1703522126,2
frontier02345,1703522068,1703522114,46
frontier02346,1703522014,1703522041,27
frontier02347,1703522041,1703522106,65
frontier02348,1703522016,1703522054,38
frontier02349,1703522089,1703522116,27
frontier02350,1703522120,1703522124,4
frontier02351,1703522054,1703522110,56
frontier02352,1703522117,1703522123,6
frontier02353,1703521948,1703521951,3
frontier02354,1703522028,1703522067,39
frontier02355,1703522041,1703522106,65
frontier02356,1703521949,1703521953,4
frontier02357,1703522054,1703522109,55
frontier02358,1703522119,1703522123,4
frontier02359,1703521948,1703521952,4
frontier02360,1703521990,1703522000,10
frontier02361,1703522041,1703522105,64
frontier02362,1703521959,1703521973,14
frontier02363,1703522011,1703522033,22
frontier02364,1703522121,1703522123,2
frontier02365,1703522017,1703522055,38
frontier02366,1703522109,1703522121,12
frontier02367,1703522015,1703522042,27
frontier02368,1703522086,1703522115,29
frontier02369,1703522085,1703522116,31
frontier02371,1703522041,1703522106,65
frontier02372,1703522041,1703522106,65
frontier02373,1703522115,1703522120,5
frontier02375,1703521999,1703522005,6
frontier02378,1703521978,1703521987,9
frontier02382,1703522041,1703522106,65
frontier02383,1703522107,1703522119,12
frontier02385,1703522036,1703522105,69
frontier02391,1703522041,1703522106,65
frontier02392,1703522117,1703522121,4
frontier02393,1703522018,1703522054,36
frontier02394,1703522022,1703522065,43
frontier02395,1703522011,1703522034,23
frontier02396,1703521941,1703521945,4
frontier02397,1703522059,1703522113,54
frontier02398,1703522087,1703522116,29
frontier02399,1703522053,1703522108,55
frontier02433,1703522085,1703522115,30
frontier02434,1703521971,1703521980,9
frontier02435,1703522041,1703522105,64
frontier02436,1703522041,1703522106,65
frontier02437,1703522085,1703522115,30
frontier02438,1703522011,1703522035,24
frontier02439,1703522085,1703522115,30
frontier02440,1703522085,1703522116,31
frontier02441,1703522085,1703522115,30
frontier02442,1703522041,1703522106,65
frontier02443,1703522041,1703522105,64
frontier02444,1703522041,1703522107,66
frontier02445,1703522014,1703522038,24
frontier02446,1703522059,1703522112,53
frontier02447,1703522068,1703522113,45
frontier02448,1703521990,1703522004,14
frontier02449,1703522125,1703522128,3
frontier02450,1703522115,1703522121,6
frontier02451,1703522068,1703522113,45
frontier02452,1703522041,1703522106,65
frontier02453,1703522059,1703522114,55
frontier02454,1703522004,1703522018,14
frontier02455,1703522068,1703522113,45
frontier02456,1703522027,1703522068,41
frontier02457,1703522015,1703522042,27
frontier02458,1703522064,1703522113,49
frontier02459,1703522059,1703522112,53
frontier02460,1703521981,1703521992,11
frontier02461,1703522055,1703522112,57
frontier02462,1703522068,1703522113,45
frontier02463,1703522041,1703522106,65
frontier02464,1703522088,1703522116,28
frontier02465,1703522041,1703522105,64
frontier02466,1703522068,1703522114,46
frontier02467,1703522041,1703522106,65
frontier02468,1703522017,1703522058,41
frontier02469,1703522017,1703522058,41
frontier02470,1703522016,1703522058,42
frontier02471,1703522004,1703522021,17
frontier02472,1703521963,1703521975,12
frontier02473,1703522041,1703522105,64
frontier02474,1703522041,1703522106,65
frontier02475,1703522041,1703522106,65
frontier02476,1703522119,1703522123,4
frontier02477,1703522053,1703522109,56
frontier02478,1703522016,1703522057,41
frontier02479,1703522054,1703522109,55
frontier02480,1703522011,1703522035,24
frontier02481,1703522090,1703522117,27
frontier02482,1703522117,1703522121,4
frontier02483,1703522054,1703522110,56
frontier02484,1703521962,1703521973,11
frontier02488,1703522004,1703522017,13
frontier02489,1703522041,1703522105,64
frontier02490,1703521999,1703522007,8
frontier02492,1703522012,1703522037,25
frontier02496,1703522041,1703522105,64
frontier02497,1703522115,1703522121,6
frontier02498,1703522089,1703522116,27
frontier02499,1703522058,1703522112,54
frontier02500,1703522052,1703522107,55
frontier02501,1703522041,1703522107,66
frontier02507,1703522115,1703522122,7
frontier02508,1703522087,1703522116,29
frontier02509,1703522085,1703522114,29
frontier02510,1703522041,1703522106,65
frontier02511,1703522041,1703522106,65
frontier02512,1703522122,1703522125,3
frontier02513,1703521944,1703521947,3
frontier02514,1703522068,1703522113,45
frontier02515,1703522041,1703522105,64
frontier02516,1703521945,1703521949,4
frontier02517,1703521991,1703522004,13
frontier02518,1703521950,1703521963,13
frontier02519,1703522085,1703522115,30
frontier02520,1703521942,1703521945,3
frontier02521,1703522055,1703522112,57
frontier02523,1703522008,1703522023,15
frontier02524,1703521963,1703521975,12
frontier02525,1703522041,1703522105,64
frontier02526,1703522041,1703522106,65
frontier02527,1703522068,1703522113,45
frontier02561,1703521974,1703521982,8
frontier02562,1703522107,1703522119,12
frontier02563,1703522116,1703522121,5
frontier02564,1703522114,1703522120,6
frontier02565,1703522085,1703522114,29
frontier02566,1703522126,1703522128,2
frontier02567,1703522041,1703522107,66
frontier02568,1703522041,1703522105,64
frontier02569,1703521949,1703521954,5
frontier02570,1703522024,1703522064,40
frontier02571,1703521990,1703522000,10
frontier02572,1703522087,1703522115,28
frontier02573,1703522088,1703522117,29
frontier02574,1703522038,1703522076,38
frontier02575,1703522053,1703522109,56
frontier02576,1703522058,1703522111,53
frontier02577,1703522068,1703522113,45
frontier02578,1703522068,1703522114,46
frontier02579,1703521975,1703521982,7
frontier02580,1703522085,1703522115,30
frontier02581,1703522061,1703522112,51
frontier02582,1703522041,1703522106,65
frontier02583,1703522089,1703522116,27
frontier02584,1703522068,1703522113,45
frontier02585,1703522041,1703522106,65
frontier02586,1703522041,1703522106,65
frontier02587,1703522068,1703522114,46
frontier02588,1703522041,1703522106,65
frontier02589,1703522085,1703522115,30
frontier02590,1703522019,1703522060,41
frontier02591,1703522041,1703522106,65
frontier02592,1703522041,1703522106,65
frontier02594,1703522054,1703522109,55
frontier02596,1703522053,1703522109,56
frontier02597,1703522073,1703522114,41
frontier02598,1703521950,1703521954,4
frontier02599,1703522041,1703522105,64
frontier02600,1703522036,1703522105,69
frontier02601,1703522073,1703522114,41
frontier02602,1703521950,1703521963,13
frontier02604,1703522090,1703522116,26
frontier02605,1703522068,1703522113,45
frontier02606,1703521990,1703522000,10
frontier02609,1703522123,1703522125,2
frontier02612,1703522068,1703522114,46
frontier02613,1703522094,1703522117,23
frontier02614,1703522034,1703522088,54
frontier02615,1703522018,1703522057,39
frontier02616,1703522068,1703522113,45
frontier02617,1703522016,1703522054,38
frontier02618,1703522041,1703522105,64
frontier02621,1703522120,1703522125,5
frontier02622,1703521997,1703522004,7
frontier02623,1703522022,1703522064,42
frontier02624,1703522041,1703522106,65
frontier02625,1703522126,1703522128,2
frontier02626,1703522085,1703522114,29
frontier02630,1703521978,1703521990,12
frontier02633,1703522054,1703522111,57
frontier02634,1703522054,1703522110,56
frontier02635,1703522124,1703522126,2
frontier02636,1703522041,1703522105,64
frontier02637,1703522123,1703522125,2
frontier02638,1703522115,1703522121,6
frontier02639,1703521942,1703521945,3
frontier02640,1703522073,1703522115,42
frontier02641,1703522020,1703522060,40
frontier02642,1703522041,1703522106,65
frontier02643,1703521982,1703521992,10
frontier02644,1703522006,1703522019,13
frontier02646,1703522014,1703522041,27
frontier02647,1703522014,1703522041,27
frontier02648,1703522068,1703522113,45
frontier02651,1703521978,1703521991,13
frontier02652,1703522010,1703522033,23
frontier02653,1703521999,1703522005,6
frontier02654,1703522054,1703522110,56
frontier02655,1703522123,1703522126,3
frontier02656,1703522068,1703522113,45
frontier02657,1703522115,1703522120,5
frontier02658,1703522041,1703522106,65
frontier02659,1703522069,1703522114,45
frontier02689,1703521979,1703521988,9
frontier02690,1703522088,1703522117,29
frontier02691,1703522059,1703522113,54
frontier02692,1703522041,1703522106,65
frontier02693,1703522041,1703522106,65
frontier02694,1703522105,1703522118,13
frontier02695,1703522114,1703522120,6
frontier02696,1703522116,1703522121,5
frontier02697,1703522041,1703522105,64
frontier02698,1703522105,1703522119,14
frontier02699,1703522054,1703522110,56
frontier02700,1703522089,1703522117,28
frontier02701,1703521964,1703521977,13
frontier02702,1703522027,1703522068,41
frontier02703,1703522041,1703522106,65
frontier02704,1703522122,1703522125,3
frontier02705,1703522016,1703522055,39
frontier02706,1703522085,1703522115,30
frontier02707,1703522046,1703522107,61
frontier02708,1703522068,1703522113,45
frontier02709,1703522055,1703522111,56
frontier02710,1703522086,1703522116,30
frontier02711,1703522053,1703522109,56
frontier02712,1703522068,1703522113,45
frontier02713,1703522012,1703522034,22
frontier02714,1703522017,1703522057,40
frontier02715,1703522086,1703522115,29
frontier02716,1703522068,1703522113,45
frontier02717,1703521980,1703521988,8
frontier02718,1703521946,1703521950,4
frontier02719,1703522021,1703522063,42
frontier02720,1703522015,1703522052,37
frontier02721,1703522124,1703522126,2
frontier02722,1703521957,1703521973,16
frontier02723,1703521963,1703521973,10
frontier02724,1703521943,1703521946,3
frontier02725,1703521942,1703521946,4
frontier02726,1703522041,1703522105,64
frontier02727,1703522124,1703522127,3
frontier02728,1703521975,1703521982,7
frontier02729,1703522089,1703522116,27
frontier02730,1703521990,1703521999,9
frontier02731,1703522122,1703522126,4
frontier02740,1703522059,1703522113,54
frontier02741,1703522059,1703522111,52
frontier02743,1703522086,1703522116,30
frontier02747,1703522092,1703522117,25
frontier02749,1703522085,1703522115,30
frontier02750,1703522055,1703522111,56
frontier02751,1703522086,1703522115,29
frontier02752,1703521996,1703522004,8
frontier02753,1703521949,1703521952,3
frontier02754,1703522004,1703522016,12
frontier02755,1703522068,1703522113,45
frontier02756,1703522011,1703522034,23
frontier02757,1703522021,1703522063,42
frontier02758,1703522036,1703522106,70
frontier02759,1703522068,1703522114,46
frontier02760,1703522041,1703522106,65
frontier02761,1703522071,1703522114,43
frontier02762,1703522041,1703522107,66
frontier02763,1703522041,1703522106,65
frontier02764,1703522054,1703522109,55
frontier02765,1703522089,1703522117,28
frontier02766,1703522054,1703522110,56
frontier02767,1703522085,1703522115,30
frontier02768,1703522041,1703522106,65
frontier02769,1703522085,1703522115,30
frontier02770,1703522087,1703522116,29
frontier02771,1703522087,1703522116,29
frontier02772,1703522041,1703522106,65
frontier02773,1703522041,1703522106,65
frontier02774,1703522087,1703522116,29
frontier02775,1703522068,1703522113,45
frontier02776,1703522092,1703522118,26
frontier02777,1703521998,1703522005,7
frontier02778,1703522085,1703522115,30
frontier02779,1703522090,1703522117,27
frontier02780,1703522004,1703522022,18
frontier02781,1703522041,1703522105,64
frontier02782,1703522041,1703522106,65
frontier02783,1703522086,1703522115,29
frontier02817,1703521998,1703522005,7
frontier02818,1703522087,1703522116,29
frontier02819,1703522041,1703522105,64
frontier02820,1703522041,1703522106,65
frontier02821,1703522108,1703522121,13
frontier02822,1703522041,1703522105,64
frontier02823,1703522033,1703522105,72
frontier02824,1703522125,1703522127,2
frontier02825,1703522104,1703522119,15
frontier02826,1703522015,1703522041,26
frontier02827,1703522019,1703522060,41
frontier02828,1703522041,1703522106,65
frontier02829,1703522118,1703522122,4
frontier02830,1703522014,1703522059,45
frontier02831,1703522012,1703522035,23
frontier02832,1703522123,1703522126,3
frontier02833,1703522041,1703522106,65
frontier02834,1703522087,1703522116,29
frontier02835,1703522115,1703522121,6
frontier02836,1703521990,1703521999,9
frontier02837,1703522085,1703522115,30
frontier02838,1703522124,1703522126,2
frontier02839,1703522059,1703522113,54
frontier02840,1703522014,1703522041,27
frontier02841,1703522041,1703522105,64
frontier02842,1703522114,1703522121,7
frontier02843,1703522041,1703522105,64
frontier02844,1703522087,1703522117,30
frontier02847,1703522069,1703522113,44
frontier02848,1703521948,1703521952,4
frontier02849,1703522054,1703522111,57
frontier02850,1703522085,1703522115,30
frontier02851,1703522028,1703522065,37
frontier02852,1703521971,1703521978,7
frontier02853,1703522014,1703522041,27
frontier02854,1703522014,1703522041,27
frontier02855,1703522069,1703522113,44
frontier02856,1703522088,1703522117,29
frontier02857,1703522091,1703522117,26
frontier02858,1703522041,1703522106,65
frontier02859,1703522088,1703522116,28
frontier02860,1703522068,1703522113,45
frontier02861,1703522124,1703522126,2
frontier02866,1703522042,1703522107,65
frontier02868,1703522041,1703522106,65
frontier02871,1703522015,1703522052,37
frontier02873,1703522124,1703522126,2
frontier02874,1703522041,1703522107,66
frontier02876,1703522086,1703522115,29
frontier02877,1703522041,1703522106,65
frontier02878,1703522057,1703522111,54
frontier02883,1703522063,1703522113,50
frontier02884,1703522016,1703522057,41
frontier02885,1703522123,1703522125,2
frontier02886,1703522111,1703522119,8
frontier02887,1703521971,1703521979,8
frontier02888,1703522041,1703522106,65
frontier02889,1703522059,1703522112,53
frontier02890,1703522068,1703522114,46
frontier02891,1703522068,1703522113,45
frontier02892,1703522089,1703522116,27
frontier02893,1703522087,1703522116,29
frontier02894,1703522068,1703522113,45
frontier02895,1703522124,1703522126,2
frontier02896,1703521971,1703521980,9
frontier02897,1703522124,1703522126,2
frontier02898,1703522115,1703522121,6
frontier02899,1703522068,1703522113,45
frontier02900,1703522041,1703522105,64
frontier02901,1703522041,1703522106,65
frontier02902,1703522059,1703522113,54
frontier02903,1703521972,1703521980,8
frontier02904,1703521963,1703521973,10
frontier02905,1703522041,1703522106,65
frontier02906,1703522004,1703522018,14
frontier02907,1703521998,1703522007,9
frontier02908,1703522041,1703522105,64
frontier02909,1703521952,1703521964,12
frontier02910,1703521953,1703521969,16
frontier02911,1703522041,1703522106,65
frontier02912,1703521973,1703521982,9
frontier02913,1703521991,1703522000,9
frontier02945,1703522086,1703522115,29
frontier02946,1703522041,1703522106,65
frontier02947,1703522111,1703522120,9
frontier02948,1703522014,1703522041,27
frontier02949,1703522088,1703522116,28
frontier02950,1703522085,1703522114,29
frontier02951,1703522020,1703522061,41
frontier02952,1703521978,1703521990,12
frontier02953,1703522085,1703522115,30
frontier02954,1703522068,1703522113,45
frontier02955,1703522024,1703522064,40
frontier02956,1703522068,1703522114,46
frontier02957,1703522097,1703522118,21
frontier02958,1703521942,1703521946,4
frontier02959,1703522089,1703522116,27
frontier02960,1703522041,1703522106,65
frontier02961,1703521998,1703522004,6
frontier02962,1703522087,1703522116,29
frontier02963,1703522041,1703522106,65
frontier02964,1703521963,1703521975,12
frontier02965,1703521942,1703521945,3
frontier02966,1703522041,1703522106,65
frontier02967,1703522092,1703522118,26
frontier02968,1703522123,1703522126,3
frontier02969,1703522061,1703522113,52
frontier02970,1703522068,1703522114,46
frontier02971,1703522112,1703522121,9
frontier02972,1703522000,1703522006,6
frontier02973,1703522089,1703522116,27
frontier02974,1703522013,1703522053,40
frontier02975,1703522041,1703522105,64
frontier02976,1703522041,1703522107,66
frontier02977,1703522006,1703522021,15
frontier02978,1703521981,1703521990,9
frontier02979,1703522086,1703522115,29
frontier02980,1703522086,1703522116,30
frontier02981,1703522118,1703522124,6
frontier02982,1703522068,1703522114,46
frontier02983,1703522000,1703522005,5
frontier02984,1703521954,1703521969,15
frontier02985,1703522076,1703522114,38
frontier02986,1703522041,1703522107,66
frontier02987,1703522068,1703522113,45
frontier02999,1703522076,1703522114,38
frontier03000,1703522090,1703522118,28
frontier03001,1703522053,1703522109,56
frontier03002,1703522066,1703522113,47
frontier03003,1703522016,1703522055,39
frontier03004,1703522059,1703522112,53
frontier03005,1703522068,1703522113,45
frontier03006,1703522087,1703522115,28
frontier03008,1703522022,1703522065,43
frontier03010,1703522114,1703522121,7
frontier03011,1703522053,1703522109,56
frontier03012,1703522068,1703522114,46
frontier03024,1703522054,1703522110,56
frontier03026,1703522014,1703522037,23
frontier03027,1703522087,1703522116,29
frontier03028,1703522068,1703522114,46
frontier03029,1703522041,1703522105,64
frontier03030,1703522089,1703522116,27
frontier03033,1703522123,1703522126,3
frontier03034,1703522054,1703522109,55
frontier03035,1703522041,1703522105,64
frontier03036,1703522041,1703522107,66
frontier03037,1703522086,1703522116,30
frontier03038,1703522041,1703522106,65
frontier03039,1703522004,1703522021,17
frontier03040,1703522012,1703522038,26
frontier03041,1703522090,1703522117,27
frontier03042,1703522068,1703522113,45
frontier03043,1703522014,1703522037,23
frontier03044,1703522085,1703522115,30
frontier03047,1703522114,1703522120,6
frontier03048,1703522068,1703522114,46
frontier03049,1703522087,1703522116,29
frontier03050,1703521947,1703521951,4
frontier03051,1703522087,1703522116,29
frontier03052,1703522010,1703522033,23
frontier03053,1703522012,1703522038,26
frontier03054,1703522087,1703522116,29
frontier03055,1703522054,1703522110,56
frontier03073,1703522038,1703522085,47
frontier03074,1703522016,1703522054,38
frontier03075,1703522124,1703522126,2
frontier03076,1703522086,1703522115,29
frontier03077,1703522086,1703522115,29
frontier03078,1703522086,1703522116,30
frontier03079,1703522041,1703522106,65
frontier03080,1703522041,1703522106,65
frontier03081,1703521972,1703521980,8
frontier03082,1703522099,1703522118,19
frontier03083,1703522055,1703522111,56
frontier03084,1703522057,1703522111,54
frontier03085,1703522041,1703522106,65
frontier03086,1703522088,1703522116,28
frontier03087,1703522089,1703522117,28
frontier03088,1703522024,1703522064,40
frontier03089,1703522124,1703522126,2
frontier03090,1703522028,1703522065,37
frontier03091,1703522088,1703522116,28
frontier03092,1703522041,1703522105,64
frontier03093,1703522068,1703522113,45
frontier03094,1703522004,1703522020,16
frontier03095,1703522087,1703522116,29
frontier03096,1703522015,1703522053,38
frontier03097,1703522086,1703522115,29
frontier03098,1703522003,1703522015,12
frontier03099,1703522122,1703522125,3
frontier03100,1703522011,1703522034,23
frontier03101,1703522041,1703522105,64
frontier03102,1703522041,1703522107,66
frontier03103,1703522028,1703522069,41
frontier03104,1703522123,1703522125,2
frontier03105,1703522041,1703522105,64
frontier03106,1703522107,1703522120,13
frontier03107,1703522013,1703522042,29
frontier03108,1703522054,1703522109,55
frontier03109,1703522041,1703522106,65
frontier03110,1703522053,1703522109,56
frontier03111,1703521951,1703521964,13
frontier03113,1703522069,1703522113,44
frontier03116,1703521974,1703521985,11
frontier03123,1703521950,1703521954,4
frontier03124,1703522120,1703522123,3
frontier03129,1703521946,1703521950,4
frontier03130,1703521990,1703522000,10
frontier03131,1703522013,1703522035,22
frontier03132,1703521981,1703521991,10
frontier03133,1703522010,1703522034,24
frontier03134,1703521999,1703522005,6
frontier03135,1703522085,1703522115,30
frontier03137,1703522015,1703522042,27
frontier03138,1703522085,1703522115,30
frontier03139,1703522041,1703522106,65
frontier03140,1703522058,1703522111,53
frontier03141,1703522014,1703522041,27
frontier03142,1703522087,1703522115,28
frontier03143,1703522028,1703522068,40
frontier03144,1703522122,1703522126,4
frontier03145,1703522041,1703522106,65
frontier03146,1703522068,1703522114,46
frontier03147,1703522085,1703522116,31
frontier03148,1703521990,1703521998,8
frontier03149,1703521945,1703521948,3
frontier03150,1703521963,1703521973,10
frontier03151,1703521990,1703522004,14
frontier03152,1703521972,1703521979,7
frontier03153,1703521984,1703521995,11
frontier03154,1703522041,1703522106,65
frontier03155,1703522059,1703522112,53
frontier03156,1703522053,1703522110,57
frontier03157,1703522090,1703522117,27
frontier03158,1703522068,1703522114,46
frontier03159,1703522086,1703522116,30
frontier03160,1703522041,1703522105,64
frontier03161,1703522085,1703522114,29
frontier03162,1703522120,1703522123,3
frontier03163,1703522012,1703522036,24
frontier03164,1703522124,1703522127,3
frontier03165,1703522068,1703522114,46
frontier03166,1703521979,1703521988,9
frontier03167,1703522068,1703522113,45
frontier03168,1703522020,1703522060,40
frontier03203,1703522041,1703522105,64
frontier03204,1703522116,1703522122,6
frontier03205,1703522041,1703522106,65
frontier03206,1703522004,1703522019,15
frontier03207,1703522098,1703522118,20
frontier03208,1703522118,1703522122,4
frontier03209,1703522085,1703522115,30
frontier03210,1703521978,1703521990,12
frontier03211,1703522041,1703522105,64
frontier03212,1703522041,1703522106,65
frontier03213,1703522126,1703522128,2
frontier03214,1703522092,1703522116,24
frontier03215,1703522017,1703522055,38
frontier03216,1703522113,1703522120,7
frontier03217,1703522041,1703522107,66
frontier03218,1703521979,1703521988,9
frontier03219,1703522123,1703522125,2
frontier03220,1703521979,1703521987,8
frontier03221,1703522041,1703522105,64
frontier03222,1703522090,1703522116,26
frontier03223,1703521991,1703521999,8
frontier03224,1703522045,1703522109,64
frontier03225,1703522054,1703522111,57
frontier03226,1703522085,1703522114,29
frontier03227,1703522059,1703522111,52
frontier03228,1703522116,1703522121,5
frontier03229,1703522073,1703522114,41
frontier03230,1703521981,1703521991,10
frontier03231,1703522068,1703522113,45
frontier03232,1703522068,1703522113,45
frontier03233,1703522058,1703522111,53
frontier03234,1703522120,1703522123,3
frontier03235,1703522041,1703522106,65
frontier03236,1703522086,1703522116,30
frontier03237,1703522068,1703522114,46
frontier03238,1703522053,1703522109,56
frontier03239,1703522068,1703522113,45
frontier03240,1703522004,1703522018,14
frontier03241,1703522054,1703522110,56
frontier03242,1703522041,1703522106,65
frontier03243,1703522011,1703522034,23
frontier03244,1703522057,1703522111,54
frontier03245,1703521997,1703522005,8
frontier03246,1703522122,1703522125,3
frontier03247,1703522016,1703522054,38
frontier03248,1703522124,1703522126,2
frontier03249,1703522041,1703522106,65
frontier03250,1703522041,1703522106,65
frontier03251,1703522106,1703522120,14
frontier03252,1703522055,1703522111,56
frontier03253,1703522112,1703522120,8
frontier03254,1703522089,1703522116,27
frontier03255,1703522057,1703522111,54
frontier03256,1703522053,1703522109,56
frontier03259,1703522054,1703522110,56
frontier03260,1703522122,1703522124,2
frontier03261,1703522013,1703522042,29
frontier03262,1703522088,1703522116,28
frontier03263,1703522054,1703522109,55
frontier03264,1703522116,1703522121,5
frontier03265,1703522085,1703522115,30
frontier03266,1703522068,1703522113,45
frontier03267,1703522089,1703522116,27
frontier03274,1703522123,1703522125,2
frontier03275,1703522058,1703522111,53
frontier03277,1703522020,1703522060,40
frontier03278,1703522068,1703522114,46
frontier03279,1703522059,1703522114,55
frontier03280,1703522068,1703522113,45
frontier03285,1703522055,1703522112,57
frontier03286,1703522089,1703522116,27
frontier03287,1703522068,1703522113,45
frontier03288,1703522041,1703522105,64
frontier03289,1703522033,1703522104,71
frontier03290,1703522092,1703522117,25
frontier03291,1703522068,1703522114,46
frontier03292,1703522004,1703522019,15
frontier03293,1703522052,1703522108,56
frontier03294,1703522020,1703522061,41
frontier03295,1703522068,1703522113,45
frontier03296,1703522111,1703522120,9
frontier03297,1703522068,1703522113,45
frontier03329,1703522119,1703522125,6
frontier03330,1703522041,1703522105,64
frontier03331,1703522085,1703522115,30
frontier03332,1703522118,1703522121,3
frontier03333,1703522021,1703522064,43
frontier03334,1703522085,1703522115,30
frontier03335,1703522097,1703522118,21
frontier03336,1703522012,1703522035,23
frontier03337,1703522086,1703522115,29
frontier03338,1703522017,1703522058,41
frontier03339,1703521990,1703522000,10
frontier03340,1703522041,1703522105,64
frontier03341,1703522068,1703522113,45
frontier03342,1703522110,1703522119,9
frontier03343,1703522055,1703522110,55
frontier03344,1703522011,1703522034,23
frontier03345,1703522005,1703522027,22
frontier03346,1703522012,1703522036,24
frontier03347,1703522088,1703522117,29
frontier03348,1703522086,1703522116,30
frontier03349,1703522086,1703522115,29
frontier03350,1703522012,1703522035,23
frontier03351,1703522091,1703522117,26
frontier03352,1703522053,1703522108,55
frontier03353,1703522117,1703522121,4
frontier03354,1703522059,1703522111,52
frontier03355,1703521998,1703522005,7
frontier03356,1703522033,1703522087,54
frontier03357,1703522087,1703522116,29
frontier03358,1703522068,1703522114,46
frontier03359,1703522088,1703522116,28
frontier03360,1703522028,1703522069,41
frontier03361,1703522073,1703522115,42
frontier03362,1703522086,1703522116,30
frontier03363,1703522041,1703522106,65
frontier03364,1703522124,1703522127,3
frontier03365,1703522042,1703522106,64
frontier03366,1703521982,1703521992,10
frontier03367,1703522013,1703522035,22
frontier03368,1703522121,1703522124,3
frontier03369,1703522023,1703522065,42
frontier03370,1703522103,1703522120,17
frontier03371,1703522059,1703522112,53
frontier03374,1703522085,1703522115,30
frontier03375,1703522041,1703522106,65
frontier03376,1703521997,1703522003,6
frontier03377,1703522061,1703522113,52
frontier03378,1703522059,1703522113,54
frontier03383,1703522085,1703522115,30
frontier03384,1703522041,1703522106,65
frontier03385,1703522091,1703522117,26
frontier03386,1703522068,1703522113,45
frontier03387,1703521990,1703522001,11
frontier03388,1703522085,1703522116,31
frontier03389,1703522041,1703522106,65
frontier03390,1703522041,1703522105,64
frontier03391,1703522041,1703522105,64
frontier03392,1703522118,1703522124,6
frontier03393,1703522086,1703522116,30
frontier03394,1703522033,1703522104,71
frontier03395,1703522085,1703522114,29
frontier03396,1703522068,1703522114,46
frontier03401,1703522087,1703522116,29
frontier03402,1703522087,1703522115,28
frontier03403,1703521973,1703521982,9
frontier03404,1703522126,1703522128,2
frontier03405,1703522068,1703522114,46
frontier03406,1703522086,1703522115,29
frontier03407,1703522052,1703522108,56
frontier03408,1703522090,1703522116,26
frontier03409,1703522117,1703522122,5
frontier03410,1703522004,1703522020,16
frontier03412,1703522088,1703522116,28
frontier03413,1703522015,1703522037,22
frontier03414,1703522021,1703522063,42
frontier03415,1703522068,1703522113,45
frontier03416,1703522021,1703522063,42
frontier03417,1703522057,1703522112,55
frontier03418,1703522059,1703522111,52
frontier03419,1703522073,1703522114,41
frontier03420,1703522028,1703522069,41
frontier03421,1703522053,1703522109,56
frontier03457,1703522041,1703522106,65
frontier03458,1703522042,1703522108,66
frontier03459,1703522125,1703522127,2
frontier03460,1703521998,1703522005,7
frontier03461,1703522004,1703522018,14
frontier03462,1703522041,1703522106,65
frontier03463,1703522041,1703522105,64
frontier03464,1703522086,1703522115,29
frontier03465,1703522090,1703522116,26
frontier03466,1703522089,1703522117,28
frontier03467,1703522004,1703522018,14
frontier03468,1703522059,1703522113,54
frontier03469,1703522087,1703522115,28
frontier03470,1703522033,1703522106,73
frontier03471,1703522034,1703522088,54
frontier03472,1703522087,1703522115,28
frontier03473,1703522121,1703522123,2
frontier03474,1703522115,1703522123,8
frontier03475,1703522086,1703522116,30
frontier03476,1703522117,1703522121,4
frontier03477,1703522058,1703522111,53
frontier03478,1703522033,1703522070,37
frontier03479,1703522086,1703522116,30
frontier03480,1703522115,1703522122,7
frontier03481,1703522089,1703522117,28
frontier03482,1703521997,1703522004,7
frontier03483,1703522085,1703522115,30
frontier03484,1703522085,1703522115,30
frontier03485,1703522041,1703522106,65
frontier03486,1703522052,1703522108,56
frontier03487,1703522061,1703522113,52
frontier03488,1703522068,1703522114,46
frontier03489,1703522085,1703522115,30
frontier03490,1703522090,1703522116,26
frontier03491,1703522115,1703522120,5
frontier03492,1703522041,1703522105,64
frontier03493,1703522090,1703522117,27
frontier03494,1703522069,1703522114,45
frontier03495,1703522054,1703522110,56
frontier03496,1703522068,1703522113,45
frontier03497,1703522090,1703522116,26
frontier03498,1703522068,1703522113,45
frontier03499,1703522041,1703522105,64
frontier03500,1703522015,1703522041,26
frontier03501,1703522004,1703522015,11
frontier03502,1703522089,1703522117,28
frontier03503,1703522085,1703522115,30
frontier03506,1703522117,1703522124,7
frontier03507,1703522041,1703522107,66
frontier03508,1703522086,1703522115,29
frontier03509,1703522041,1703522105,64
frontier03510,1703522087,1703522116,29
frontier03511,1703522011,1703522035,24
frontier03512,1703522041,1703522104,63
frontier03513,1703522015,1703522041,26
frontier03514,1703522011,1703522033,22
frontier03515,1703522117,1703522123,6
frontier03516,1703522028,1703522065,37
frontier03517,1703522114,1703522120,6
frontier03518,1703521979,1703521987,8
frontier03519,1703522059,1703522111,52
frontier03520,1703522068,1703522114,46
frontier03521,1703522041,1703522106,65
frontier03522,1703521991,1703522004,13
frontier03523,1703521990,1703522003,13
frontier03524,1703522015,1703522052,37
frontier03525,1703521971,1703521979,8
frontier03526,1703522041,1703522106,65
frontier03527,1703522099,1703522119,20
frontier03528,1703522121,1703522124,3
frontier03529,1703522004,1703522021,17
frontier03530,1703522087,1703522115,28
frontier03531,1703522041,1703522106,65
frontier03532,1703521998,1703522005,7
frontier03533,1703522085,1703522116,31
frontier03539,1703522040,1703522106,66
frontier03540,1703522090,1703522117,27
frontier03541,1703522053,1703522108,55
frontier03542,1703522125,1703522127,2
frontier03543,1703522041,1703522106,65
frontier03544,1703521981,1703521991,10
frontier03545,1703522011,1703522035,24
frontier03585,1703522097,1703522119,22
frontier03586,1703522085,1703522115,30
frontier03587,1703522085,1703522115,30
frontier03588,1703522086,1703522115,29
frontier03589,1703522112,1703522119,7
frontier03590,1703522041,1703522105,64
frontier03591,1703522041,1703522105,64
frontier03592,1703522059,1703522114,55
frontier03593,1703522068,1703522114,46
frontier03594,1703522088,1703522116,28
frontier03595,1703521974,1703521983,9
frontier03596,1703522086,1703522115,29
frontier03597,1703522086,1703522115,29
frontier03598,1703522087,1703522116,29
frontier03599,1703522059,1703522113,54
frontier03600,1703522041,1703522106,65
frontier03601,1703522068,1703522113,45
frontier03602,1703522076,1703522114,38
frontier03603,1703522012,1703522036,24
frontier03604,1703522041,1703522106,65
frontier03605,1703522041,1703522106,65
frontier03606,1703522106,1703522119,13
frontier03607,1703522068,1703522114,46
frontier03608,1703522085,1703522115,30
frontier03609,1703522059,1703522112,53
frontier03610,1703522040,1703522105,65
frontier03611,1703522069,1703522113,44
frontier03612,1703522041,1703522106,65
frontier03613,1703522004,1703522015,11
frontier03614,1703522086,1703522116,30
frontier03615,1703522069,1703522114,45
frontier03616,1703522089,1703522116,27
frontier03617,1703522089,1703522117,28
frontier03618,1703522016,1703522055,39
frontier03619,1703522015,1703522041,26
frontier03620,1703521998,1703522005,7
frontier03621,1703522085,1703522115,30
frontier03622,1703522041,1703522106,65
frontier03623,1703522041,1703522106,65
frontier03624,1703522041,1703522106,65
frontier03625,1703522014,1703522041,27
frontier03626,1703522068,1703522113,45
frontier03627,1703522041,1703522106,65
frontier03628,1703522117,1703522122,5
frontier03631,1703522121,1703522124,3
frontier03632,1703522053,1703522108,55
frontier03633,1703522073,1703522114,41
frontier03634,1703522087,1703522116,29
frontier03635,1703522004,1703522021,17
frontier03636,1703522010,1703522029,19
frontier03637,1703522091,1703522117,26
frontier03638,1703522036,1703522104,68
frontier03639,1703522125,1703522127,2
frontier03640,1703522057,1703522111,54
frontier03641,1703522085,1703522115,30
frontier03642,1703521983,1703521991,8
frontier03643,1703522014,1703522037,23
frontier03644,1703521990,1703521999,9
frontier03645,1703521974,1703521981,7
frontier03646,1703522086,1703522116,30
frontier03647,1703522066,1703522114,48
frontier03648,1703522068,1703522113,45
frontier03649,1703522085,1703522115,30
frontier03650,1703522038,1703522084,46
frontier03651,1703522041,1703522107,66
frontier03652,1703522021,1703522064,43
frontier03653,1703522068,1703522114,46
frontier03654,1703522085,1703522115,30
frontier03655,1703522098,1703522118,20
frontier03656,1703522114,1703522121,7
frontier03663,1703522059,1703522113,54
frontier03664,1703522068,1703522113,45
frontier03665,1703522087,1703522117,30
frontier03666,1703522068,1703522113,45
frontier03667,1703522014,1703522041,27
frontier03668,1703522054,1703522109,55
frontier03669,1703522041,1703522105,64
frontier03670,1703522085,1703522115,30
frontier03671,1703522010,1703522034,24
frontier03672,1703522068,1703522114,46
frontier03673,1703521980,1703521990,10
frontier03674,1703522054,1703522110,56
frontier03713,1703522042,1703522106,64
frontier03714,1703522068,1703522113,45
frontier03715,1703521998,1703522005,7
frontier03716,1703522123,1703522126,3
frontier03717,1703521965,1703521979,14
frontier03718,1703522004,1703522017,13
frontier03719,1703522085,1703522116,31
frontier03720,1703522089,1703522116,27
frontier03723,1703522051,1703522108,57
frontier03724,1703522041,1703522106,65
frontier03725,1703522004,1703522016,12
frontier03726,1703522124,1703522127,3
frontier03727,1703522068,1703522114,46
frontier03728,1703522086,1703522115,29
frontier03729,1703522085,1703522115,30
frontier03730,1703522089,1703522117,28
frontier03731,1703522014,1703522041,27
frontier03732,1703522053,1703522109,56
frontier03733,1703522068,1703522113,45
frontier03734,1703522085,1703522115,30
frontier03735,1703521980,1703521987,7
frontier03736,1703522041,1703522106,65
frontier03737,1703522112,1703522121,9
frontier03738,1703522125,1703522127,2
frontier03739,1703522038,1703522085,47
frontier03740,1703522122,1703522124,2
frontier03741,1703522069,1703522114,45
frontier03742,1703522016,1703522057,41
frontier03743,1703522041,1703522106,65
frontier03744,1703522087,1703522116,29
frontier03745,1703522123,1703522125,2
frontier03746,1703522036,1703522106,70
frontier03747,1703522068,1703522113,45
frontier03748,1703522018,1703522055,37
frontier03750,1703522054,1703522110,56
frontier03751,1703522018,1703522057,39
frontier03752,1703522042,1703522107,65
frontier03753,1703522041,1703522105,64
frontier03754,1703521998,1703522005,7
frontier03755,1703522041,1703522106,65
frontier03756,1703522053,1703522110,57
frontier03757,1703522085,1703522116,31
frontier03758,1703522074,1703522113,39
frontier03759,1703522041,1703522105,64
frontier03760,1703522116,1703522122,6
frontier03761,1703522068,1703522114,46
frontier03762,1703521972,1703521981,9
frontier03763,1703522068,1703522113,45
frontier03764,1703522011,1703522034,23
frontier03765,1703522123,1703522125,2
frontier03768,1703522041,1703522107,66
frontier03769,1703522124,1703522126,2
frontier03770,1703522010,1703522034,24
frontier03771,1703522068,1703522113,45
frontier03772,1703522085,1703522115,30
frontier03773,1703522041,1703522106,65
frontier03774,1703522060,1703522113,53
frontier03784,1703522014,1703522042,28
frontier03786,1703522116,1703522122,6
frontier03787,1703522091,1703522117,26
frontier03788,1703522059,1703522112,53
frontier03789,1703522041,1703522106,65
frontier03790,1703522041,1703522106,65
frontier03791,1703522118,1703522124,6
frontier03792,1703522068,1703522114,46
frontier03793,1703522014,1703522041,27
frontier03794,1703522085,1703522115,30
frontier03795,1703522060,1703522113,53
frontier03796,1703522018,1703522060,42
frontier03797,1703522085,1703522115,30
frontier03798,1703522085,1703522115,30
frontier03799,1703522004,1703522020,16
frontier03800,1703522089,1703522116,27
frontier03801,1703522053,1703522109,56
frontier03802,1703522041,1703522106,65
frontier03803,1703521990,1703521999,9
frontier03804,1703522059,1703522114,55
frontier03805,1703522123,1703522126,3
frontier03806,1703522015,1703522041,26
frontier03807,1703522005,1703522027,22
frontier03808,1703522117,1703522123,6
frontier03809,1703522012,1703522035,23
frontier03841,1703522099,1703522118,19
frontier03842,1703522041,1703522106,65
frontier03843,1703522059,1703522112,53
frontier03844,1703522104,1703522118,14
frontier03845,1703522087,1703522115,28
frontier03846,1703522068,1703522113,45
frontier03847,1703522089,1703522116,27
frontier03848,1703522118,1703522123,5
frontier03849,1703522053,1703522109,56
frontier03850,1703522041,1703522106,65
frontier03851,1703522016,1703522055,39
frontier03852,1703522014,1703522041,27
frontier03853,1703522018,1703522055,37
frontier03854,1703522120,1703522123,3
frontier03855,1703522041,1703522106,65
frontier03856,1703522123,1703522126,3
frontier03857,1703522054,1703522110,56
frontier03858,1703522090,1703522116,26
frontier03859,1703522115,1703522121,6
frontier03860,1703521972,1703521980,8
frontier03861,1703522066,1703522113,47
frontier03862,1703522041,1703522106,65
frontier03863,1703522086,1703522115,29
frontier03864,1703522090,1703522116,26
frontier03865,1703522115,1703522121,6
frontier03866,1703522068,1703522113,45
frontier03867,1703522041,1703522106,65
frontier03868,1703522069,1703522113,44
frontier03869,1703521972,1703521980,8
frontier03870,1703522011,1703522034,23
frontier03872,1703522059,1703522111,52
frontier03873,1703522085,1703522115,30
frontier03874,1703522086,1703522116,30
frontier03875,1703522068,1703522114,46
frontier03876,1703522085,1703522115,30
frontier03877,1703522085,1703522115,30
frontier03878,1703522024,1703522063,39
frontier03879,1703522124,1703522126,2
frontier03880,1703522051,1703522107,56
frontier03881,1703522041,1703522105,64
frontier03882,1703522041,1703522107,66
frontier03883,1703522041,1703522107,66
frontier03884,1703521985,1703521995,10
frontier03885,1703522041,1703522104,63
frontier03886,1703522087,1703522116,29
frontier03887,1703522068,1703522113,45
frontier03888,1703522017,1703522054,37
frontier03889,1703521943,1703521947,4
frontier03890,1703521972,1703521979,7
frontier03891,1703522058,1703522111,53
frontier03893,1703522116,1703522121,5
frontier03894,1703522059,1703522114,55
frontier03895,1703522088,1703522117,29
frontier03896,1703522053,1703522108,55
frontier03897,1703522121,1703522124,3
frontier03898,1703522115,1703522121,6
frontier03899,1703522028,1703522073,45
frontier03900,1703522114,1703522121,7
frontier03907,1703522041,1703522106,65
frontier03910,1703522115,1703522121,6
frontier03912,1703522085,1703522115,30
frontier03913,1703522085,1703522115,30
frontier03915,1703522085,1703522115,30
frontier03916,1703522115,1703522122,7
frontier03917,1703522019,1703522060,41
frontier03918,1703522017,1703522057,40
frontier03919,1703522041,1703522106,65
frontier03920,1703522041,1703522106,65
frontier03921,1703522054,1703522109,55
frontier03922,1703522053,1703522108,55
frontier03923,1703522054,1703522110,56
frontier03924,1703522087,1703522115,28
frontier03925,1703522042,1703522107,65
frontier03926,1703522025,1703522064,39
frontier03927,1703522068,1703522113,45
frontier03928,1703522111,1703522121,10
frontier03929,1703522017,1703522057,40
frontier03930,1703522011,1703522035,24
frontier03931,1703522122,1703522125,3
frontier03932,1703522053,1703522109,56
frontier03933,1703522122,1703522124,2
frontier03934,1703522038,1703522085,47
frontier03969,1703522041,1703522106,65
frontier03970,1703522085,1703522115,30
frontier03971,1703522068,1703522113,45
frontier03972,1703522041,1703522107,66
frontier03973,1703522117,1703522122,5
frontier03974,1703522102,1703522120,18
frontier03975,1703522004,1703522018,14
frontier03976,1703522041,1703522106,65
frontier03977,1703522013,1703522041,28
frontier03978,1703522041,1703522106,65
frontier03979,1703522008,1703522025,17
frontier03980,1703522015,1703522053,38
frontier03981,1703522085,1703522115,30
frontier03982,1703522106,1703522121,15
frontier03983,1703522015,1703522053,38
frontier03984,1703522015,1703522053,38
frontier03985,1703521998,1703522004,6
frontier03986,1703522089,1703522116,27
frontier03987,1703522068,1703522113,45
frontier03988,1703522011,1703522034,23
frontier03989,1703522068,1703522113,45
frontier03990,1703522041,1703522105,64
frontier03991,1703522041,1703522106,65
frontier03992,1703522015,1703522059,44
frontier03993,1703522011,1703522034,23
frontier03994,1703522086,1703522115,29
frontier03995,1703522029,1703522071,42
frontier03996,1703522086,1703522116,30
frontier03997,1703522114,1703522122,8
frontier03999,1703522085,1703522114,29
frontier04000,1703522053,1703522109,56
frontier04001,1703522076,1703522115,39
frontier04002,1703522068,1703522113,45
frontier04003,1703522068,1703522113,45
frontier04004,1703522057,1703522111,54
frontier04005,1703522123,1703522126,3
frontier04006,1703522016,1703522054,38
frontier04007,1703522085,1703522115,30
frontier04008,1703522073,1703522114,41
frontier04009,1703522124,1703522126,2
frontier04010,1703522086,1703522115,29
frontier04011,1703522041,1703522106,65
frontier04012,1703521997,1703522005,8
frontier04013,1703521990,1703521999,9
frontier04014,1703522051,1703522108,57
frontier04015,1703522041,1703522106,65
frontier04016,1703522068,1703522114,46
frontier04019,1703522041,1703522106,65
frontier04020,1703522042,1703522107,65
frontier04021,1703522054,1703522110,56
frontier04022,1703522042,1703522107,65
frontier04023,1703522004,1703522021,17
frontier04024,1703522115,1703522121,6
frontier04025,1703522054,1703522110,56
frontier04026,1703522022,1703522065,43
frontier04027,1703522117,1703522123,6
frontier04031,1703522086,1703522115,29
frontier04034,1703522115,1703522120,5
frontier04035,1703522088,1703522116,28
frontier04036,1703522088,1703522116,28
frontier04041,1703522018,1703522059,41
frontier04042,1703522041,1703522104,63
frontier04043,1703522124,1703522126,2
frontier04044,1703522004,1703522017,13
frontier04045,1703522124,1703522126,2
frontier04046,1703522068,1703522114,46
frontier04047,1703522091,1703522117,26
frontier04048,1703522054,1703522109,55
frontier04049,1703522089,1703522116,27
frontier04050,1703522014,1703522036,22
frontier04051,1703522085,1703522116,31
frontier04052,1703522073,1703522113,40
frontier04053,1703522087,1703522116,29
frontier04054,1703522085,1703522115,30
frontier04055,1703522015,1703522055,40
frontier04056,1703522041,1703522106,65
frontier04057,1703522041,1703522106,65
frontier04058,1703522088,1703522116,28
frontier04059,1703522085,1703522115,30
frontier04060,1703522089,1703522116,27
frontier04061,1703522028,1703522067,39
frontier04062,1703522041,1703522106,65
frontier04097,1703522021,1703522063,42
frontier04098,1703522098,1703522119,21
frontier04099,1703522087,1703522116,29
frontier04100,1703522105,1703522118,13
frontier04101,1703522088,1703522116,28
frontier04102,1703522119,1703522122,3
frontier04103,1703522007,1703522022,15
frontier04104,1703522118,1703522123,5
frontier04105,1703522122,1703522125,3
frontier04106,1703522115,1703522122,7
frontier04107,1703522099,1703522119,20
frontier04108,1703522109,1703522119,10
frontier04109,1703522038,1703522076,38
frontier04110,1703522041,1703522106,65
frontier04111,1703522123,1703522126,3
frontier04112,1703522013,1703522036,23
frontier04113,1703522018,1703522055,37
frontier04115,1703522015,1703522057,42
frontier04117,1703522004,1703522015,11
frontier04118,1703522086,1703522116,30
frontier04119,1703522124,1703522126,2
frontier04120,1703522108,1703522119,11
frontier04121,1703522085,1703522114,29
frontier04122,1703522086,1703522115,29
frontier04123,1703522041,1703522106,65
frontier04124,1703522053,1703522110,57
frontier04125,1703522086,1703522116,30
frontier04128,1703522018,1703522057,39
frontier04129,1703522041,1703522106,65
frontier04131,1703522054,1703522109,55
frontier04132,1703522089,1703522117,28
frontier04133,1703522041,1703522105,64
frontier04134,1703522086,1703522115,29
frontier04135,1703522086,1703522115,29
frontier04136,1703522028,1703522067,39
frontier04137,1703522041,1703522106,65
frontier04138,1703522041,1703522106,65
frontier04139,1703521998,1703522005,7
frontier04140,1703522124,1703522126,2
frontier04141,1703522069,1703522114,45
frontier04142,1703522068,1703522113,45
frontier04145,1703522115,1703522121,6
frontier04146,1703522124,1703522126,2
frontier04147,1703522085,1703522115,30
frontier04148,1703522089,1703522116,27
frontier04149,1703522053,1703522108,55
frontier04150,1703521998,1703522003,5
frontier04151,1703522058,1703522111,53
frontier04152,1703522014,1703522042,28
frontier04153,1703522017,1703522057,40
frontier04154,1703522111,1703522120,9
frontier04155,1703522028,1703522069,41
frontier04156,1703522085,1703522115,30
frontier04157,1703522041,1703522106,65
frontier04158,1703522041,1703522105,64
frontier04159,1703522085,1703522116,31
frontier04160,1703522085,1703522116,31
frontier04161,1703522092,1703522117,25
frontier04162,1703522013,1703522040,27
frontier04172,1703522068,1703522114,46
frontier04173,1703522038,1703522085,47
frontier04174,1703522088,1703522116,28
frontier04175,1703522016,1703522057,41
frontier04176,1703522085,1703522115,30
frontier04177,1703522068,1703522114,46
frontier04178,1703522028,1703522065,37
frontier04179,1703522054,1703522109,55
frontier04180,1703522012,1703522036,24
frontier04181,1703522087,1703522115,28
frontier04182,1703522121,1703522123,2
frontier04183,1703522055,1703522110,55
frontier04184,1703522011,1703522034,23
frontier04185,1703522092,1703522118,26
frontier04186,1703522017,1703522053,36
frontier04187,1703522040,1703522104,64
frontier04188,1703522041,1703522106,65
frontier04189,1703522041,1703522106,65
frontier04190,1703522041,1703522106,65
frontier04191,1703522053,1703522108,55
frontier04192,1703522053,1703522109,56
frontier04193,1703521997,1703522003,6
frontier04194,1703522108,1703522119,11
frontier04225,1703522085,1703522115,30
frontier04226,1703522117,1703522123,6
frontier04227,1703521962,1703521974,12
frontier04228,1703522022,1703522064,42
frontier04229,1703522041,1703522107,66
frontier04230,1703522085,1703522115,30
frontier04231,1703522124,1703522126,2
frontier04232,1703522085,1703522115,30
frontier04233,1703522068,1703522113,45
frontier04234,1703522022,1703522064,42
frontier04235,1703522068,1703522113,45
frontier04236,1703522041,1703522106,65
frontier04237,1703522123,1703522125,2
frontier04238,1703522117,1703522124,7
frontier04239,1703522058,1703522112,54
frontier04240,1703522085,1703522115,30
frontier04241,1703522041,1703522105,64
frontier04242,1703522012,1703522034,22
frontier04243,1703522126,1703522128,2
frontier04244,1703522001,1703522004,3
frontier04245,1703521999,1703522005,6
frontier04246,1703522076,1703522114,38
frontier04247,1703522088,1703522116,28
frontier04248,1703521990,1703521998,8
frontier04249,1703522122,1703522125,3
frontier04250,1703522085,1703522116,31
frontier04251,1703522073,1703522115,42
frontier04252,1703522069,1703522115,46
frontier04253,1703522087,1703522115,28
frontier04254,1703522041,1703522105,64
frontier04255,1703522125,1703522127,2
frontier04257,1703522085,1703522114,29
frontier04258,1703522041,1703522106,65
frontier04259,1703522068,1703522113,45
frontier04260,1703522088,1703522116,28
frontier04261,1703521982,1703521990,8
frontier04262,1703522011,1703522034,23
frontier04263,1703522054,1703522110,56
frontier04264,1703522085,1703522115,30
frontier04265,1703522068,1703522114,46
frontier04266,1703522105,1703522118,13
frontier04267,1703522088,1703522116,28
frontier04268,1703522028,1703522067,39
frontier04269,1703522115,1703522121,6
frontier04270,1703522123,1703522126,3
frontier04271,1703521971,1703521979,8
frontier04272,1703522016,1703522054,38
frontier04273,1703522012,1703522035,23
frontier04274,1703521996,1703522004,8
frontier04275,1703522041,1703522105,64
frontier04276,1703522028,1703522068,40
frontier04277,1703522090,1703522117,27
frontier04278,1703522068,1703522113,45
frontier04279,1703522015,1703522053,38
frontier04280,1703522085,1703522115,30
frontier04281,1703522068,1703522113,45
frontier04282,1703522041,1703522106,65
frontier04283,1703522069,1703522114,45
frontier04284,1703522121,1703522123,2
frontier04285,1703522015,1703522042,27
frontier04286,1703522012,1703522035,23
frontier04287,1703522090,1703522116,26
frontier04288,1703522085,1703522115,30
frontier04289,1703522085,1703522115,30
frontier04290,1703522068,1703522114,46
frontier04291,1703522117,1703522123,6
frontier04293,1703522054,1703522109,55
frontier04297,1703522041,1703522106,65
frontier04298,1703522125,1703522127,2
frontier04304,1703522068,1703522114,46
frontier04305,1703522014,1703522037,23
frontier04306,1703522118,1703522123,5
frontier04307,1703521980,1703521988,8
frontier04308,1703522016,1703522053,37
frontier04309,1703521980,1703521988,8
frontier04310,1703522011,1703522035,24
frontier04311,1703522115,1703522122,7
frontier04312,1703522059,1703522111,52
frontier04313,1703522068,1703522113,45
frontier04314,1703522055,1703522110,55
frontier04315,1703522006,1703522016,10
frontier04316,1703522053,1703522110,57
frontier04353,1703522117,1703522123,6
frontier04354,1703522015,1703522042,27
frontier04355,1703522041,1703522105,64
frontier04356,1703522115,1703522122,7
frontier04357,1703522015,1703522053,38
frontier04358,1703522041,1703522106,65
frontier04359,1703522087,1703522116,29
frontier04360,1703522116,1703522121,5
frontier04361,1703522086,1703522116,30
frontier04362,1703522059,1703522112,53
frontier04363,1703522117,1703522121,4
frontier04364,1703522086,1703522116,30
frontier04365,1703522124,1703522126,2
frontier04366,1703522041,1703522106,65
frontier04367,1703522085,1703522115,30
frontier04368,1703522013,1703522041,28
frontier04369,1703522068,1703522114,46
frontier04371,1703522123,1703522125,2
frontier04372,1703522041,1703522106,65
frontier04373,1703522069,1703522115,46
frontier04374,1703522089,1703522116,27
frontier04375,1703522085,1703522115,30
frontier04376,1703522041,1703522106,65
frontier04377,1703522123,1703522126,3
frontier04378,1703522088,1703522116,28
frontier04379,1703522016,1703522057,41
frontier04380,1703522055,1703522111,56
frontier04381,1703522041,1703522106,65
frontier04383,1703522041,1703522106,65
frontier04384,1703522089,1703522117,28
frontier04385,1703522091,1703522117,26
frontier04386,1703522042,1703522107,65
frontier04387,1703522041,1703522106,65
frontier04388,1703522125,1703522127,2
frontier04389,1703522086,1703522116,30
frontier04390,1703522089,1703522116,27
frontier04391,1703522016,1703522058,42
frontier04392,1703522059,1703522112,53
frontier04393,1703522041,1703522106,65
frontier04394,1703522059,1703522113,54
frontier04395,1703522068,1703522113,45
frontier04396,1703522015,1703522042,27
frontier04397,1703522085,1703522115,30
frontier04398,1703522124,1703522126,2
frontier04399,1703522014,1703522053,39
frontier04400,1703522086,1703522115,29
frontier04401,1703522068,1703522114,46
frontier04402,1703522068,1703522113,45
frontier04403,1703522054,1703522109,55
frontier04404,1703522087,1703522116,29
frontier04405,1703522059,1703522113,54
frontier04406,1703522086,1703522116,30
frontier04407,1703522053,1703522109,56
frontier04408,1703522090,1703522117,27
frontier04409,1703522018,1703522056,38
frontier04410,1703522068,1703522113,45
frontier04411,1703522018,1703522054,36
frontier04413,1703522087,1703522115,28
frontier04414,1703522028,1703522071,43
frontier04415,1703522086,1703522116,30
frontier04416,1703522018,1703522057,39
frontier04417,1703522057,1703522111,54
frontier04418,1703522086,1703522116,30
frontier04419,1703522085,1703522116,31
frontier04420,1703522033,1703522104,71
frontier04421,1703522011,1703522034,23
frontier04422,1703522123,1703522125,2
frontier04432,1703522068,1703522113,45
frontier04433,1703522034,1703522086,52
frontier04434,1703522123,1703522126,3
frontier04435,1703522014,1703522041,27
frontier04436,1703522124,1703522127,3
frontier04437,1703522015,1703522055,40
frontier04438,1703522074,1703522115,41
frontier04439,1703522018,1703522058,40
frontier04440,1703522068,1703522114,46
frontier04441,1703522057,1703522111,54
frontier04442,1703522041,1703522106,65
frontier04443,1703522115,1703522123,8
frontier04444,1703522089,1703522116,27
frontier04445,1703522114,1703522121,7
frontier04446,1703522068,1703522113,45
frontier04481,1703522117,1703522121,4
frontier04482,1703522028,1703522074,46
frontier04483,1703522041,1703522106,65
frontier04484,1703522087,1703522116,29
frontier04485,1703522018,1703522059,41
frontier04486,1703522041,1703522106,65
frontier04487,1703522014,1703522041,27
frontier04488,1703522059,1703522112,53
frontier04489,1703522123,1703522125,2
frontier04490,1703522053,1703522109,56
frontier04491,1703522068,1703522113,45
frontier04492,1703522012,1703522035,23
frontier04493,1703522053,1703522109,56
frontier04494,1703521999,1703522005,6
frontier04495,1703521971,1703521979,8
frontier04496,1703522033,1703522105,72
frontier04497,1703522085,1703522115,30
frontier04498,1703522056,1703522111,55
frontier04499,1703522041,1703522106,65
frontier04500,1703522041,1703522105,64
frontier04501,1703522085,1703522115,30
frontier04502,1703522004,1703522018,14
frontier04503,1703522090,1703522116,26
frontier04504,1703522051,1703522107,56
frontier04505,1703522041,1703522106,65
frontier04506,1703522087,1703522116,29
frontier04507,1703522058,1703522111,53
frontier04508,1703522041,1703522106,65
frontier04509,1703522124,1703522126,2
frontier04510,1703522073,1703522114,41
frontier04511,1703522059,1703522113,54
frontier04512,1703522036,1703522105,69
frontier04513,1703522017,1703522054,37
frontier04514,1703522086,1703522115,29
frontier04515,1703522029,1703522076,47
frontier04516,1703522011,1703522035,24
frontier04517,1703522015,1703522042,27
frontier04518,1703522119,1703522124,5
frontier04519,1703522041,1703522106,65
frontier04520,1703522073,1703522114,41
frontier04521,1703522086,1703522116,30
frontier04522,1703522124,1703522126,2
frontier04523,1703522041,1703522106,65
frontier04524,1703522085,1703522115,30
frontier04525,1703522086,1703522115,29
frontier04526,1703522036,1703522105,69
frontier04527,1703522041,1703522106,65
frontier04528,1703522086,1703522116,30
frontier04529,1703522114,1703522121,7
frontier04530,1703522069,1703522113,44
frontier04531,1703522041,1703522105,64
frontier04532,1703521998,1703522006,8
frontier04533,1703522059,1703522113,54
frontier04534,1703522088,1703522116,28
frontier04535,1703522053,1703522108,55
frontier04536,1703522041,1703522106,65
frontier04537,1703522085,1703522115,30
frontier04538,1703522068,1703522113,45
frontier04539,1703522021,1703522064,43
frontier04546,1703522085,1703522114,29
frontier04548,1703522041,1703522106,65
frontier04550,1703522041,1703522105,64
frontier04553,1703522056,1703522113,57
frontier04554,1703522059,1703522113,54
frontier04555,1703522033,1703522104,71
frontier04556,1703522057,1703522111,54
frontier04557,1703522085,1703522115,30
frontier04558,1703522054,1703522110,56
frontier04560,1703522088,1703522116,28
frontier04561,1703522015,1703522041,26
frontier04562,1703522073,1703522114,41
frontier04563,1703522089,1703522116,27
frontier04564,1703522091,1703522117,26
frontier04565,1703522068,1703522114,46
frontier04566,1703522088,1703522116,28
frontier04567,1703522011,1703522034,23
frontier04568,1703522018,1703522057,39
frontier04569,1703522086,1703522115,29
frontier04570,1703522087,1703522116,29
frontier04571,1703522068,1703522113,45
frontier04572,1703522085,1703522115,30
frontier04573,1703522041,1703522106,65
frontier04609,1703522041,1703522106,65
frontier04612,1703522054,1703522110,56
frontier04613,1703522117,1703522124,7
frontier04614,1703522124,1703522126,2
frontier04615,1703522052,1703522108,56
frontier04616,1703522027,1703522068,41
frontier04617,1703522040,1703522104,64
frontier04618,1703522125,1703522127,2
frontier04621,1703522085,1703522115,30
frontier04622,1703522041,1703522106,65
frontier04623,1703521996,1703522005,9
frontier04624,1703522090,1703522116,26
frontier04625,1703522066,1703522113,47
frontier04626,1703522085,1703522115,30
frontier04627,1703522068,1703522113,45
frontier04628,1703522123,1703522125,2
frontier04629,1703521972,1703521980,8
frontier04630,1703522055,1703522112,57
frontier04631,1703522023,1703522065,42
frontier04632,1703522015,1703522043,28
frontier04635,1703522112,1703522120,8
frontier04636,1703522010,1703522028,18
frontier04637,1703522090,1703522116,26
frontier04638,1703522123,1703522126,3
frontier04639,1703522053,1703522109,56
frontier04640,1703522068,1703522113,45
frontier04641,1703522086,1703522115,29
frontier04642,1703522041,1703522106,65
frontier04643,1703522085,1703522116,31
frontier04644,1703521983,1703521990,7
frontier04645,1703522068,1703522113,45
frontier04646,1703522107,1703522119,12
frontier04647,1703522058,1703522111,53
frontier04648,1703522085,1703522114,29
frontier04649,1703522041,1703522106,65
frontier04650,1703522011,1703522033,22
frontier04651,1703522054,1703522110,56
frontier04652,1703522053,1703522108,55
frontier04653,1703521982,1703521991,9
frontier04655,1703522088,1703522116,28
frontier04656,1703521999,1703522007,8
frontier04657,1703522067,1703522113,46
frontier04658,1703522058,1703522112,54
frontier04659,1703522068,1703522114,46
frontier04660,1703522014,1703522036,22
frontier04662,1703522068,1703522113,45
frontier04663,1703522085,1703522115,30
frontier04665,1703522059,1703522112,53
frontier04666,1703522085,1703522115,30
frontier04668,1703522085,1703522115,30
frontier04669,1703522085,1703522114,29
frontier04670,1703522041,1703522107,66
frontier04671,1703522068,1703522113,45
frontier04672,1703522041,1703522106,65
frontier04673,1703522053,1703522108,55
frontier04674,1703521981,1703521991,10
frontier04675,1703521945,1703521948,3
frontier04676,1703522041,1703522106,65
frontier04677,1703521972,1703521981,9
frontier04678,1703522016,1703522058,42
frontier04679,1703522125,1703522127,2
frontier04680,1703522014,1703522041,27
frontier04681,1703522085,1703522115,30
frontier04682,1703522010,1703522034,24
frontier04683,1703522124,1703522126,2
frontier04684,1703522041,1703522105,64
frontier04685,1703522121,1703522124,3
frontier04686,1703522041,1703522106,65
frontier04687,1703522085,1703522116,31
frontier04688,1703522041,1703522106,65
frontier04689,1703522054,1703522110,56
frontier04690,1703522028,1703522069,41
frontier04691,1703522085,1703522115,30
frontier04692,1703522085,1703522114,29
frontier04693,1703522086,1703522115,29
frontier04694,1703522041,1703522105,64
frontier04695,1703522087,1703522115,28
frontier04696,1703522087,1703522116,29
frontier04697,1703522122,1703522125,3
frontier04698,1703522068,1703522113,45
frontier04699,1703522041,1703522106,65
frontier04700,1703522041,1703522105,64
frontier04737,1703522055,1703522111,56
frontier04738,1703522068,1703522113,45
frontier04739,1703522063,1703522113,50
frontier04740,1703522085,1703522115,30
frontier04741,1703522085,1703522116,31
frontier04742,1703522041,1703522105,64
frontier04743,1703522010,1703522034,24
frontier04745,1703522086,1703522116,30
frontier04747,1703522110,1703522120,10
frontier04748,1703522068,1703522113,45
frontier04749,1703522027,1703522068,41
frontier04750,1703522123,1703522126,3
frontier04751,1703522041,1703522106,65
frontier04752,1703522041,1703522107,66
frontier04753,1703521990,1703522000,10
frontier04754,1703522089,1703522116,27
frontier04755,1703522090,1703522117,27
frontier04756,1703522041,1703522106,65
frontier04757,1703522086,1703522116,30
frontier04758,1703522054,1703522110,56
frontier04759,1703522063,1703522113,50
frontier04760,1703522091,1703522116,25
frontier04761,1703522112,1703522120,8
frontier04762,1703522085,1703522116,31
frontier04763,1703522053,1703522108,55
frontier04764,1703522125,1703522128,3
frontier04765,1703522041,1703522106,65
frontier04766,1703522041,1703522106,65
frontier04767,1703522041,1703522107,66
frontier04768,1703522085,1703522115,30
frontier04769,1703522089,1703522116,27
frontier04770,1703522108,1703522119,11
frontier04771,1703522018,1703522058,40
frontier04772,1703522086,1703522115,29
frontier04773,1703522059,1703522113,54
frontier04774,1703522086,1703522115,29
frontier04775,1703522122,1703522124,2
frontier04776,1703522068,1703522114,46
frontier04777,1703522068,1703522114,46
frontier04779,1703522123,1703522125,2
frontier04782,1703522068,1703522114,46
frontier04784,1703522112,1703522119,7
frontier04785,1703522012,1703522036,24
frontier04786,1703522086,1703522116,30
frontier04787,1703522088,1703522117,29
frontier04788,1703522028,1703522068,40
frontier04789,1703522122,1703522126,4
frontier04790,1703522115,1703522120,5
frontier04791,1703522053,1703522108,55
frontier04792,1703522004,1703522017,13
frontier04793,1703522010,1703522034,24
frontier04794,1703522024,1703522063,39
frontier04795,1703521971,1703521979,8
frontier04796,1703522053,1703522109,56
frontier04797,1703522089,1703522117,28
frontier04798,1703522058,1703522112,54
frontier04799,1703522087,1703522116,29
frontier04800,1703522063,1703522113,50
frontier04801,1703522087,1703522116,29
frontier04802,1703522014,1703522041,27
frontier04806,1703522059,1703522113,54
frontier04811,1703522055,1703522111,56
frontier04812,1703522052,1703522108,56
frontier04813,1703522054,1703522109,55
frontier04814,1703522041,1703522106,65
frontier04819,1703522085,1703522115,30
frontier04827,1703522089,1703522116,27
frontier04829,1703522121,1703522124,3
frontier04830,1703522038,1703522085,47
frontier04832,1703522124,1703522126,2
frontier04835,1703522011,1703522034,23
frontier04836,1703522068,1703522113,45
frontier04838,1703522123,1703522125,2
frontier04839,1703522068,1703522113,45
frontier04840,1703522011,1703522035,24
frontier04841,1703522034,1703522086,52
frontier04842,1703522124,1703522126,2
frontier04843,1703522068,1703522114,46
frontier04850,1703522125,1703522127,2
frontier04851,1703522004,1703522017,13
frontier04853,1703522054,1703522109,55
frontier04855,1703522117,1703522122,5
frontier04865,1703522119,1703522122,3
frontier04866,1703522122,1703522125,3
frontier04867,1703522085,1703522115,30
frontier04872,1703522117,1703522122,5
frontier04874,1703522090,1703522117,27
frontier04875,1703522033,1703522105,72
frontier04876,1703522068,1703522114,46
frontier04877,1703522059,1703522112,53
frontier04879,1703522053,1703522109,56
frontier04883,1703522086,1703522115,29
frontier04884,1703521999,1703522007,8
frontier04885,1703522115,1703522120,5
frontier04886,1703522086,1703522116,30
frontier04888,1703522085,1703522115,30
frontier04889,1703522061,1703522113,52
frontier04896,1703522059,1703522113,54
frontier04897,1703522085,1703522115,30
frontier04898,1703522010,1703522029,19
frontier04899,1703521990,1703521999,9
frontier04900,1703522041,1703522106,65
frontier04905,1703522018,1703522054,36
frontier04907,1703522085,1703522115,30
frontier04910,1703522019,1703522059,40
frontier04911,1703522086,1703522115,29
frontier04912,1703522054,1703522109,55
frontier04913,1703522068,1703522115,47
frontier04915,1703522089,1703522116,27
frontier04925,1703522014,1703522042,28
frontier04927,1703522086,1703522115,29
frontier04930,1703522059,1703522112,53
frontier04931,1703522123,1703522125,2
frontier04939,1703521980,1703521988,8
frontier04940,1703522086,1703522115,29
frontier04941,1703522041,1703522105,64
frontier04942,1703522059,1703522112,53
frontier04943,1703522085,1703522115,30
frontier04950,1703522041,1703522106,65
frontier04951,1703522027,1703522067,40
frontier04952,1703522041,1703522107,66
frontier04953,1703522041,1703522106,65
frontier04956,1703522057,1703522112,55
frontier04963,1703522068,1703522113,45
frontier04964,1703522041,1703522106,65
frontier04965,1703522117,1703522123,6
frontier04972,1703522087,1703522115,28
frontier04973,1703522041,1703522105,64
frontier04974,1703522054,1703522110,56
frontier04975,1703522115,1703522122,7
frontier04976,1703522087,1703522116,29
frontier04977,1703522085,1703522115,30
frontier04982,1703522016,1703522054,38
frontier04983,1703522115,1703522120,5
frontier04984,1703522015,1703522042,27
frontier04985,1703522087,1703522115,28
frontier05000,1703522068,1703522113,45
frontier05001,1703522041,1703522106,65
frontier05003,1703522020,1703522060,40
frontier05004,1703522087,1703522116,29
frontier05005,1703522041,1703522106,65
frontier05009,1703522116,1703522122,6
frontier05011,1703522085,1703522115,30
frontier05012,1703522120,1703522122,2
frontier05013,1703522069,1703522114,45
frontier05014,1703522058,1703522111,53
frontier05015,1703522059,1703522114,55
frontier05016,1703522004,1703522016,12
frontier05018,1703522087,1703522116,29
frontier05019,1703522085,1703522115,30
frontier05020,1703521981,1703521992,11
frontier05021,1703522041,1703522105,64
frontier05023,1703522041,1703522106,65
frontier05024,1703522014,1703522042,28
frontier05025,1703522041,1703522106,65
frontier05026,1703522058,1703522112,54
frontier05028,1703522053,1703522108,55
frontier05029,1703522113,1703522121,8
frontier05030,1703522068,1703522114,46
frontier05034,1703522061,1703522113,52
frontier05036,1703522114,1703522121,7
frontier05039,1703522116,1703522122,6
frontier05040,1703522015,1703522041,26
frontier05041,1703522088,1703522116,28
frontier05042,1703522068,1703522113,45
frontier05047,1703522087,1703522116,29
frontier05048,1703522055,1703522111,56
frontier05049,1703522068,1703522113,45
frontier05050,1703522041,1703522106,65
frontier05053,1703522117,1703522123,6
frontier05054,1703522085,1703522115,30
frontier05055,1703522053,1703522109,56
frontier05056,1703522041,1703522106,65
frontier05057,1703522068,1703522114,46
frontier05058,1703522034,1703522086,52
frontier05062,1703522055,1703522111,56
frontier05063,1703522059,1703522112,53
frontier05065,1703522041,1703522105,64
frontier05066,1703522012,1703522034,22
frontier05067,1703522088,1703522116,28
frontier05068,1703522059,1703522111,52
frontier05069,1703522089,1703522116,27
frontier05070,1703522090,1703522116,26
frontier05071,1703522041,1703522106,65
frontier05072,1703522091,1703522117,26
frontier05073,1703522085,1703522114,29
frontier05074,1703522087,1703522116,29
frontier05075,1703522068,1703522114,46
frontier05076,1703522068,1703522114,46
frontier05077,1703522125,1703522127,2
frontier05078,1703522116,1703522123,7
frontier05079,1703522090,1703522117,27
frontier05080,1703521981,1703521992,11
frontier05081,1703522123,1703522125,2
frontier05082,1703522055,1703522110,55
frontier05083,1703522092,1703522117,25
frontier05084,1703522090,1703522117,27
frontier05086,1703522068,1703522113,45
frontier05087,1703522088,1703522115,27
frontier05088,1703522087,1703522116,29
frontier05089,1703522013,1703522034,21
frontier05090,1703522122,1703522125,3
frontier05091,1703522017,1703522055,38
frontier05092,1703522059,1703522112,53
frontier05095,1703522010,1703522035,25
frontier05096,1703522085,1703522116,31
frontier05099,1703522085,1703522115,30
frontier05100,1703522059,1703522113,54
frontier05102,1703522089,1703522116,27
frontier05103,1703522041,1703522106,65
frontier05105,1703522085,1703522115,30
frontier05106,1703522092,1703522117,25
frontier05107,1703522054,1703522109,55
frontier05108,1703522059,1703522113,54
frontier05110,1703522068,1703522113,45
frontier05111,1703522069,1703522114,45
frontier05112,1703522111,1703522120,9
frontier05113,1703521973,1703521981,8
frontier05121,1703522085,1703522115,30
frontier05122,1703522085,1703522115,30
frontier05127,1703522086,1703522115,29
frontier05128,1703522041,1703522106,65
frontier05129,1703522041,1703522106,65
frontier05131,1703522041,1703522106,65
frontier05132,1703522054,1703522110,56
frontier05136,1703522005,1703522016,11
frontier05137,1703522125,1703522127,2
frontier05139,1703522020,1703522059,39
frontier05141,1703522041,1703522106,65
frontier05142,1703521978,1703521990,12
frontier05143,1703522041,1703522105,64
frontier05144,1703522114,1703522123,9
frontier05145,1703522011,1703522033,22
frontier05148,1703522087,1703522116,29
frontier05149,1703522022,1703522065,43
frontier05150,1703522091,1703522117,26
frontier05153,1703522041,1703522106,65
frontier05154,1703522088,1703522116,28
frontier05155,1703522041,1703522106,65
frontier05157,1703522028,1703522068,40
frontier05158,1703522069,1703522113,44
frontier05159,1703522059,1703522112,53
frontier05162,1703522117,1703522122,5
frontier05163,1703522013,1703522035,22
frontier05164,1703522122,1703522125,3
frontier05165,1703522058,1703522111,53
frontier05166,1703522068,1703522114,46
frontier05167,1703522020,1703522060,40
frontier05168,1703522068,1703522113,45
frontier05170,1703522025,1703522065,40
frontier05173,1703522041,1703522106,65
frontier05176,1703522124,1703522126,2
frontier05178,1703522016,1703522054,38
frontier05179,1703522014,1703522041,27
frontier05180,1703522113,1703522120,7
frontier05181,1703522088,1703522116,28
frontier05182,1703522054,1703522110,56
frontier05185,1703522086,1703522115,29
frontier05188,1703521990,1703521999,9
frontier05190,1703522089,1703522117,28
frontier05191,1703522115,1703522122,7
frontier05192,1703522123,1703522126,3
frontier05193,1703522085,1703522115,30
frontier05194,1703522085,1703522115,30
frontier05195,1703522068,1703522113,45
frontier05196,1703522010,1703522034,24
frontier05197,1703522089,1703522116,27
frontier05198,1703522087,1703522117,30
frontier05200,1703522123,1703522125,2
frontier05201,1703522011,1703522036,25
frontier05202,1703522068,1703522114,46
frontier05203,1703522068,1703522114,46
frontier05209,1703522091,1703522117,26
frontier05211,1703522041,1703522106,65
frontier05213,1703522059,1703522112,53
frontier05214,1703522068,1703522113,45
frontier05216,1703522041,1703522106,65
frontier05217,1703522085,1703522115,30
frontier05218,1703522015,1703522053,38
frontier05219,1703522059,1703522112,53
frontier05221,1703521978,1703521990,12
frontier05222,1703522015,1703522042,27
frontier05224,1703522019,1703522060,41
frontier05226,1703522068,1703522113,45
frontier05227,1703522041,1703522106,65
frontier05228,1703522041,1703522106,65
frontier05229,1703522124,1703522126,2
frontier05230,1703522059,1703522113,54
frontier05232,1703522111,1703522121,10
frontier05236,1703522017,1703522057,40
frontier05237,1703522085,1703522115,30
frontier05238,1703522086,1703522115,29
frontier05239,1703522041,1703522106,65
frontier05240,1703522015,1703522042,27
frontier05241,1703522116,1703522122,6
frontier05242,1703522068,1703522114,46
frontier05249,1703522126,1703522128,2
frontier05250,1703522041,1703522107,66
frontier05251,1703522015,1703522057,42
frontier05252,1703522097,1703522117,20
frontier05255,1703521991,1703521999,8
frontier05256,1703522038,1703522076,38
frontier05257,1703522054,1703522109,55
frontier05258,1703522034,1703522087,53
frontier05259,1703522126,1703522128,2
frontier05262,1703522041,1703522104,63
frontier05263,1703522017,1703522057,40
frontier05264,1703522068,1703522114,46
frontier05265,1703522041,1703522106,65
frontier05266,1703522068,1703522113,45
frontier05267,1703522086,1703522115,29
frontier05268,1703522041,1703522107,66
frontier05272,1703522085,1703522115,30
frontier05274,1703522041,1703522106,65
frontier05279,1703522041,1703522106,65
frontier05280,1703522068,1703522113,45
frontier05281,1703522068,1703522113,45
frontier05282,1703522087,1703522116,29
frontier05283,1703522085,1703522115,30
frontier05284,1703522054,1703522109,55
frontier05285,1703522051,1703522107,56
frontier05286,1703522033,1703522071,38
frontier05287,1703522011,1703522035,24
frontier05291,1703522116,1703522123,7
frontier05292,1703522006,1703522028,22
frontier05293,1703522041,1703522107,66
frontier05294,1703522122,1703522125,3
frontier05295,1703522041,1703522106,65
frontier05297,1703522068,1703522113,45
frontier05298,1703522041,1703522106,65
frontier05299,1703522086,1703522115,29
frontier05300,1703522041,1703522107,66
frontier05301,1703522087,1703522117,30
frontier05302,1703522125,1703522127,2
frontier05303,1703521997,1703522004,7
frontier05304,1703522107,1703522119,12
frontier05306,1703522124,1703522127,3
frontier05310,1703522014,1703522041,27
frontier05311,1703522115,1703522120,5
frontier05315,1703522054,1703522109,55
frontier05316,1703522068,1703522114,46
frontier05317,1703522068,1703522113,45
frontier05319,1703521990,1703522000,10
frontier05320,1703522089,1703522117,28
frontier05322,1703522087,1703522115,28
frontier05325,1703522059,1703522112,53
frontier05326,1703522041,1703522106,65
frontier05327,1703521965,1703521979,14
frontier05328,1703521982,1703521988,6
frontier05329,1703522041,1703522107,66
frontier05330,1703522053,1703522108,55
frontier05332,1703522118,1703522122,4
frontier05334,1703522041,1703522105,64
frontier05336,1703522041,1703522106,65
frontier05337,1703522041,1703522106,65
frontier05338,1703522068,1703522113,45
frontier05340,1703522016,1703522054,38
frontier05341,1703522115,1703522120,5
frontier05344,1703522115,1703522122,7
frontier05348,1703522068,1703522114,46
frontier05352,1703522041,1703522106,65
frontier05354,1703522076,1703522114,38
frontier05355,1703522053,1703522108,55
frontier05356,1703522068,1703522114,46
frontier05357,1703522068,1703522114,46
frontier05359,1703522085,1703522115,30
frontier05360,1703521990,1703522004,14
frontier05361,1703522124,1703522126,2
frontier05362,1703522038,1703522084,46
frontier05363,1703522017,1703522055,38
frontier05364,1703522041,1703522106,65
frontier05365,1703522015,1703522054,39
frontier05366,1703522004,1703522015,11
frontier05367,1703522089,1703522117,28
frontier05368,1703522059,1703522112,53
frontier05370,1703521997,1703522004,7
frontier05377,1703522122,1703522125,3
frontier05379,1703522085,1703522115,30
frontier05380,1703522054,1703522109,55
frontier05381,1703522091,1703522117,26
frontier05382,1703522085,1703522114,29
frontier05385,1703522012,1703522035,23
frontier05386,1703522086,1703522116,30
frontier05387,1703522124,1703522126,2
frontier05389,1703522085,1703522115,30
frontier05390,1703522041,1703522107,66
frontier05393,1703522014,1703522041,27
frontier05394,1703522059,1703522112,53
frontier05395,1703522123,1703522126,3
frontier05396,1703522041,1703522106,65
frontier05398,1703522089,1703522117,28
frontier05399,1703522059,1703522114,55
frontier05402,1703522041,1703522106,65
frontier05404,1703522089,1703522116,27
frontier05405,1703522071,1703522114,43
frontier05406,1703521990,1703521999,9
frontier05407,1703522124,1703522126,2
frontier05408,1703522057,1703522112,55
frontier05409,1703522115,1703522121,6
frontier05410,1703522088,1703522116,28
frontier05412,1703522069,1703522114,45
frontier05413,1703522012,1703522035,23
frontier05414,1703522087,1703522116,29
frontier05415,1703522068,1703522113,45
frontier05416,1703522014,1703522041,27
frontier05417,1703522017,1703522058,41
frontier05418,1703522087,1703522116,29
frontier05419,1703522041,1703522105,64
frontier05420,1703522041,1703522106,65
frontier05421,1703522041,1703522105,64
frontier05422,1703522012,1703522035,23
frontier05423,1703522085,1703522115,30
frontier05424,1703522085,1703522115,30
frontier05425,1703522068,1703522113,45
frontier05426,1703522041,1703522106,65
frontier05427,1703522040,1703522106,66
frontier05428,1703522015,1703522042,27
frontier05429,1703522090,1703522116,26
frontier05430,1703522068,1703522113,45
frontier05431,1703522041,1703522106,65
frontier05434,1703522054,1703522111,57
frontier05435,1703522086,1703522116,30
frontier05437,1703522005,1703522020,15
frontier05438,1703522017,1703522059,42
frontier05439,1703522087,1703522115,28
frontier05443,1703522116,1703522121,5
frontier05445,1703522054,1703522109,55
frontier05447,1703522090,1703522117,27
frontier05448,1703522008,1703522026,18
frontier05449,1703522041,1703522107,66
frontier05451,1703522041,1703522106,65
frontier05452,1703522088,1703522116,28
frontier05454,1703522089,1703522117,28
frontier05455,1703522110,1703522120,10
frontier05456,1703522028,1703522074,46
frontier05457,1703522085,1703522116,31
frontier05459,1703522041,1703522106,65
frontier05460,1703522086,1703522116,30
frontier05461,1703522020,1703522060,40
frontier05462,1703522086,1703522115,29
frontier05463,1703522010,1703522035,25
frontier05464,1703522122,1703522124,2
frontier05467,1703522041,1703522106,65
frontier05468,1703522087,1703522116,29
frontier05470,1703522053,1703522109,56
frontier05471,1703522085,1703522115,30
frontier05472,1703522087,1703522115,28
frontier05473,1703522020,1703522060,40
frontier05475,1703522124,1703522127,3
frontier05479,1703522054,1703522109,55
frontier05480,1703522041,1703522106,65
frontier05481,1703522125,1703522127,2
frontier05486,1703521971,1703521979,8
frontier05491,1703522012,1703522035,23
frontier05493,1703522014,1703522041,27
frontier05494,1703522068,1703522113,45
frontier05495,1703522060,1703522113,53
frontier05496,1703522115,1703522120,5
frontier05505,1703522085,1703522116,31
frontier05508,1703522104,1703522118,14
frontier05509,1703522124,1703522126,2
frontier05510,1703522054,1703522109,55
frontier05511,1703522012,1703522038,26
frontier05512,1703522041,1703522106,65
frontier05513,1703522125,1703522127,2
frontier05516,1703522041,1703522106,65
frontier05517,1703522107,1703522119,12
frontier05519,1703522042,1703522111,69
frontier05520,1703522085,1703522115,30
frontier05521,1703522089,1703522116,27
frontier05526,1703521997,1703522004,7
frontier05527,1703522124,1703522126,2
frontier05528,1703522089,1703522116,27
frontier05529,1703522041,1703522106,65
frontier05530,1703521947,1703521951,4
frontier05531,1703521990,1703522000,10
frontier05532,1703522057,1703522111,54
frontier05533,1703522061,1703522113,52
frontier05534,1703522068,1703522114,46
frontier05536,1703522087,1703522116,29
frontier05537,1703522014,1703522041,27
frontier05538,1703522052,1703522108,56
frontier05539,1703522014,1703522037,23
frontier05540,1703522026,1703522073,47
frontier05542,1703522086,1703522115,29
frontier05544,1703522086,1703522115,29
frontier05545,1703522022,1703522065,43
frontier05546,1703522087,1703522117,30
frontier05547,1703522054,1703522110,56
frontier05548,1703522054,1703522110,56
frontier05549,1703522054,1703522109,55
frontier05550,1703522088,1703522116,28
frontier05552,1703522011,1703522035,24
frontier05556,1703522041,1703522106,65
frontier05557,1703522041,1703522106,65
frontier05558,1703522054,1703522110,56
frontier05559,1703522059,1703522111,52
frontier05560,1703522121,1703522124,3
frontier05561,1703522086,1703522116,30
frontier05562,1703522041,1703522106,65
frontier05563,1703522068,1703522113,45
frontier05564,1703521990,1703521999,9
frontier05565,1703522041,1703522105,64
frontier05566,1703522053,1703522110,57
frontier05568,1703522055,1703522109,54
frontier05569,1703522111,1703522120,9
frontier05570,1703522087,1703522116,29
frontier05571,1703522041,1703522107,66
frontier05572,1703522085,1703522115,30
frontier05574,1703522041,1703522106,65
frontier05577,1703521980,1703521987,7
frontier05578,1703522087,1703522116,29
frontier05579,1703522085,1703522115,30
frontier05580,1703522038,1703522084,46
frontier05581,1703522017,1703522057,40
frontier05582,1703522058,1703522111,53
frontier05583,1703522055,1703522111,56
frontier05585,1703522059,1703522113,54
frontier05586,1703522085,1703522115,30
frontier05587,1703522068,1703522113,45
frontier05589,1703522041,1703522105,64
frontier05590,1703522059,1703522112,53
frontier05591,1703522068,1703522114,46
frontier05593,1703522085,1703522116,31
frontier05594,1703522085,1703522115,30
frontier05595,1703522057,1703522111,54
frontier05599,1703522115,1703522121,6
frontier05601,1703522088,1703522116,28
frontier05602,1703522086,1703522116,30
frontier05603,1703522041,1703522106,65
frontier05604,1703522014,1703522041,27
frontier05605,1703522068,1703522113,45
frontier05606,1703522064,1703522113,49
frontier05607,1703522086,1703522115,29
frontier05608,1703522115,1703522121,6
frontier05609,1703521990,1703522000,10
frontier05610,1703522052,1703522109,57
frontier05611,1703522124,1703522126,2
frontier05612,1703522041,1703522105,64
frontier05613,1703522014,1703522037,23
frontier05633,1703522085,1703522115,30
frontier05634,1703522068,1703522113,45
frontier05635,1703522011,1703522034,23
frontier05637,1703522066,1703522112,46
frontier05638,1703522014,1703522053,39
frontier05639,1703522004,1703522017,13
frontier05640,1703522033,1703522071,38
frontier05641,1703522089,1703522116,27
frontier05643,1703522041,1703522106,65
frontier05646,1703522028,1703522067,39
frontier05647,1703522068,1703522114,46
frontier05648,1703522013,1703522042,29
frontier05649,1703522115,1703522122,7
frontier05650,1703522124,1703522126,2
frontier05651,1703522068,1703522114,46
frontier05654,1703522068,1703522113,45
frontier05655,1703522086,1703522115,29
frontier05657,1703522041,1703522105,64
frontier05658,1703522085,1703522115,30
frontier05659,1703522054,1703522110,56
frontier05660,1703522066,1703522113,47
frontier05665,1703522069,1703522114,45
frontier05666,1703522085,1703522115,30
frontier05667,1703522017,1703522058,41
frontier05668,1703522085,1703522116,31
frontier05669,1703522011,1703522034,23
frontier05671,1703521997,1703522004,7
frontier05672,1703521974,1703521984,10
frontier05673,1703522089,1703522116,27
frontier05674,1703522115,1703522121,6
frontier05675,1703522010,1703522035,25
frontier05677,1703522059,1703522113,54
frontier05679,1703522073,1703522113,40
frontier05680,1703522085,1703522116,31
frontier05681,1703522124,1703522126,2
frontier05682,1703522041,1703522105,64
frontier05683,1703522085,1703522115,30
frontier05684,1703522041,1703522107,66
frontier05685,1703522042,1703522106,64
frontier05686,1703522004,1703522016,12
frontier05687,1703522124,1703522126,2
frontier05688,1703522041,1703522106,65
frontier05689,1703522053,1703522108,55
frontier05690,1703521990,1703521998,8
frontier05691,1703522085,1703522114,29
frontier05692,1703522068,1703522114,46
frontier05693,1703522125,1703522127,2
frontier05695,1703522097,1703522117,20
frontier05696,1703522012,1703522035,23
frontier05698,1703522087,1703522116,29
frontier05699,1703522068,1703522113,45
frontier05700,1703522041,1703522106,65
frontier05701,1703522012,1703522034,22
frontier05704,1703522087,1703522116,29
frontier05705,1703522087,1703522116,29
frontier05706,1703522085,1703522115,30
frontier05707,1703522087,1703522115,28
frontier05709,1703522122,1703522125,3
frontier05713,1703522028,1703522066,38
frontier05714,1703522054,1703522110,56
frontier05715,1703521981,1703521992,11
frontier05716,1703522085,1703522115,30
frontier05717,1703522058,1703522111,53
frontier05718,1703522115,1703522121,6
frontier05723,1703522028,1703522074,46
frontier05725,1703522054,1703522109,55
frontier05726,1703522006,1703522022,16
frontier05727,1703522068,1703522113,45
frontier05728,1703522010,1703522035,25
frontier05729,1703521997,1703522004,7
frontier05732,1703522087,1703522116,29
frontier05733,1703522041,1703522105,64
frontier05734,1703522064,1703522113,49
frontier05735,1703522041,1703522107,66
frontier05736,1703522087,1703522116,29
frontier05737,1703522057,1703522112,55
frontier05738,1703522018,1703522053,35
frontier05739,1703522115,1703522120,5
frontier05740,1703522087,1703522115,28
frontier05741,1703522089,1703522116,27
frontier05742,1703522068,1703522114,46
frontier05745,1703521990,1703522000,10
frontier05761,1703522085,1703522115,30
frontier05762,1703522122,1703522125,3
frontier05763,1703522041,1703522106,65
frontier05764,1703522125,1703522127,2
frontier05765,1703522041,1703522106,65
frontier05767,1703522052,1703522108,56
frontier05769,1703522059,1703522113,54
frontier05770,1703522041,1703522107,66
frontier05773,1703522059,1703522112,53
frontier05776,1703522087,1703522116,29
frontier05777,1703522014,1703522041,27
frontier05778,1703522068,1703522113,45
frontier05779,1703522090,1703522116,26
frontier05782,1703522041,1703522105,64
frontier05783,1703522085,1703522115,30
frontier05784,1703522041,1703522106,65
frontier05785,1703522054,1703522109,55
frontier05786,1703522041,1703522106,65
frontier05787,1703522086,1703522115,29
frontier05788,1703522085,1703522115,30
frontier05789,1703522016,1703522054,38
frontier05790,1703522108,1703522120,12
frontier05793,1703522085,1703522115,30
frontier05795,1703522085,1703522115,30
frontier05796,1703522114,1703522120,6
frontier05797,1703522017,1703522058,41
frontier05798,1703522053,1703522109,56
frontier05800,1703522015,1703522052,37
frontier05801,1703522058,1703522111,53
frontier05802,1703522041,1703522107,66
frontier05803,1703522012,1703522034,22
frontier05804,1703522068,1703522113,45
frontier05806,1703522054,1703522110,56
frontier05808,1703522041,1703522106,65
frontier05809,1703522085,1703522114,29
frontier05810,1703522014,1703522042,28
frontier05812,1703522068,1703522113,45
frontier05813,1703522123,1703522126,3
frontier05814,1703522085,1703522116,31
frontier05816,1703522004,1703522022,18
frontier05817,1703522123,1703522125,2
frontier05818,1703522116,1703522121,5
frontier05819,1703522091,1703522116,25
frontier05820,1703522041,1703522106,65
frontier05821,1703522067,1703522113,46
frontier05822,1703522066,1703522113,47
frontier05826,1703522004,1703522017,13
frontier05827,1703522124,1703522126,2
frontier05829,1703522121,1703522124,3
frontier05830,1703522058,1703522111,53
frontier05833,1703522124,1703522126,2
frontier05834,1703522010,1703522034,24
frontier05836,1703522089,1703522117,28
frontier05837,1703522068,1703522113,45
frontier05838,1703522041,1703522105,64
frontier05839,1703522088,1703522116,28
frontier05840,1703522053,1703522109,56
frontier05841,1703522124,1703522126,2
frontier05842,1703522115,1703522121,6
frontier05843,1703522085,1703522115,30
frontier05844,1703522090,1703522116,26
frontier05845,1703522012,1703522035,23
frontier05846,1703522043,1703522107,64
frontier05847,1703522085,1703522115,30
frontier05848,1703522052,1703522109,57
frontier05849,1703522033,1703522104,71
frontier05850,1703522068,1703522114,46
frontier05851,1703522054,1703522109,55
frontier05852,1703522004,1703522020,16
frontier05853,1703522125,1703522127,2
frontier05854,1703522041,1703522105,64
frontier05855,1703522041,1703522105,64
frontier05858,1703522041,1703522105,64
frontier05859,1703522041,1703522106,65
frontier05860,1703522091,1703522117,26
frontier05861,1703522017,1703522055,38
frontier05862,1703522125,1703522128,3
frontier05863,1703522086,1703522116,30
frontier05864,1703522085,1703522115,30
frontier05865,1703522059,1703522111,52
frontier05866,1703522041,1703522105,64
frontier05867,1703522041,1703522106,65
frontier05889,1703522053,1703522109,56
frontier05890,1703522124,1703522126,2
frontier05891,1703522087,1703522115,28
frontier05892,1703522088,1703522116,28
frontier05893,1703522014,1703522042,28
frontier05895,1703522116,1703522122,6
frontier05898,1703522097,1703522117,20
frontier05899,1703522057,1703522112,55
frontier05900,1703522086,1703522116,30
frontier05901,1703522025,1703522066,41
frontier05902,1703522085,1703522115,30
frontier05903,1703522068,1703522113,45
frontier05908,1703522069,1703522115,46
frontier05911,1703521990,1703522004,14
frontier05912,1703522041,1703522107,66
frontier05913,1703522033,1703522105,72
frontier05915,1703522015,1703522041,26
frontier05916,1703522041,1703522107,66
frontier05921,1703522117,1703522123,6
frontier05923,1703522068,1703522113,45
frontier05924,1703522014,1703522042,28
frontier05925,1703522016,1703522053,37
frontier05926,1703521990,1703521998,8
frontier05929,1703522059,1703522112,53
frontier05931,1703522012,1703522034,22
frontier05932,1703522068,1703522113,45
frontier05933,1703522122,1703522125,3
frontier05934,1703522116,1703522122,6
frontier05935,1703522012,1703522034,22
frontier05936,1703522114,1703522121,7
frontier05937,1703522028,1703522085,57
frontier05938,1703522086,1703522116,30
frontier05940,1703522069,1703522114,45
frontier05941,1703522126,1703522128,2
frontier05942,1703522086,1703522115,29
frontier05943,1703522068,1703522113,45
frontier05944,1703522042,1703522107,65
frontier05945,1703522124,1703522126,2
frontier05947,1703522089,1703522117,28
frontier05948,1703522041,1703522105,64
frontier05956,1703522085,1703522115,30
frontier05957,1703522053,1703522109,56
frontier05958,1703522068,1703522113,45
frontier05959,1703522041,1703522107,66
frontier05960,1703522017,1703522057,40
frontier05961,1703522124,1703522126,2
frontier05962,1703522068,1703522113,45
frontier05965,1703522060,1703522113,53
frontier05966,1703521979,1703521987,8
frontier05967,1703522125,1703522127,2
frontier05968,1703522055,1703522110,55
frontier05969,1703522089,1703522116,27
frontier05970,1703522089,1703522117,28
frontier05977,1703522091,1703522117,26
frontier05978,1703522051,1703522109,58
frontier05979,1703522089,1703522117,28
frontier05980,1703522059,1703522112,53
frontier05981,1703522087,1703522115,28
frontier05982,1703522115,1703522122,7
frontier05985,1703522059,1703522112,53
frontier05986,1703522011,1703522035,24
frontier05987,1703522053,1703522110,57
frontier05988,1703522068,1703522113,45
frontier05989,1703522010,1703522035,25
frontier05990,1703522125,1703522127,2
frontier05991,1703522085,1703522116,31
frontier05992,1703521982,1703521991,9
frontier05993,1703522085,1703522114,29
frontier05995,1703522041,1703522106,65
frontier05996,1703522085,1703522115,30
frontier05998,1703522052,1703522109,57
frontier05999,1703522068,1703522113,45
frontier06000,1703522090,1703522117,27
frontier06006,1703522068,1703522114,46
frontier06007,1703522016,1703522054,38
frontier06008,1703522085,1703522115,30
frontier06017,1703522058,1703522112,54
frontier06018,1703522015,1703522041,26
frontier06020,1703522057,1703522111,54
frontier06022,1703522059,1703522113,54
frontier06023,1703522041,1703522106,65
frontier06024,1703522052,1703522108,56
frontier06025,1703522086,1703522115,29
frontier06028,1703522123,1703522125,2
frontier06029,1703522041,1703522106,65
frontier06030,1703522011,1703522035,24
frontier06031,1703522068,1703522113,45
frontier06032,1703522068,1703522114,46
frontier06035,1703522117,1703522122,5
frontier06036,1703522117,1703522123,6
frontier06037,1703522054,1703522109,55
frontier06038,1703522087,1703522116,29
frontier06039,1703522028,1703522073,45
frontier06040,1703522085,1703522115,30
frontier06041,1703522059,1703522113,54
frontier06042,1703522068,1703522113,45
frontier06043,1703522015,1703522042,27
frontier06044,1703522045,1703522107,62
frontier06046,1703522089,1703522116,27
frontier06048,1703522089,1703522117,28
frontier06049,1703522091,1703522117,26
frontier06050,1703522068,1703522113,45
frontier06051,1703522121,1703522123,2
frontier06052,1703522068,1703522114,46
frontier06053,1703522123,1703522125,2
frontier06054,1703522115,1703522121,6
frontier06056,1703522086,1703522116,30
frontier06058,1703522059,1703522113,54
frontier06060,1703522041,1703522106,65
frontier06061,1703522028,1703522069,41
frontier06062,1703522054,1703522109,55
frontier06063,1703522123,1703522126,3
frontier06064,1703522073,1703522114,41
frontier06065,1703522014,1703522041,27
frontier06066,1703522016,1703522055,39
frontier06071,1703522122,1703522125,3
frontier06072,1703522041,1703522106,65
frontier06075,1703522124,1703522126,2
frontier06076,1703522012,1703522035,23
frontier06077,1703522124,1703522126,2
frontier06078,1703522089,1703522117,28
frontier06079,1703522057,1703522112,55
frontier06080,1703522086,1703522116,30
frontier06081,1703522085,1703522115,30
frontier06083,1703522041,1703522106,65
frontier06085,1703522089,1703522117,28
frontier06086,1703522054,1703522109,55
frontier06087,1703522068,1703522113,45
frontier06088,1703522053,1703522109,56
frontier06089,1703522086,1703522115,29
frontier06090,1703522041,1703522105,64
frontier06091,1703522011,1703522034,23
frontier06093,1703522126,1703522128,2
frontier06094,1703522085,1703522115,30
frontier06096,1703522088,1703522116,28
frontier06097,1703522091,1703522117,26
frontier06098,1703522015,1703522042,27
frontier06099,1703522085,1703522115,30
frontier06100,1703521999,1703522005,6
frontier06102,1703522015,1703522042,27
frontier06104,1703522041,1703522107,66
frontier06106,1703522053,1703522108,55
frontier06107,1703522041,1703522105,64
frontier06108,1703522054,1703522110,56
frontier06109,1703522014,1703522042,28
frontier06110,1703522042,1703522108,66
frontier06111,1703522085,1703522115,30
frontier06112,1703522085,1703522115,30
frontier06113,1703522083,1703522114,31
frontier06114,1703522053,1703522109,56
frontier06115,1703521990,1703521998,8
frontier06116,1703522013,1703522041,28
frontier06118,1703522041,1703522105,64
frontier06119,1703522068,1703522113,45
frontier06121,1703522086,1703522115,29
frontier06122,1703522011,1703522034,23
frontier06123,1703522042,1703522107,65
frontier06124,1703522090,1703522117,27
frontier06145,1703522068,1703522113,45
frontier06146,1703522068,1703522113,45
frontier06147,1703521998,1703522005,7
frontier06148,1703521991,1703521999,8
frontier06149,1703522087,1703522116,29
frontier06151,1703522041,1703522106,65
frontier06153,1703522124,1703522126,2
frontier06154,1703522059,1703522111,52
frontier06155,1703522090,1703522116,26
frontier06156,1703522059,1703522111,52
frontier06158,1703522017,1703522055,38
frontier06159,1703522126,1703522128,2
frontier06160,1703522085,1703522115,30
frontier06163,1703522085,1703522116,31
frontier06164,1703522115,1703522120,5
frontier06165,1703522098,1703522118,20
frontier06166,1703522059,1703522112,53
frontier06167,1703522087,1703522116,29
frontier06168,1703522041,1703522106,65
frontier06172,1703522015,1703522042,27
frontier06175,1703522068,1703522113,45
frontier06177,1703522085,1703522114,29
frontier06178,1703522085,1703522115,30
frontier06179,1703522115,1703522121,6
frontier06180,1703522055,1703522111,56
frontier06181,1703522055,1703522111,56
frontier06182,1703522057,1703522112,55
frontier06183,1703522086,1703522116,30
frontier06185,1703522041,1703522106,65
frontier06186,1703522018,1703522057,39
frontier06188,1703522010,1703522034,24
frontier06189,1703522041,1703522105,64
frontier06190,1703522086,1703522116,30
frontier06191,1703522041,1703522107,66
frontier06192,1703522086,1703522115,29
frontier06194,1703522089,1703522117,28
frontier06198,1703522068,1703522113,45
frontier06199,1703522115,1703522121,6
frontier06200,1703522088,1703522116,28
frontier06201,1703522041,1703522106,65
frontier06202,1703522041,1703522106,65
frontier06203,1703522068,1703522114,46
frontier06204,1703522094,1703522117,23
frontier06205,1703522076,1703522114,38
frontier06206,1703522123,1703522125,2
frontier06207,1703522041,1703522106,65
frontier06208,1703521991,1703521998,7
frontier06210,1703522124,1703522126,2
frontier06211,1703522011,1703522035,24
frontier06212,1703522085,1703522115,30
frontier06213,1703522085,1703522115,30
frontier06214,1703522059,1703522113,54
frontier06215,1703522053,1703522107,54
frontier06216,1703522088,1703522116,28
frontier06218,1703522109,1703522120,11
frontier06219,1703522054,1703522110,56
frontier06222,1703522122,1703522125,3
frontier06223,1703522028,1703522071,43
frontier06224,1703522053,1703522109,56
frontier06227,1703522011,1703522035,24
frontier06228,1703522092,1703522117,25
frontier06230,1703522041,1703522107,66
frontier06231,1703522041,1703522106,65
frontier06232,1703522016,1703522052,36
frontier06235,1703521997,1703522005,8
frontier06236,1703521997,1703522004,7
frontier06237,1703522068,1703522114,46
frontier06238,1703522016,1703522057,41
frontier06239,1703522014,1703522041,27
frontier06240,1703522004,1703522018,14
frontier06241,1703522126,1703522128,2
frontier06242,1703522086,1703522116,30
frontier06243,1703522107,1703522119,12
frontier06244,1703522089,1703522116,27
frontier06245,1703522089,1703522116,27
frontier06246,1703522041,1703522106,65
frontier06247,1703522122,1703522124,2
frontier06248,1703522115,1703522122,7
frontier06249,1703522068,1703522114,46
frontier06250,1703522054,1703522110,56
frontier06252,1703522085,1703522115,30
frontier06253,1703522014,1703522041,27
frontier06273,1703522125,1703522127,2
frontier06275,1703522089,1703522116,27
frontier06278,1703522041,1703522106,65
frontier06279,1703522123,1703522126,3
frontier06282,1703522041,1703522105,64
frontier06283,1703522121,1703522124,3
frontier06284,1703522068,1703522114,46
frontier06285,1703522053,1703522109,56
frontier06287,1703522041,1703522105,64
frontier06288,1703522009,1703522028,19
frontier06289,1703522109,1703522121,12
frontier06291,1703522014,1703522042,28
frontier06292,1703522053,1703522108,55
frontier06294,1703522115,1703522120,5
frontier06295,1703522054,1703522109,55
frontier06296,1703522018,1703522059,41
frontier06298,1703522053,1703522108,55
frontier06300,1703522012,1703522036,24
frontier06301,1703522110,1703522119,9
frontier06302,1703522012,1703522034,22
frontier06304,1703522087,1703522116,29
frontier06305,1703522089,1703522116,27
frontier06306,1703522088,1703522116,28
frontier06307,1703521976,1703521983,7
frontier06308,1703522121,1703522125,4
frontier06309,1703521996,1703522004,8
frontier06310,1703522085,1703522115,30
frontier06311,1703522059,1703522111,52
frontier06312,1703522114,1703522121,7
frontier06314,1703522054,1703522110,56
frontier06315,1703522115,1703522122,7
frontier06316,1703522054,1703522110,56
frontier06317,1703522068,1703522113,45
frontier06318,1703522085,1703522115,30
frontier06319,1703522041,1703522106,65
frontier06320,1703522124,1703522126,2
frontier06321,1703522014,1703522041,27
frontier06324,1703522068,1703522113,45
frontier06325,1703522115,1703522121,6
frontier06326,1703522068,1703522114,46
frontier06327,1703522010,1703522034,24
frontier06328,1703522089,1703522116,27
frontier06329,1703522116,1703522122,6
frontier06330,1703522020,1703522059,39
frontier06331,1703522041,1703522105,64
frontier06333,1703522087,1703522116,29
frontier06334,1703522041,1703522107,66
frontier06335,1703522085,1703522116,31
frontier06337,1703522043,1703522107,64
frontier06338,1703522068,1703522114,46
frontier06339,1703522085,1703522116,31
frontier06340,1703522087,1703522115,28
frontier06341,1703522085,1703522115,30
frontier06342,1703522068,1703522113,45
frontier06343,1703522004,1703522021,17
frontier06344,1703522010,1703522035,25
frontier06345,1703522090,1703522116,26
frontier06346,1703522124,1703522126,2
frontier06347,1703522085,1703522115,30
frontier06348,1703522073,1703522113,40
frontier06349,1703521973,1703521982,9
frontier06350,1703522068,1703522114,46
frontier06351,1703522041,1703522107,66
frontier06352,1703522019,1703522060,41
frontier06353,1703522016,1703522054,38
frontier06354,1703522087,1703522116,29
frontier06355,1703522059,1703522112,53
frontier06356,1703522017,1703522054,37
frontier06357,1703522086,1703522115,29
frontier06360,1703522123,1703522126,3
frontier06361,1703521996,1703522004,8
frontier06362,1703522015,1703522053,38
frontier06363,1703522116,1703522122,6
frontier06364,1703522085,1703522115,30
frontier06365,1703522014,1703522041,27
frontier06366,1703522041,1703522106,65
frontier06368,1703522017,1703522054,37
frontier06370,1703522059,1703522113,54
frontier06371,1703522123,1703522125,2
frontier06372,1703522054,1703522110,56
frontier06373,1703522123,1703522126,3
frontier06374,1703522014,1703522042,28
frontier06401,1703522122,1703522125,3
frontier06403,1703522041,1703522105,64
frontier06404,1703522086,1703522116,30
frontier06405,1703522041,1703522104,63
frontier06407,1703522086,1703522116,30
frontier06408,1703522016,1703522053,37
frontier06409,1703522016,1703522055,39
frontier06410,1703522010,1703522034,24
frontier06411,1703522068,1703522113,45
frontier06412,1703522004,1703522016,12
frontier06413,1703522088,1703522116,28
frontier06414,1703522053,1703522110,57
frontier06415,1703522028,1703522068,40
frontier06416,1703522054,1703522109,55
frontier06418,1703522085,1703522115,30
frontier06419,1703522087,1703522116,29
frontier06420,1703522068,1703522114,46
frontier06421,1703522022,1703522064,42
frontier06422,1703522041,1703522106,65
frontier06423,1703522041,1703522106,65
frontier06424,1703522011,1703522035,24
frontier06425,1703522087,1703522115,28
frontier06426,1703522087,1703522116,29
frontier06428,1703522090,1703522117,27
frontier06429,1703522068,1703522114,46
frontier06430,1703522041,1703522106,65
frontier06431,1703522124,1703522126,2
frontier06432,1703522052,1703522108,56
frontier06433,1703522090,1703522117,27
frontier06434,1703522124,1703522126,2
frontier06435,1703522055,1703522110,55
frontier06437,1703522041,1703522106,65
frontier06438,1703522068,1703522113,45
frontier06439,1703522116,1703522122,6
frontier06440,1703522122,1703522125,3
frontier06441,1703522041,1703522105,64
frontier06442,1703522054,1703522109,55
frontier06443,1703522090,1703522116,26
frontier06444,1703522059,1703522113,54
frontier06445,1703522117,1703522122,5
frontier06446,1703522054,1703522109,55
frontier06447,1703521971,1703521979,8
frontier06448,1703522068,1703522114,46
frontier06450,1703522011,1703522035,24
frontier06451,1703522041,1703522105,64
frontier06452,1703522012,1703522034,22
frontier06453,1703522014,1703522041,27
frontier06454,1703522124,1703522126,2
frontier06455,1703522087,1703522115,28
frontier06456,1703522085,1703522115,30
frontier06457,1703522117,1703522122,5
frontier06460,1703522041,1703522107,66
frontier06461,1703522068,1703522114,46
frontier06462,1703522068,1703522113,45
frontier06463,1703522087,1703522115,28
frontier06464,1703522124,1703522126,2
frontier06465,1703522057,1703522112,55
frontier06466,1703522041,1703522105,64
frontier06467,1703522068,1703522113,45
frontier06468,1703522068,1703522113,45
frontier06469,1703522115,1703522120,5
frontier06470,1703522013,1703522036,23
frontier06471,1703522013,1703522036,23
frontier06472,1703522091,1703522117,26
frontier06473,1703522012,1703522034,22
frontier06474,1703522059,1703522111,52
frontier06475,1703522059,1703522112,53
frontier06476,1703522025,1703522066,41
frontier06477,1703521980,1703521987,7
frontier06478,1703522054,1703522109,55
frontier06479,1703522041,1703522106,65
frontier06480,1703522089,1703522116,27
frontier06481,1703522089,1703522116,27
frontier06482,1703521978,1703521990,12
frontier06483,1703521990,1703521999,9
frontier06485,1703522041,1703522107,66
frontier06486,1703522085,1703522115,30
frontier06487,1703522082,1703522114,32
frontier06488,1703522123,1703522125,2
frontier06489,1703522018,1703522057,39
frontier06490,1703522041,1703522106,65
frontier06491,1703522113,1703522120,7
frontier06531,1703522117,1703522124,7
frontier06532,1703522085,1703522115,30
frontier06533,1703522068,1703522114,46
frontier06534,1703522085,1703522114,29
frontier06535,1703522042,1703522107,65
frontier06536,1703522004,1703522014,10
frontier06537,1703522085,1703522115,30
frontier06538,1703522041,1703522105,64
frontier06539,1703522085,1703522116,31
frontier06544,1703522041,1703522105,64
frontier06545,1703522122,1703522125,3
frontier06546,1703522115,1703522121,6
frontier06547,1703522088,1703522116,28
frontier06548,1703522085,1703522115,30
frontier06550,1703521990,1703521999,9
frontier06551,1703522123,1703522126,3
frontier06554,1703522085,1703522115,30
frontier06555,1703522124,1703522126,2
frontier06556,1703522041,1703522106,65
frontier06558,1703522068,1703522113,45
frontier06559,1703522064,1703522113,49
frontier06560,1703522124,1703522127,3
frontier06561,1703522015,1703522042,27
frontier06562,1703522089,1703522116,27
frontier06563,1703522059,1703522112,53
frontier06564,1703522086,1703522115,29
frontier06565,1703522066,1703522113,47
frontier06566,1703522124,1703522126,2
frontier06567,1703522017,1703522057,40
frontier06568,1703522053,1703522108,55
frontier06569,1703522014,1703522042,28
frontier06570,1703522076,1703522114,38
frontier06571,1703521990,1703521999,9
frontier06572,1703522017,1703522058,41
frontier06573,1703522041,1703522106,65
frontier06574,1703522092,1703522118,26
frontier06575,1703522089,1703522117,28
frontier06576,1703521979,1703521990,11
frontier06577,1703522085,1703522114,29
frontier06579,1703522041,1703522107,66
frontier06580,1703522068,1703522113,45
frontier06581,1703522059,1703522113,54
frontier06583,1703522092,1703522118,26
frontier06584,1703522085,1703522114,29
frontier06585,1703521972,1703521981,9
frontier06586,1703522112,1703522121,9
frontier06587,1703522041,1703522106,65
frontier06588,1703522015,1703522042,27
frontier06589,1703522088,1703522116,28
frontier06590,1703522036,1703522105,69
frontier06591,1703522069,1703522114,45
frontier06592,1703522104,1703522119,15
frontier06593,1703522115,1703522120,5
frontier06594,1703522041,1703522105,64
frontier06595,1703522041,1703522106,65
frontier06596,1703522041,1703522106,65
frontier06597,1703522013,1703522036,23
frontier06598,1703522091,1703522117,26
frontier06599,1703522085,1703522115,30
frontier06600,1703522087,1703522116,29
frontier06601,1703522017,1703522057,40
frontier06602,1703522086,1703522115,29
frontier06603,1703522114,1703522120,6
frontier06604,1703522041,1703522106,65
frontier06605,1703522115,1703522121,6
frontier06606,1703522088,1703522116,28
frontier06607,1703522059,1703522113,54
frontier06608,1703522086,1703522115,29
frontier06609,1703522041,1703522106,65
frontier06610,1703522085,1703522115,30
frontier06611,1703522068,1703522113,45
frontier06612,1703522089,1703522116,27
frontier06613,1703522115,1703522121,6
frontier06614,1703522088,1703522116,28
frontier06615,1703522068,1703522113,45
frontier06616,1703522085,1703522115,30
frontier06617,1703522054,1703522110,56
frontier06618,1703522087,1703522116,29
frontier06624,1703522068,1703522114,46
frontier06626,1703522087,1703522115,28
frontier06629,1703522068,1703522113,45
frontier06657,1703522041,1703522106,65
frontier06658,1703522113,1703522120,7
frontier06659,1703522115,1703522121,6
frontier06660,1703522068,1703522113,45
frontier06661,1703522085,1703522115,30
frontier06662,1703522087,1703522115,28
frontier06663,1703522085,1703522114,29
frontier06664,1703522068,1703522113,45
frontier06665,1703522054,1703522109,55
frontier06667,1703522023,1703522065,42
frontier06668,1703522123,1703522125,2
frontier06669,1703522041,1703522106,65
frontier06670,1703522068,1703522113,45
frontier06672,1703522107,1703522120,13
frontier06673,1703522090,1703522116,26
frontier06674,1703522068,1703522114,46
frontier06675,1703522086,1703522116,30
frontier06676,1703522087,1703522116,29
frontier06677,1703522059,1703522113,54
frontier06678,1703522041,1703522106,65
frontier06679,1703522054,1703522110,56
frontier06680,1703522116,1703522122,6
frontier06681,1703522054,1703522110,56
frontier06682,1703522041,1703522106,65
frontier06683,1703522061,1703522113,52
frontier06684,1703522085,1703522116,31
frontier06685,1703522110,1703522122,12
frontier06686,1703522123,1703522125,2
frontier06688,1703522090,1703522116,26
frontier06690,1703522053,1703522108,55
frontier06692,1703522041,1703522106,65
frontier06694,1703522041,1703522106,65
frontier06695,1703522033,1703522105,72
frontier06696,1703522068,1703522114,46
frontier06697,1703522086,1703522116,30
frontier06698,1703522085,1703522115,30
frontier06699,1703522026,1703522071,45
frontier06700,1703522089,1703522116,27
frontier06702,1703521998,1703522003,5
frontier06704,1703522066,1703522112,46
frontier06705,1703522058,1703522111,53
frontier06706,1703522089,1703522116,27
frontier06707,1703522027,1703522067,40
frontier06708,1703522116,1703522121,5
frontier06709,1703522059,1703522113,54
frontier06710,1703522019,1703522059,40
frontier06711,1703522088,1703522116,28
frontier06712,1703522041,1703522106,65
frontier06714,1703522053,1703522109,56
frontier06715,1703522125,1703522127,2
frontier06716,1703522018,1703522057,39
frontier06717,1703522087,1703522115,28
frontier06718,1703522076,1703522114,38
frontier06719,1703522068,1703522113,45
frontier06720,1703522086,1703522115,29
frontier06721,1703522041,1703522106,65
frontier06722,1703522068,1703522114,46
frontier06723,1703522014,1703522041,27
frontier06724,1703522087,1703522116,29
frontier06726,1703522068,1703522113,45
frontier06727,1703522069,1703522114,45
frontier06728,1703522112,1703522121,9
frontier06729,1703522055,1703522112,57
frontier06730,1703522059,1703522112,53
frontier06731,1703522122,1703522125,3
frontier06732,1703522068,1703522113,45
frontier06733,1703522124,1703522126,2
frontier06734,1703522088,1703522116,28
frontier06735,1703522024,1703522064,40
frontier06736,1703522115,1703522123,8
frontier06738,1703522013,1703522036,23
frontier06739,1703522086,1703522115,29
frontier06740,1703522053,1703522109,56
frontier06741,1703522018,1703522055,37
frontier06742,1703522063,1703522113,50
frontier06743,1703522086,1703522116,30
frontier06744,1703522017,1703522055,38
frontier06751,1703522057,1703522113,56
frontier06753,1703522053,1703522108,55
frontier06754,1703522087,1703522117,30
frontier06756,1703522123,1703522125,2
frontier06785,1703522090,1703522116,26
frontier06787,1703522041,1703522106,65
frontier06788,1703522124,1703522126,2
frontier06789,1703522053,1703522108,55
frontier06790,1703522041,1703522106,65
frontier06791,1703522085,1703522115,30
frontier06792,1703522085,1703522115,30
frontier06793,1703522068,1703522113,45
frontier06794,1703522058,1703522111,53
frontier06795,1703522085,1703522115,30
frontier06796,1703522091,1703522117,26
frontier06798,1703522019,1703522060,41
frontier06799,1703522086,1703522115,29
frontier06800,1703522124,1703522126,2
frontier06802,1703522068,1703522113,45
frontier06803,1703522086,1703522115,29
frontier06804,1703522012,1703522035,23
frontier06805,1703522014,1703522041,27
frontier06806,1703522124,1703522126,2
frontier06808,1703522085,1703522115,30
frontier06809,1703522117,1703522122,5
frontier06810,1703522124,1703522126,2
frontier06811,1703522014,1703522041,27
frontier06812,1703522123,1703522125,2
frontier06813,1703522059,1703522113,54
frontier06814,1703522041,1703522105,64
frontier06815,1703522020,1703522060,40
frontier06816,1703521997,1703522004,7
frontier06819,1703522041,1703522105,64
frontier06820,1703522068,1703522114,46
frontier06821,1703522068,1703522114,46
frontier06822,1703522041,1703522106,65
frontier06823,1703522087,1703522116,29
frontier06824,1703522085,1703522115,30
frontier06825,1703522087,1703522116,29
frontier06826,1703522057,1703522111,54
frontier06827,1703522121,1703522124,3
frontier06828,1703522085,1703522116,31
frontier06829,1703522126,1703522128,2
frontier06830,1703522068,1703522113,45
frontier06831,1703522016,1703522054,38
frontier06832,1703522029,1703522085,56
frontier06833,1703522012,1703522034,22
frontier06834,1703521979,1703521988,9
frontier06836,1703522086,1703522115,29
frontier06837,1703522086,1703522115,29
frontier06840,1703522059,1703522113,54
frontier06841,1703522086,1703522116,30
frontier06842,1703522085,1703522116,31
frontier06843,1703522090,1703522117,27
frontier06844,1703522059,1703522112,53
frontier06845,1703522023,1703522065,42
frontier06846,1703522041,1703522106,65
frontier06847,1703522088,1703522116,28
frontier06848,1703522085,1703522115,30
frontier06850,1703522041,1703522106,65
frontier06851,1703522087,1703522116,29
frontier06852,1703522059,1703522112,53
frontier06853,1703522086,1703522115,29
frontier06855,1703522058,1703522112,54
frontier06856,1703522068,1703522113,45
frontier06857,1703522058,1703522111,53
frontier06858,1703522012,1703522035,23
frontier06860,1703522085,1703522115,30
frontier06869,1703522068,1703522113,45
frontier06870,1703522068,1703522113,45
frontier06872,1703522068,1703522114,46
frontier06874,1703521989,1703521997,8
frontier06875,1703522121,1703522123,2
frontier06876,1703522085,1703522116,31
frontier06877,1703522086,1703522116,30
frontier06878,1703522068,1703522113,45
frontier06880,1703522120,1703522123,3
frontier06881,1703522087,1703522116,29
frontier06882,1703522042,1703522107,65
frontier06883,1703522041,1703522106,65
frontier06884,1703522086,1703522115,29
frontier06885,1703522089,1703522117,28
frontier06886,1703522118,1703522121,3
frontier06887,1703522022,1703522065,43
frontier06888,1703522014,1703522041,27
frontier06913,1703522068,1703522114,46
frontier06914,1703522018,1703522060,42
frontier06915,1703522045,1703522107,62
frontier06917,1703522041,1703522106,65
frontier06918,1703522059,1703522113,54
frontier06919,1703522115,1703522121,6
frontier06920,1703522088,1703522116,28
frontier06921,1703522054,1703522110,56
frontier06922,1703522033,1703522091,58
frontier06923,1703522089,1703522116,27
frontier06927,1703522004,1703522017,13
frontier06928,1703522086,1703522115,29
frontier06929,1703522010,1703522028,18
frontier06930,1703522085,1703522116,31
frontier06931,1703522041,1703522106,65
frontier06932,1703522015,1703522042,27
frontier06933,1703522027,1703522069,42
frontier06934,1703522086,1703522115,29
frontier06935,1703522041,1703522105,64
frontier06938,1703522004,1703522016,12
frontier06940,1703522059,1703522112,53
frontier06941,1703522041,1703522105,64
frontier06942,1703522109,1703522121,12
frontier06943,1703522041,1703522107,66
frontier06944,1703522042,1703522106,64
frontier06945,1703522088,1703522116,28
frontier06946,1703522012,1703522035,23
frontier06947,1703522068,1703522114,46
frontier06949,1703522013,1703522042,29
frontier06950,1703522088,1703522116,28
frontier06951,1703522068,1703522114,46
frontier06952,1703522116,1703522120,4
frontier06953,1703522059,1703522111,52
frontier06954,1703522059,1703522112,53
frontier06955,1703522126,1703522128,2
frontier06956,1703522015,1703522042,27
frontier06957,1703522068,1703522113,45
frontier06958,1703522068,1703522113,45
frontier06960,1703522041,1703522106,65
frontier06961,1703522111,1703522120,9
frontier06962,1703522089,1703522116,27
frontier06963,1703522054,1703522109,55
frontier06964,1703522006,1703522022,16
frontier06965,1703522121,1703522123,2
frontier06966,1703522085,1703522115,30
frontier06967,1703522011,1703522034,23
frontier06968,1703522057,1703522111,54
frontier06969,1703522017,1703522057,40
frontier06970,1703522040,1703522105,65
frontier06971,1703522053,1703522109,56
frontier06972,1703522054,1703522111,57
frontier06973,1703522069,1703522114,45
frontier06974,1703522086,1703522116,30
frontier06976,1703521999,1703522007,8
frontier06977,1703522058,1703522112,54
frontier06978,1703522085,1703522115,30
frontier06979,1703522086,1703522116,30
frontier06989,1703522015,1703522042,27
frontier06992,1703522011,1703522033,22
frontier06993,1703522087,1703522116,29
frontier07002,1703522011,1703522035,24
frontier07003,1703522089,1703522116,27
frontier07004,1703522046,1703522108,62
frontier07005,1703522068,1703522114,46
frontier07006,1703522053,1703522108,55
frontier07007,1703522041,1703522104,63
frontier07008,1703521997,1703522004,7
frontier07009,1703522053,1703522110,57
frontier07011,1703522041,1703522106,65
frontier07012,1703522108,1703522120,12
frontier07013,1703522110,1703522119,9
frontier07014,1703522120,1703522124,4
frontier07015,1703522011,1703522035,24
frontier07016,1703522068,1703522114,46
frontier07017,1703522085,1703522116,31
frontier07019,1703522041,1703522106,65
frontier07020,1703522073,1703522114,41
frontier07023,1703522041,1703522106,65
frontier07024,1703522011,1703522035,24
frontier07025,1703522018,1703522057,39
frontier07027,1703522085,1703522114,29
frontier07041,1703522059,1703522112,53
frontier07043,1703522087,1703522116,29
frontier07044,1703522088,1703522117,29
frontier07045,1703522029,1703522085,56
frontier07047,1703522068,1703522113,45
frontier07048,1703522086,1703522115,29
frontier07049,1703522087,1703522115,28
frontier07050,1703522053,1703522108,55
frontier07051,1703521981,1703521990,9
frontier07052,1703522126,1703522128,2
frontier07055,1703522041,1703522105,64
frontier07056,1703522041,1703522105,64
frontier07058,1703522027,1703522068,41
frontier07060,1703522123,1703522126,3
frontier07061,1703522041,1703522106,65
frontier07062,1703522041,1703522105,64
frontier07063,1703522041,1703522105,64
frontier07064,1703522126,1703522128,2
frontier07065,1703522013,1703522035,22
frontier07068,1703522085,1703522114,29
frontier07069,1703522013,1703522041,28
frontier07070,1703522125,1703522127,2
frontier07071,1703522059,1703522112,53
frontier07072,1703522111,1703522122,11
frontier07073,1703522089,1703522116,27
frontier07075,1703522054,1703522110,56
frontier07076,1703522013,1703522035,22
frontier07077,1703522055,1703522112,57
frontier07078,1703522086,1703522115,29
frontier07080,1703522041,1703522106,65
frontier07081,1703522041,1703522106,65
frontier07091,1703522068,1703522114,46
frontier07092,1703522110,1703522119,9
frontier07093,1703522087,1703522116,29
frontier07094,1703522041,1703522106,65
frontier07103,1703522041,1703522106,65
frontier07104,1703522011,1703522035,24
frontier07105,1703522087,1703522116,29
frontier07106,1703522068,1703522113,45
frontier07108,1703522068,1703522113,45
frontier07109,1703522004,1703522016,12
frontier07110,1703522087,1703522116,29
frontier07111,1703522085,1703522116,31
frontier07112,1703522068,1703522113,45
frontier07114,1703522041,1703522105,64
frontier07115,1703522122,1703522124,2
frontier07116,1703522021,1703522064,43
frontier07117,1703522121,1703522124,3
frontier07118,1703522112,1703522121,9
frontier07120,1703522115,1703522120,5
frontier07121,1703522041,1703522104,63
frontier07122,1703522086,1703522116,30
frontier07123,1703522041,1703522107,66
frontier07124,1703522041,1703522105,64
frontier07125,1703522088,1703522116,28
frontier07126,1703522089,1703522116,27
frontier07127,1703522033,1703522105,72
frontier07129,1703522116,1703522122,6
frontier07137,1703522016,1703522054,38
frontier07138,1703522013,1703522036,23
frontier07139,1703522014,1703522041,27
frontier07140,1703522087,1703522116,29
frontier07141,1703522011,1703522035,24
frontier07142,1703522069,1703522115,46
frontier07143,1703522068,1703522114,46
frontier07144,1703522014,1703522037,23
frontier07145,1703522085,1703522115,30
frontier07147,1703522052,1703522108,56
frontier07148,1703522036,1703522073,37
frontier07150,1703522125,1703522127,2
frontier07151,1703522054,1703522110,56
frontier07152,1703522122,1703522125,3
frontier07153,1703522069,1703522114,45
frontier07154,1703522041,1703522106,65
frontier07155,1703522115,1703522122,7
frontier07157,1703522110,1703522120,10
frontier07158,1703522085,1703522115,30
frontier07159,1703522117,1703522122,5
frontier07160,1703522085,1703522115,30
frontier07161,1703522041,1703522106,65
frontier07162,1703522124,1703522126,2
frontier07169,1703522076,1703522114,38
frontier07170,1703522041,1703522107,66
frontier07171,1703522041,1703522106,65
frontier07172,1703522068,1703522113,45
frontier07173,1703522057,1703522111,54
frontier07175,1703522041,1703522106,65
frontier07176,1703522041,1703522105,64
frontier07177,1703522124,1703522126,2
frontier07178,1703522015,1703522054,39
frontier07179,1703522069,1703522114,45
frontier07180,1703522088,1703522116,28
frontier07181,1703522089,1703522116,27
frontier07182,1703521996,1703522004,8
frontier07183,1703522069,1703522113,44
frontier07184,1703522086,1703522116,30
frontier07185,1703522086,1703522115,29
frontier07186,1703522115,1703522121,6
frontier07187,1703522069,1703522113,44
frontier07188,1703522120,1703522124,4
frontier07189,1703521985,1703521994,9
frontier07190,1703522068,1703522114,46
frontier07191,1703522117,1703522123,6
frontier07192,1703522117,1703522121,4
frontier07194,1703521999,1703522005,6
frontier07195,1703522085,1703522115,30
frontier07196,1703522054,1703522110,56
frontier07197,1703522012,1703522034,22
frontier07198,1703522085,1703522115,30
frontier07200,1703522089,1703522116,27
frontier07202,1703522068,1703522113,45
frontier07203,1703522085,1703522115,30
frontier07205,1703522085,1703522114,29
frontier07206,1703522069,1703522114,45
frontier07207,1703521980,1703521987,7
frontier07208,1703522011,1703522034,23
frontier07209,1703522085,1703522116,31
frontier07216,1703522085,1703522115,30
frontier07217,1703522041,1703522105,64
frontier07218,1703522124,1703522126,2
frontier07220,1703522069,1703522114,45
frontier07221,1703522054,1703522110,56
frontier07239,1703522089,1703522116,27
frontier07240,1703522085,1703522116,31
frontier07241,1703522088,1703522116,28
frontier07243,1703522014,1703522042,28
frontier07244,1703522087,1703522116,29
frontier07245,1703522041,1703522106,65
frontier07249,1703522041,1703522106,65
frontier07253,1703522087,1703522116,29
frontier07256,1703522011,1703522034,23
frontier07260,1703522120,1703522123,3
frontier07261,1703522066,1703522113,47
frontier07262,1703522038,1703522084,46
frontier07263,1703522115,1703522121,6
frontier07265,1703522087,1703522115,28
frontier07266,1703522011,1703522035,24
frontier07267,1703522090,1703522117,27
frontier07269,1703522068,1703522114,46
frontier07270,1703522021,1703522059,38
frontier07271,1703522124,1703522127,3
frontier07273,1703522085,1703522115,30
frontier07274,1703522055,1703522111,56
frontier07275,1703522041,1703522106,65
frontier07276,1703522068,1703522114,46
frontier07277,1703522058,1703522111,53
frontier07278,1703522085,1703522115,30
frontier07279,1703522090,1703522116,26
frontier07281,1703522091,1703522118,27
frontier07283,1703522089,1703522116,27
frontier07284,1703522012,1703522036,24
frontier07287,1703522041,1703522106,65
frontier07288,1703522068,1703522114,46
frontier07289,1703522118,1703522122,4
frontier07291,1703522085,1703522115,30
frontier07293,1703522026,1703522070,44
frontier07296,1703522096,1703522117,21
frontier07297,1703522123,1703522126,3
frontier07298,1703522053,1703522110,57
frontier07299,1703522033,1703522106,73
frontier07300,1703522068,1703522112,44
frontier07301,1703522013,1703522036,23
frontier07302,1703522016,1703522055,39
frontier07304,1703522115,1703522121,6
frontier07305,1703522068,1703522113,45
frontier07307,1703522087,1703522116,29
frontier07308,1703522022,1703522065,43
frontier07309,1703522086,1703522115,29
frontier07310,1703522091,1703522118,27
frontier07311,1703522011,1703522035,24
frontier07312,1703522041,1703522106,65
frontier07313,1703522059,1703522111,52
frontier07314,1703522068,1703522114,46
frontier07317,1703522089,1703522116,27
frontier07318,1703522086,1703522116,30
frontier07319,1703522092,1703522118,26
frontier07320,1703522005,1703522016,11
frontier07321,1703522123,1703522125,2
frontier07322,1703522085,1703522115,30
frontier07323,1703522068,1703522113,45
frontier07325,1703522068,1703522113,45
frontier07326,1703522068,1703522113,45
frontier07327,1703522086,1703522115,29
frontier07328,1703522092,1703522118,26
frontier07329,1703522085,1703522114,29
frontier07330,1703522041,1703522106,65
frontier07331,1703522085,1703522115,30
frontier07332,1703522122,1703522125,3
frontier07333,1703522010,1703522034,24
frontier07334,1703522014,1703522037,23
frontier07335,1703522068,1703522114,46
frontier07340,1703522052,1703522108,56
frontier07341,1703522038,1703522083,45
frontier07342,1703522089,1703522116,27
frontier07343,1703522085,1703522115,30
frontier07344,1703522123,1703522125,2
frontier07345,1703522054,1703522110,56
frontier07346,1703522107,1703522120,13
frontier07349,1703522012,1703522035,23
frontier07350,1703522054,1703522109,55
frontier07353,1703522012,1703522034,22
frontier07354,1703522053,1703522109,56
frontier07355,1703522068,1703522114,46
frontier07357,1703521999,1703522007,8
frontier07358,1703522086,1703522115,29
frontier07359,1703522091,1703522116,25
frontier07365,1703522041,1703522105,64
frontier07366,1703522086,1703522116,30
frontier07367,1703522068,1703522114,46
frontier07378,1703522042,1703522107,65
frontier07379,1703522059,1703522113,54
frontier07380,1703522125,1703522127,2
frontier07381,1703522057,1703522111,54
frontier07382,1703522073,1703522114,41
frontier07383,1703522041,1703522105,64
frontier07384,1703522087,1703522115,28
frontier07385,1703522085,1703522115,30
frontier07386,1703522108,1703522120,12
frontier07389,1703522109,1703522120,11
frontier07390,1703522041,1703522106,65
frontier07391,1703522085,1703522115,30
frontier07392,1703522087,1703522115,28
frontier07394,1703522085,1703522114,29
frontier07396,1703522041,1703522106,65
frontier07406,1703521997,1703522004,7
frontier07407,1703522086,1703522116,30
frontier07408,1703522041,1703522107,66
frontier07409,1703522056,1703522111,55
frontier07410,1703522068,1703522113,45
frontier07411,1703522085,1703522114,29
frontier07412,1703522033,1703522106,73
frontier07413,1703522054,1703522109,55
frontier07414,1703522068,1703522113,45
frontier07415,1703522088,1703522116,28
frontier07416,1703522118,1703522121,3
frontier07418,1703522085,1703522115,30
frontier07419,1703521998,1703522005,7
frontier07420,1703522119,1703522123,4
frontier07425,1703522126,1703522128,2
frontier07426,1703522016,1703522053,37
frontier07427,1703522088,1703522116,28
frontier07430,1703521999,1703522005,6
frontier07431,1703522012,1703522036,24
frontier07432,1703522085,1703522115,30
frontier07433,1703522092,1703522118,26
frontier07434,1703522004,1703522021,17
frontier07435,1703522085,1703522114,29
frontier07436,1703522015,1703522042,27
frontier07439,1703522054,1703522110,56
frontier07441,1703522093,1703522117,24
frontier07442,1703522054,1703522109,55
frontier07443,1703522053,1703522108,55
frontier07444,1703522012,1703522035,23
frontier07445,1703522012,1703522035,23
frontier07446,1703522115,1703522120,5
frontier07447,1703522059,1703522111,52
frontier07449,1703522124,1703522126,2
frontier07450,1703522087,1703522115,28
frontier07451,1703522106,1703522118,12
frontier07452,1703522021,1703522059,38
frontier07453,1703522087,1703522116,29
frontier07454,1703522041,1703522106,65
frontier07455,1703522125,1703522127,2
frontier07456,1703522059,1703522112,53
frontier07457,1703522068,1703522113,45
frontier07458,1703522125,1703522127,2
frontier07459,1703522015,1703522042,27
frontier07460,1703522089,1703522116,27
frontier07461,1703522018,1703522057,39
frontier07467,1703522017,1703522055,38
frontier07470,1703522068,1703522113,45
frontier07471,1703522041,1703522106,65
frontier07472,1703522117,1703522122,5
frontier07473,1703522085,1703522115,30
frontier07474,1703522089,1703522116,27
frontier07475,1703522114,1703522120,6
frontier07476,1703522041,1703522105,64
frontier07477,1703522116,1703522121,5
frontier07478,1703522088,1703522116,28
frontier07479,1703522054,1703522110,56
frontier07480,1703522091,1703522117,26
frontier07481,1703522090,1703522117,27
frontier07482,1703522088,1703522116,28
frontier07483,1703522014,1703522042,28
frontier07488,1703522021,1703522059,38
frontier07489,1703521974,1703521980,6
frontier07490,1703522102,1703522119,17
frontier07495,1703522069,1703522114,45
frontier07503,1703522089,1703522116,27
frontier07506,1703522085,1703522115,30
frontier07507,1703522014,1703522042,28
frontier07509,1703522015,1703522054,39
frontier07510,1703522085,1703522115,30
frontier07511,1703522085,1703522116,31
frontier07512,1703522124,1703522126,2
frontier07513,1703522026,1703522067,41
frontier07514,1703522022,1703522065,43
frontier07517,1703522059,1703522113,54
frontier07527,1703522086,1703522115,29
frontier07528,1703522041,1703522106,65
frontier07529,1703522114,1703522121,7
frontier07530,1703522111,1703522121,10
frontier07531,1703522087,1703522116,29
frontier07532,1703522041,1703522106,65
frontier07533,1703522104,1703522120,16
frontier07534,1703522085,1703522115,30
frontier07535,1703521999,1703522005,6
frontier07536,1703522053,1703522108,55
frontier07537,1703522085,1703522114,29
frontier07538,1703522117,1703522123,6
frontier07539,1703522011,1703522035,24
frontier07541,1703522054,1703522110,56
frontier07543,1703522086,1703522116,30
frontier07545,1703522103,1703522118,15
frontier07546,1703522013,1703522041,28
frontier07547,1703522126,1703522128,2
frontier07548,1703522058,1703522111,53
frontier07549,1703522124,1703522126,2
frontier07550,1703522086,1703522115,29
frontier07553,1703522085,1703522114,29
frontier07554,1703521971,1703521979,8
frontier07556,1703522087,1703522116,29
frontier07557,1703522121,1703522123,2
frontier07558,1703522058,1703522112,54
frontier07560,1703522086,1703522115,29
frontier07561,1703522087,1703522116,29
frontier07562,1703522088,1703522116,28
frontier07563,1703522087,1703522115,28
frontier07564,1703522057,1703522112,55
frontier07565,1703522091,1703522117,26
frontier07566,1703522068,1703522113,45
frontier07567,1703522088,1703522116,28
frontier07568,1703522068,1703522113,45
frontier07569,1703522085,1703522116,31
frontier07570,1703522016,1703522053,37
frontier07571,1703522068,1703522114,46
frontier07572,1703522089,1703522116,27
frontier07573,1703522059,1703522112,53
frontier07574,1703522059,1703522113,54
frontier07575,1703522122,1703522125,3
frontier07576,1703522068,1703522114,46
frontier07577,1703522041,1703522106,65
frontier07578,1703522085,1703522115,30
frontier07579,1703522124,1703522126,2
frontier07580,1703522015,1703522042,27
frontier07581,1703522124,1703522126,2
frontier07582,1703522041,1703522107,66
frontier07583,1703522061,1703522113,52
frontier07584,1703522085,1703522116,31
frontier07585,1703522019,1703522060,41
frontier07586,1703522015,1703522053,38
frontier07587,1703522086,1703522115,29
frontier07588,1703522059,1703522114,55
frontier07589,1703522059,1703522113,54
frontier07590,1703522085,1703522115,30
frontier07596,1703522085,1703522115,30
frontier07597,1703522086,1703522116,30
frontier07598,1703522059,1703522112,53
frontier07599,1703522017,1703522057,40
frontier07600,1703522068,1703522114,46
frontier07601,1703522041,1703522107,66
frontier07602,1703522087,1703522115,28
frontier07603,1703521990,1703521998,8
frontier07620,1703522123,1703522126,3
frontier07621,1703522054,1703522111,57
frontier07623,1703522109,1703522119,10
frontier07624,1703522089,1703522116,27
frontier07627,1703522016,1703522057,41
frontier07628,1703522053,1703522109,56
frontier07629,1703522041,1703522105,64
frontier07630,1703522124,1703522126,2
frontier07631,1703522041,1703522106,65
frontier07632,1703522068,1703522114,46
frontier07637,1703522018,1703522055,37
frontier07644,1703522068,1703522114,46
frontier07645,1703522086,1703522115,29
frontier07646,1703522087,1703522116,29
frontier07647,1703522115,1703522121,6
frontier07648,1703522086,1703522115,29
frontier07649,1703522124,1703522126,2
frontier07650,1703522085,1703522115,30
frontier07651,1703522016,1703522054,38
frontier07652,1703522115,1703522121,6
frontier07653,1703522011,1703522035,24
frontier07654,1703522058,1703522112,54
frontier07655,1703522124,1703522126,2
frontier07656,1703522085,1703522115,30
frontier07657,1703521999,1703522006,7
frontier07661,1703522087,1703522116,29
frontier07662,1703522114,1703522123,9
frontier07663,1703522090,1703522117,27
frontier07664,1703522010,1703522033,23
frontier07665,1703522104,1703522118,14
frontier07666,1703522068,1703522114,46
frontier07667,1703522059,1703522112,53
frontier07668,1703522060,1703522112,52
frontier07669,1703522124,1703522126,2
frontier07670,1703522085,1703522115,30
frontier07671,1703522020,1703522060,40
frontier07672,1703522041,1703522106,65
frontier07682,1703522089,1703522117,28
frontier07683,1703522085,1703522115,30
frontier07684,1703522068,1703522113,45
frontier07685,1703522054,1703522110,56
frontier07687,1703522052,1703522109,57
frontier07688,1703522033,1703522104,71
frontier07689,1703522068,1703522114,46
frontier07690,1703522017,1703522057,40
frontier07691,1703522085,1703522115,30
frontier07693,1703522085,1703522115,30
frontier07694,1703522041,1703522105,64
frontier07695,1703522011,1703522034,23
frontier07696,1703522068,1703522114,46
frontier07697,1703522117,1703522121,4
frontier07698,1703522013,1703522036,23
frontier07699,1703522041,1703522106,65
frontier07700,1703522053,1703522109,56
frontier07702,1703522016,1703522057,41
frontier07703,1703522022,1703522065,43
frontier07704,1703522041,1703522106,65
frontier07705,1703522055,1703522111,56
frontier07706,1703522090,1703522116,26
frontier07707,1703522116,1703522121,5
frontier07708,1703522033,1703522104,71
frontier07709,1703522057,1703522112,55
frontier07711,1703522085,1703522116,31
frontier07713,1703522028,1703522068,40
frontier07714,1703522053,1703522109,56
frontier07715,1703522085,1703522116,31
frontier07716,1703522085,1703522114,29
frontier07726,1703522086,1703522115,29
frontier07727,1703522041,1703522106,65
frontier07728,1703521971,1703521980,9
frontier07729,1703522016,1703522054,38
frontier07730,1703522091,1703522116,25
frontier07731,1703522059,1703522112,53
frontier07732,1703522087,1703522115,28
frontier07735,1703522126,1703522128,2
frontier07749,1703522015,1703522042,27
frontier07750,1703522018,1703522057,39
frontier07752,1703522059,1703522112,53
frontier07753,1703522041,1703522106,65
frontier07754,1703522041,1703522106,65
frontier07757,1703522085,1703522115,30
frontier07758,1703522115,1703522121,6
frontier07759,1703522059,1703522112,53
frontier07760,1703522087,1703522116,29
frontier07763,1703522124,1703522126,2
frontier07769,1703522019,1703522060,41
frontier07770,1703522087,1703522116,29
frontier07771,1703522041,1703522106,65
frontier07772,1703522041,1703522106,65
frontier07773,1703522059,1703522112,53
frontier07774,1703522069,1703522113,44
frontier07775,1703521998,1703522004,6
frontier07776,1703522068,1703522114,46
frontier07777,1703522115,1703522121,6
frontier07778,1703522041,1703522104,63
frontier07779,1703522041,1703522106,65
frontier07780,1703522068,1703522114,46
frontier07781,1703522086,1703522116,30
frontier07782,1703522059,1703522113,54
frontier07785,1703522085,1703522114,29
frontier07786,1703522068,1703522113,45
frontier07787,1703522090,1703522116,26
frontier07788,1703522068,1703522114,46
frontier07789,1703522068,1703522114,46
frontier07793,1703522068,1703522115,47
frontier07795,1703522115,1703522120,5
frontier07796,1703522041,1703522106,65
frontier07797,1703522090,1703522117,27
frontier07798,1703522086,1703522115,29
frontier07799,1703521999,1703522005,6
frontier07800,1703521999,1703522006,7
frontier07801,1703522016,1703522055,39
frontier07802,1703522122,1703522125,3
frontier07803,1703522014,1703522041,27
frontier07804,1703522124,1703522127,3
frontier07805,1703522054,1703522109,55
frontier07806,1703522054,1703522110,56
frontier07807,1703522085,1703522115,30
frontier07809,1703522089,1703522116,27
frontier07810,1703522054,1703522110,56
frontier07811,1703522068,1703522113,45
frontier07812,1703522122,1703522124,2
frontier07813,1703522085,1703522116,31
frontier07814,1703522090,1703522117,27
frontier07815,1703522089,1703522117,28
frontier07816,1703522124,1703522126,2
frontier07818,1703522086,1703522115,29
frontier07819,1703522054,1703522110,56
frontier07820,1703522090,1703522117,27
frontier07821,1703522089,1703522117,28
frontier07822,1703522012,1703522035,23
frontier07823,1703522068,1703522113,45
frontier07824,1703522087,1703522116,29
frontier07825,1703522013,1703522035,22
frontier07826,1703522054,1703522110,56
frontier07827,1703522012,1703522035,23
frontier07828,1703522087,1703522116,29
frontier07829,1703522087,1703522116,29
frontier07830,1703522041,1703522106,65
frontier07831,1703522086,1703522115,29
frontier07832,1703522014,1703522041,27
frontier07833,1703522041,1703522108,67
frontier07834,1703522059,1703522112,53
frontier07835,1703522053,1703522108,55
frontier07836,1703522085,1703522116,31
frontier07837,1703522059,1703522112,53
frontier07838,1703522089,1703522116,27
frontier07839,1703522085,1703522115,30
frontier07840,1703522012,1703522035,23
frontier07841,1703522041,1703522107,66
frontier07842,1703522087,1703522115,28
frontier07843,1703522088,1703522116,28
frontier07854,1703522090,1703522117,27
frontier07855,1703522069,1703522115,46
frontier07856,1703522069,1703522115,46
frontier07857,1703521990,1703521999,9
frontier07858,1703522051,1703522107,56
frontier07859,1703522088,1703522116,28
frontier07860,1703522016,1703522057,41
frontier07875,1703522053,1703522109,56
frontier07877,1703522086,1703522115,29
frontier07878,1703522115,1703522121,6
frontier07881,1703521997,1703522004,7
frontier07882,1703522012,1703522035,23
frontier07884,1703522092,1703522117,25
frontier07885,1703522092,1703522117,25
frontier07888,1703522041,1703522105,64
frontier07891,1703522090,1703522117,27
frontier07895,1703522068,1703522113,45
frontier07896,1703522116,1703522122,6
frontier07897,1703522041,1703522106,65
frontier07898,1703522064,1703522113,49
frontier07900,1703522018,1703522057,39
frontier07901,1703522068,1703522113,45
frontier07902,1703522041,1703522106,65
frontier07903,1703522068,1703522114,46
frontier07904,1703522123,1703522125,2
frontier07905,1703522015,1703522041,26
frontier07906,1703522091,1703522118,27
frontier07907,1703522116,1703522123,7
frontier07908,1703522085,1703522115,30
frontier07911,1703522086,1703522116,30
frontier07912,1703522085,1703522114,29
frontier07913,1703521999,1703522005,6
frontier07914,1703522125,1703522127,2
frontier07915,1703522059,1703522112,53
frontier07916,1703522125,1703522127,2
frontier07918,1703522052,1703522108,56
frontier07919,1703522087,1703522116,29
frontier07920,1703521998,1703522005,7
frontier07921,1703522089,1703522116,27
frontier07922,1703522123,1703522125,2
frontier07924,1703522054,1703522110,56
frontier07926,1703522068,1703522114,46
frontier07927,1703522041,1703522105,64
frontier07928,1703522124,1703522126,2
frontier07929,1703522016,1703522054,38
frontier07930,1703522069,1703522114,45
frontier07931,1703522069,1703522113,44
frontier07937,1703522069,1703522114,45
frontier07938,1703522087,1703522116,29
frontier07939,1703522068,1703522113,45
frontier07940,1703522085,1703522115,30
frontier07941,1703522040,1703522106,66
frontier07942,1703522087,1703522115,28
frontier07943,1703522086,1703522115,29
frontier07944,1703522059,1703522112,53
frontier07945,1703521997,1703522003,6
frontier07946,1703522104,1703522119,15
frontier07947,1703522115,1703522122,7
frontier07948,1703522016,1703522054,38
frontier07949,1703522068,1703522113,45
frontier07950,1703522121,1703522125,4
frontier07951,1703522041,1703522106,65
frontier07952,1703522040,1703522106,66
frontier07953,1703522017,1703522054,37
frontier07956,1703522019,1703522059,40
frontier07957,1703522041,1703522106,65
frontier07958,1703522004,1703522018,14
frontier07959,1703522087,1703522116,29
frontier07960,1703522088,1703522116,28
frontier07961,1703522074,1703522114,40
frontier07962,1703522041,1703522106,65
frontier07963,1703522011,1703522035,24
frontier07965,1703522013,1703522035,22
frontier07966,1703521979,1703521990,11
frontier07967,1703522116,1703522120,4
frontier07968,1703522055,1703522111,56
frontier07969,1703522125,1703522127,2
frontier07970,1703522114,1703522120,6
frontier07971,1703522054,1703522108,54
frontier07982,1703522088,1703522116,28
frontier07983,1703522059,1703522113,54
frontier07984,1703522085,1703522115,30
frontier07985,1703522015,1703522042,27
frontier07986,1703522020,1703522061,41
frontier07987,1703522086,1703522115,29
frontier07988,1703522054,1703522110,56
frontier07992,1703522020,1703522060,40
frontier08004,1703522085,1703522116,31
frontier08006,1703522053,1703522108,55
frontier08007,1703522028,1703522071,43
frontier08013,1703522068,1703522114,46
frontier08018,1703522042,1703522107,65
frontier08019,1703522053,1703522107,54
frontier08020,1703522041,1703522106,65
frontier08021,1703522089,1703522116,27
frontier08022,1703521998,1703522004,6
frontier08023,1703522060,1703522113,53
frontier08024,1703522110,1703522121,11
frontier08025,1703522068,1703522114,46
frontier08026,1703522052,1703522108,56
frontier08027,1703522086,1703522115,29
frontier08028,1703522011,1703522035,24
frontier08031,1703522053,1703522110,57
frontier08032,1703522059,1703522113,54
frontier08033,1703522041,1703522106,65
frontier08034,1703522028,1703522069,41
frontier08035,1703522085,1703522116,31
frontier08036,1703522088,1703522116,28
frontier08037,1703522113,1703522122,9
frontier08038,1703522086,1703522115,29
frontier08039,1703521999,1703522006,7
frontier08040,1703522107,1703522119,12
frontier08041,1703522091,1703522117,26
frontier08042,1703522122,1703522125,3
frontier08043,1703522041,1703522106,65
frontier08044,1703522011,1703522034,23
frontier08045,1703522041,1703522106,65
frontier08046,1703522090,1703522117,27
frontier08049,1703522116,1703522121,5
frontier08051,1703522085,1703522115,30
frontier08052,1703522125,1703522127,2
frontier08053,1703522086,1703522115,29
frontier08055,1703522115,1703522121,6
frontier08056,1703522086,1703522116,30
frontier08057,1703522054,1703522110,56
frontier08058,1703522068,1703522113,45
frontier08059,1703522120,1703522124,4
frontier08060,1703522085,1703522115,30
frontier08065,1703522021,1703522063,42
frontier08066,1703522053,1703522108,55
frontier08067,1703522115,1703522121,6
frontier08068,1703522018,1703522060,42
frontier08069,1703522009,1703522027,18
frontier08070,1703522125,1703522127,2
frontier08071,1703522056,1703522112,56
frontier08072,1703522086,1703522115,29
frontier08073,1703522058,1703522111,53
frontier08074,1703522085,1703522114,29
frontier08075,1703522016,1703522054,38
frontier08076,1703522086,1703522115,29
frontier08077,1703522015,1703522042,27
frontier08079,1703522051,1703522109,58
frontier08080,1703522015,1703522053,38
frontier08081,1703522033,1703522104,71
frontier08082,1703522016,1703522057,41
frontier08083,1703522086,1703522116,30
frontier08084,1703522123,1703522125,2
frontier08085,1703521999,1703522005,6
frontier08086,1703522105,1703522118,13
frontier08087,1703522115,1703522120,5
frontier08088,1703521980,1703521987,7
frontier08089,1703522012,1703522036,24
frontier08090,1703522041,1703522107,66
frontier08091,1703522113,1703522122,9
frontier08092,1703522041,1703522105,64
frontier08093,1703522085,1703522114,29
frontier08094,1703522086,1703522115,29
frontier08095,1703522014,1703522041,27
frontier08096,1703522053,1703522108,55
frontier08110,1703522053,1703522109,56
frontier08111,1703522089,1703522116,27
frontier08112,1703522085,1703522115,30
frontier08114,1703522115,1703522123,8
frontier08115,1703522071,1703522114,43
frontier08116,1703522116,1703522122,6
frontier08117,1703522057,1703522111,54
frontier08118,1703522059,1703522111,52
frontier08121,1703522041,1703522106,65
frontier08123,1703521999,1703522005,6
frontier08132,1703522059,1703522111,52
frontier08135,1703522054,1703522111,57
frontier08136,1703522115,1703522122,7
frontier08137,1703522041,1703522105,64
frontier08138,1703522068,1703522114,46
frontier08139,1703522123,1703522126,3
frontier08140,1703522086,1703522115,29
frontier08141,1703522068,1703522113,45
frontier08142,1703522055,1703522111,56
frontier08143,1703522040,1703522105,65
frontier08144,1703522016,1703522055,39
frontier08145,1703522052,1703522108,56
frontier08147,1703522013,1703522036,23
frontier08148,1703522086,1703522116,30
frontier08153,1703522123,1703522125,2
frontier08154,1703522041,1703522105,64
frontier08155,1703522041,1703522105,64
frontier08156,1703522115,1703522123,8
frontier08157,1703522059,1703522113,54
frontier08158,1703522015,1703522042,27
frontier08159,1703522125,1703522127,2
frontier08160,1703522005,1703522028,23
frontier08161,1703522053,1703522109,56
frontier08165,1703522046,1703522107,61
frontier08166,1703521981,1703521991,10
frontier08168,1703522085,1703522115,30
frontier08169,1703522041,1703522106,65
frontier08170,1703522014,1703522041,27
frontier08180,1703521999,1703522005,6
frontier08181,1703522053,1703522109,56
frontier08182,1703522063,1703522113,50
frontier08183,1703522085,1703522115,30
frontier08184,1703522015,1703522042,27
frontier08185,1703522102,1703522118,16
frontier08186,1703522055,1703522111,56
frontier08187,1703522041,1703522106,65
frontier08188,1703522123,1703522126,3
frontier08189,1703522068,1703522114,46
frontier08190,1703522106,1703522118,12
frontier08191,1703522054,1703522110,56
frontier08193,1703522011,1703522034,23
frontier08194,1703522059,1703522112,53
frontier08195,1703522121,1703522123,2
frontier08196,1703522086,1703522116,30
frontier08197,1703522041,1703522106,65
frontier08198,1703522116,1703522122,6
frontier08199,1703522059,1703522111,52
frontier08200,1703522085,1703522116,31
frontier08201,1703522125,1703522128,3
frontier08202,1703522088,1703522116,28
frontier08203,1703522041,1703522106,65
frontier08204,1703522011,1703522035,24
frontier08205,1703522108,1703522120,12
frontier08206,1703522085,1703522115,30
frontier08207,1703522122,1703522124,2
frontier08208,1703522014,1703522041,27
frontier08209,1703522090,1703522117,27
frontier08210,1703522115,1703522120,5
frontier08211,1703522053,1703522109,56
frontier08212,1703522041,1703522106,65
frontier08213,1703522018,1703522054,36
frontier08214,1703522015,1703522042,27
frontier08215,1703522054,1703522109,55
frontier08216,1703522068,1703522114,46
frontier08217,1703522108,1703522120,12
frontier08218,1703522085,1703522115,30
frontier08219,1703522123,1703522126,3
frontier08220,1703522087,1703522115,28
frontier08221,1703522012,1703522035,23
frontier08223,1703522053,1703522109,56
frontier08224,1703522068,1703522113,45
frontier08225,1703522053,1703522108,55
frontier08226,1703522091,1703522117,26
frontier08233,1703522054,1703522110,56
frontier08234,1703522053,1703522109,56
frontier08235,1703522041,1703522106,65
frontier08239,1703522111,1703522120,9
frontier08243,1703522085,1703522115,30
frontier08244,1703522014,1703522042,28
frontier08245,1703522012,1703522036,24
frontier08246,1703522089,1703522116,27
frontier08247,1703522085,1703522115,30
frontier08248,1703522125,1703522127,2
frontier08249,1703522059,1703522113,54
frontier08262,1703522017,1703522055,38
frontier08264,1703522088,1703522116,28
frontier08265,1703522041,1703522106,65
frontier08266,1703522040,1703522104,64
frontier08267,1703522090,1703522117,27
frontier08268,1703522004,1703522017,13
frontier08269,1703522010,1703522034,24
frontier08270,1703522012,1703522036,24
frontier08271,1703522041,1703522106,65
frontier08272,1703522059,1703522113,54
frontier08273,1703521990,1703521997,7
frontier08274,1703522055,1703522112,57
frontier08275,1703522054,1703522110,56
frontier08276,1703522085,1703522114,29
frontier08277,1703522057,1703522111,54
frontier08278,1703522073,1703522114,41
frontier08279,1703522013,1703522034,21
frontier08280,1703522041,1703522106,65
frontier08283,1703522059,1703522113,54
frontier08284,1703522085,1703522115,30
frontier08285,1703522014,1703522042,28
frontier08286,1703522068,1703522113,45
frontier08287,1703521999,1703522006,7
frontier08288,1703522087,1703522116,29
frontier08289,1703522022,1703522065,43
frontier08290,1703522086,1703522115,29
frontier08291,1703522004,1703522017,13
frontier08292,1703522041,1703522107,66
frontier08295,1703522124,1703522126,2
frontier08297,1703522102,1703522118,16
frontier08298,1703522041,1703522106,65
frontier08299,1703522124,1703522126,2
frontier08302,1703522068,1703522114,46
frontier08304,1703522086,1703522115,29
frontier08305,1703522068,1703522114,46
frontier08307,1703522117,1703522123,6
frontier08310,1703522016,1703522055,39
frontier08321,1703522086,1703522115,29
frontier08322,1703522115,1703522121,6
frontier08323,1703522059,1703522112,53
frontier08324,1703522089,1703522117,28
frontier08325,1703522036,1703522105,69
frontier08326,1703522086,1703522116,30
frontier08327,1703522053,1703522111,58
frontier08328,1703522087,1703522115,28
frontier08329,1703522041,1703522105,64
frontier08330,1703521993,1703522001,8
frontier08331,1703521990,1703522000,10
frontier08332,1703522068,1703522113,45
frontier08333,1703522124,1703522127,3
frontier08334,1703522068,1703522113,45
frontier08335,1703522041,1703522106,65
frontier08337,1703522052,1703522109,57
frontier08338,1703522041,1703522107,66
frontier08339,1703522088,1703522116,28
frontier08340,1703522019,1703522060,41
frontier08341,1703522085,1703522115,30
frontier08342,1703522088,1703522116,28
frontier08343,1703522004,1703522029,25
frontier08344,1703522053,1703522108,55
frontier08345,1703522121,1703522123,2
frontier08346,1703522068,1703522114,46
frontier08347,1703522089,1703522117,28
frontier08348,1703522117,1703522122,5
frontier08349,1703522091,1703522117,26
frontier08350,1703522020,1703522061,41
frontier08353,1703522068,1703522113,45
frontier08356,1703522007,1703522022,15
frontier08360,1703522087,1703522116,29
frontier08364,1703522010,1703522034,24
frontier08372,1703522004,1703522018,14
frontier08373,1703522086,1703522116,30
frontier08374,1703522076,1703522114,38
frontier08375,1703522053,1703522108,55
frontier08376,1703522104,1703522118,14
frontier08377,1703522090,1703522116,26
frontier08378,1703522041,1703522105,64
frontier08386,1703522041,1703522106,65
frontier08393,1703522085,1703522116,31
frontier08394,1703522117,1703522121,4
frontier08395,1703522017,1703522053,36
frontier08396,1703522014,1703522042,28
frontier08397,1703522016,1703522057,41
frontier08398,1703522053,1703522108,55
frontier08399,1703522086,1703522115,29
frontier08400,1703522085,1703522115,30
frontier08401,1703522085,1703522115,30
frontier08402,1703522123,1703522125,2
frontier08403,1703522021,1703522065,44
frontier08404,1703522123,1703522126,3
frontier08405,1703522119,1703522123,4
frontier08406,1703522041,1703522105,64
frontier08407,1703522088,1703522116,28
frontier08408,1703522033,1703522104,71
frontier08409,1703522054,1703522109,55
frontier08410,1703522054,1703522110,56
frontier08411,1703522087,1703522116,29
frontier08414,1703522124,1703522126,2
frontier08415,1703522033,1703522091,58
frontier08416,1703522019,1703522060,41
frontier08417,1703522085,1703522115,30
frontier08418,1703522115,1703522121,6
frontier08419,1703522125,1703522127,2
frontier08420,1703522085,1703522115,30
frontier08421,1703522117,1703522122,5
frontier08423,1703521990,1703522000,10
frontier08424,1703521997,1703522004,7
frontier08425,1703522053,1703522108,55
frontier08426,1703522041,1703522106,65
frontier08429,1703522111,1703522120,9
frontier08431,1703522117,1703522122,5
frontier08432,1703522085,1703522115,30
frontier08436,1703522055,1703522111,56
frontier08437,1703522105,1703522119,14
frontier08440,1703522068,1703522114,46
frontier08441,1703522041,1703522107,66
frontier08442,1703522004,1703522021,17
frontier08443,1703522123,1703522125,2
frontier08449,1703522122,1703522125,3
frontier08450,1703522085,1703522116,31
frontier08451,1703522059,1703522113,54
frontier08452,1703522087,1703522115,28
frontier08453,1703522041,1703522106,65
frontier08454,1703522085,1703522115,30
frontier08455,1703522123,1703522125,2
frontier08456,1703522041,1703522106,65
frontier08458,1703522086,1703522116,30
frontier08459,1703522126,1703522128,2
frontier08460,1703522085,1703522115,30
frontier08461,1703522116,1703522121,5
frontier08462,1703522090,1703522116,26
frontier08463,1703522057,1703522111,54
frontier08464,1703522011,1703522033,22
frontier08465,1703522055,1703522112,57
frontier08466,1703522085,1703522115,30
frontier08467,1703522089,1703522116,27
frontier08468,1703522041,1703522106,65
frontier08471,1703522055,1703522110,55
frontier08472,1703522020,1703522061,41
frontier08473,1703522041,1703522106,65
frontier08474,1703522054,1703522109,55
frontier08475,1703522085,1703522115,30
frontier08476,1703522010,1703522035,25
frontier08477,1703522053,1703522108,55
frontier08478,1703522053,1703522109,56
frontier08498,1703522058,1703522112,54
frontier08499,1703522015,1703522057,42
frontier08500,1703522059,1703522112,53
frontier08501,1703522041,1703522105,64
frontier08502,1703522125,1703522127,2
frontier08503,1703522087,1703522116,29
frontier08504,1703522087,1703522115,28
frontier08505,1703522116,1703522120,4
frontier08507,1703522068,1703522114,46
frontier08508,1703522058,1703522111,53
frontier08509,1703522085,1703522114,29
frontier08510,1703522041,1703522105,64
frontier08511,1703522114,1703522121,7
frontier08514,1703522010,1703522028,18
frontier08521,1703522058,1703522111,53
frontier08522,1703522087,1703522115,28
frontier08523,1703522053,1703522109,56
frontier08524,1703522069,1703522114,45
frontier08528,1703522041,1703522106,65
frontier08529,1703522059,1703522113,54
frontier08531,1703522068,1703522113,45
frontier08532,1703522041,1703522106,65
frontier08533,1703522042,1703522107,65
frontier08534,1703522012,1703522035,23
frontier08535,1703522115,1703522121,6
frontier08536,1703522015,1703522053,38
frontier08537,1703522013,1703522036,23
frontier08538,1703522015,1703522042,27
frontier08539,1703522108,1703522120,12
frontier08540,1703522015,1703522042,27
frontier08541,1703522091,1703522117,26
frontier08542,1703522054,1703522110,56
frontier08543,1703522085,1703522115,30
frontier08544,1703522060,1703522113,53
frontier08545,1703522014,1703522053,39
frontier08546,1703522010,1703522035,25
frontier08548,1703522118,1703522122,4
frontier08549,1703522124,1703522126,2
frontier08550,1703522053,1703522109,56
frontier08551,1703522054,1703522109,55
frontier08552,1703522104,1703522118,14
frontier08553,1703522054,1703522109,55
frontier08555,1703522041,1703522105,64
frontier08556,1703522117,1703522123,6
frontier08557,1703522104,1703522120,16
frontier08558,1703521982,1703521992,10
frontier08560,1703522116,1703522122,6
frontier08561,1703522105,1703522120,15
frontier08563,1703522041,1703522105,64
frontier08564,1703522117,1703522123,6
frontier08565,1703522041,1703522105,64
frontier08567,1703522088,1703522116,28
frontier08568,1703522085,1703522115,30
frontier08569,1703521998,1703522006,8
frontier08577,1703522108,1703522120,12
frontier08578,1703522085,1703522115,30
frontier08579,1703522085,1703522115,30
frontier08580,1703522054,1703522109,55
frontier08581,1703522088,1703522116,28
frontier08582,1703522052,1703522108,56
frontier08583,1703521999,1703522005,6
frontier08584,1703522069,1703522114,45
frontier08585,1703522041,1703522107,66
frontier08586,1703522116,1703522121,5
frontier08587,1703522061,1703522113,52
frontier08588,1703522068,1703522113,45
frontier08589,1703522053,1703522109,56
frontier08590,1703522010,1703522034,24
frontier08591,1703522059,1703522112,53
frontier08592,1703522059,1703522113,54
frontier08593,1703522123,1703522126,3
frontier08594,1703522085,1703522115,30
frontier08595,1703522010,1703522028,18
frontier08596,1703522013,1703522036,23
frontier08597,1703522013,1703522035,22
frontier08598,1703522085,1703522115,30
frontier08599,1703522041,1703522106,65
frontier08600,1703522087,1703522116,29
frontier08601,1703522089,1703522116,27
frontier08602,1703522087,1703522116,29
frontier08603,1703522125,1703522127,2
frontier08604,1703522053,1703522108,55
frontier08605,1703522086,1703522115,29
frontier08606,1703522115,1703522121,6
frontier08635,1703522116,1703522122,6
frontier08636,1703522053,1703522108,55
frontier08639,1703522018,1703522057,39
frontier08643,1703522085,1703522116,31
frontier08644,1703522124,1703522126,2
frontier08645,1703522016,1703522058,42
frontier08646,1703522058,1703522111,53
frontier08647,1703522086,1703522115,29
frontier08648,1703522041,1703522106,65
frontier08649,1703522041,1703522105,64
frontier08650,1703522053,1703522109,56
frontier08651,1703522041,1703522105,64
frontier08653,1703522018,1703522057,39
frontier08655,1703522076,1703522114,38
frontier08656,1703522054,1703522110,56
frontier08658,1703522091,1703522117,26
frontier08659,1703522041,1703522105,64
frontier08660,1703522055,1703522111,56
frontier08661,1703522068,1703522113,45
frontier08662,1703522016,1703522055,39
frontier08663,1703522068,1703522113,45
frontier08664,1703522073,1703522114,41
frontier08665,1703522115,1703522120,5
frontier08666,1703522086,1703522115,29
frontier08667,1703522054,1703522109,55
frontier08668,1703521997,1703522003,6
frontier08669,1703522041,1703522106,65
frontier08670,1703522085,1703522116,31
frontier08671,1703522116,1703522123,7
frontier08672,1703522085,1703522114,29
frontier08673,1703522116,1703522121,5
frontier08674,1703522084,1703522116,32
frontier08675,1703522068,1703522114,46
frontier08676,1703522085,1703522115,30
frontier08677,1703522068,1703522113,45
frontier08678,1703522053,1703522109,56
frontier08679,1703522122,1703522124,2
frontier08680,1703522010,1703522034,24
frontier08681,1703522060,1703522113,53
frontier08682,1703522068,1703522114,46
frontier08685,1703522085,1703522114,29
frontier08686,1703522041,1703522106,65
frontier08687,1703522010,1703522035,25
frontier08689,1703522041,1703522105,64
frontier08690,1703521990,1703522000,10
frontier08691,1703522010,1703522034,24
frontier08693,1703522068,1703522113,45
frontier08695,1703522054,1703522111,57
frontier08697,1703522089,1703522116,27
frontier08699,1703522105,1703522118,13
frontier08700,1703522115,1703522121,6
frontier08705,1703522041,1703522106,65
frontier08706,1703522041,1703522107,66
frontier08707,1703522059,1703522112,53
frontier08708,1703522014,1703522042,28
frontier08709,1703522085,1703522115,30
frontier08710,1703522034,1703522087,53
frontier08711,1703522041,1703522105,64
frontier08712,1703522086,1703522115,29
frontier08713,1703522110,1703522119,9
frontier08714,1703522059,1703522112,53
frontier08715,1703522010,1703522034,24
frontier08717,1703522041,1703522106,65
frontier08718,1703522041,1703522106,65
frontier08719,1703522054,1703522109,55
frontier08720,1703522087,1703522115,28
frontier08721,1703522115,1703522122,7
frontier08722,1703522041,1703522106,65
frontier08723,1703522068,1703522113,45
frontier08724,1703522068,1703522113,45
frontier08725,1703522011,1703522034,23
frontier08726,1703522033,1703522104,71
frontier08727,1703522115,1703522122,7
frontier08728,1703522125,1703522127,2
frontier08730,1703522014,1703522041,27
frontier08733,1703522086,1703522115,29
frontier08734,1703522041,1703522105,64
frontier08735,1703522013,1703522036,23
frontier08736,1703522116,1703522122,6
frontier08737,1703522090,1703522116,26
frontier08738,1703522004,1703522015,11
frontier08739,1703522085,1703522115,30
frontier08740,1703522085,1703522116,31
frontier08741,1703522087,1703522116,29
frontier08742,1703522088,1703522116,28
frontier08743,1703522012,1703522035,23
frontier08744,1703522068,1703522113,45
frontier08745,1703522018,1703522054,36
frontier08746,1703522041,1703522105,64
frontier08747,1703522004,1703522026,22
frontier08748,1703522086,1703522116,30
frontier08749,1703522086,1703522116,30
frontier08750,1703522004,1703522021,17
frontier08751,1703522016,1703522053,37
frontier08752,1703522042,1703522107,65
frontier08753,1703522017,1703522055,38
frontier08754,1703522015,1703522042,27
frontier08758,1703522012,1703522038,26
frontier08760,1703522116,1703522122,6
frontier08762,1703522068,1703522114,46
frontier08765,1703522016,1703522055,39
frontier08767,1703522086,1703522115,29
frontier08776,1703522109,1703522120,11
frontier08779,1703522086,1703522115,29
frontier08786,1703522118,1703522123,5
frontier08787,1703522105,1703522120,15
frontier08794,1703522013,1703522036,23
frontier08795,1703522119,1703522122,3
frontier08797,1703522118,1703522123,5
frontier08799,1703522015,1703522042,27
frontier08800,1703522021,1703522063,42
frontier08801,1703522099,1703522119,20
frontier08802,1703522118,1703522121,3
frontier08807,1703522038,1703522085,47
frontier08810,1703522118,1703522121,3
frontier08816,1703522054,1703522110,56
frontier08817,1703522016,1703522057,41
frontier08818,1703522089,1703522116,27
frontier08819,1703522068,1703522114,46
frontier08820,1703522057,1703522111,54
frontier08821,1703522088,1703522116,28
frontier08822,1703522068,1703522113,45
frontier08823,1703522054,1703522109,55
frontier08824,1703522010,1703522034,24
frontier08825,1703522041,1703522105,64
frontier08826,1703522036,1703522105,69
frontier08827,1703522069,1703522114,45
frontier08828,1703522089,1703522117,28
frontier08829,1703522085,1703522116,31
frontier08830,1703522085,1703522115,30
frontier08831,1703522041,1703522106,65
frontier08832,1703522090,1703522116,26
frontier08833,1703522068,1703522114,46
frontier08834,1703522087,1703522116,29
frontier08835,1703522068,1703522113,45
frontier08837,1703522040,1703522105,65
frontier08838,1703522041,1703522106,65
frontier08839,1703522040,1703522106,66
frontier08840,1703522125,1703522127,2
frontier08841,1703522085,1703522115,30
frontier08842,1703522088,1703522116,28
frontier08843,1703522087,1703522115,28
frontier08844,1703522028,1703522069,41
frontier08845,1703522116,1703522122,6
frontier08846,1703522125,1703522127,2
frontier08847,1703522016,1703522054,38
frontier08848,1703522121,1703522123,2
frontier08849,1703522041,1703522106,65
frontier08850,1703522089,1703522117,28
frontier08851,1703522115,1703522121,6
frontier08852,1703522041,1703522104,63
frontier08853,1703522116,1703522122,6
frontier08854,1703522016,1703522054,38
frontier08855,1703522052,1703522108,56
frontier08856,1703522054,1703522110,56
frontier08857,1703522011,1703522036,25
frontier08858,1703522073,1703522114,41
frontier08859,1703522012,1703522034,22
frontier08860,1703522014,1703522041,27
frontier08861,1703521997,1703522004,7
frontier08862,1703522068,1703522114,46
frontier08863,1703522069,1703522114,45
frontier08864,1703522085,1703522114,29
frontier08865,1703522118,1703522121,3
frontier08866,1703522086,1703522116,30
frontier08867,1703522041,1703522106,65
frontier08868,1703522091,1703522116,25
frontier08869,1703522057,1703522111,54
frontier08870,1703522085,1703522116,31
frontier08871,1703522085,1703522116,31
frontier08872,1703522116,1703522120,4
frontier08873,1703522086,1703522115,29
frontier08874,1703522068,1703522114,46
frontier08875,1703522059,1703522112,53
frontier08876,1703522085,1703522115,30
frontier08877,1703522085,1703522115,30
frontier08878,1703522115,1703522121,6
frontier08882,1703522014,1703522041,27
frontier08885,1703522121,1703522124,3
frontier08888,1703522068,1703522113,45
frontier08889,1703522059,1703522113,54
frontier08890,1703522116,1703522121,5
frontier08891,1703522087,1703522115,28
frontier08892,1703522053,1703522108,55
frontier08893,1703522012,1703522035,23
frontier08894,1703522026,1703522069,43
frontier08895,1703522125,1703522127,2
frontier08896,1703521999,1703522006,7
frontier08899,1703522054,1703522110,56
frontier08900,1703522015,1703522042,27
frontier08901,1703522124,1703522126,2
frontier08902,1703522115,1703522121,6
frontier08903,1703522068,1703522113,45
frontier08904,1703522059,1703522113,54
frontier08905,1703522089,1703522116,27
frontier08906,1703522040,1703522105,65
frontier08907,1703522097,1703522118,21
frontier08908,1703522041,1703522105,64
frontier08909,1703522042,1703522107,65
frontier08910,1703521999,1703522007,8
frontier08911,1703522090,1703522116,26
frontier08912,1703522068,1703522114,46
frontier08913,1703522124,1703522126,2
frontier08914,1703522087,1703522116,29
frontier08915,1703522090,1703522116,26
frontier08916,1703522085,1703522115,30
frontier08918,1703522085,1703522115,30
frontier08923,1703522087,1703522115,28
frontier08943,1703522087,1703522116,29
frontier08945,1703522068,1703522114,46
frontier08950,1703522085,1703522115,30
frontier08951,1703522085,1703522115,30
frontier08952,1703522123,1703522126,3
frontier08961,1703522010,1703522034,24
frontier08962,1703522125,1703522127,2
frontier08963,1703522068,1703522113,45
frontier08964,1703522064,1703522114,50
frontier08965,1703522085,1703522115,30
frontier08966,1703522113,1703522120,7
frontier08967,1703522041,1703522106,65
frontier08968,1703522123,1703522125,2
frontier08969,1703522041,1703522105,64
frontier08970,1703522068,1703522113,45
frontier08971,1703522086,1703522116,30
frontier08972,1703522086,1703522116,30
frontier08973,1703522041,1703522105,64
frontier08974,1703522123,1703522125,2
frontier08975,1703522059,1703522111,52
frontier08976,1703522123,1703522126,3
frontier08977,1703522073,1703522115,42
frontier08978,1703522068,1703522113,45
frontier08979,1703522115,1703522120,5
frontier08980,1703522092,1703522117,25
frontier08981,1703522042,1703522107,65
frontier08982,1703522118,1703522121,3
frontier08983,1703522041,1703522105,64
frontier08984,1703522068,1703522114,46
frontier08985,1703522041,1703522106,65
frontier08986,1703522059,1703522112,53
frontier08987,1703521991,1703521998,7
frontier08989,1703522086,1703522115,29
frontier08990,1703522088,1703522116,28
frontier08991,1703522085,1703522116,31
frontier08992,1703522041,1703522106,65
frontier08993,1703522041,1703522106,65
frontier08994,1703522091,1703522117,26
frontier08995,1703522091,1703522117,26
frontier08997,1703522013,1703522035,22
frontier08998,1703522085,1703522115,30
frontier08999,1703522123,1703522125,2
frontier09000,1703522057,1703522111,54
frontier09001,1703522091,1703522116,25
frontier09002,1703522052,1703522108,56
frontier09003,1703522086,1703522115,29
frontier09004,1703522041,1703522106,65
frontier09005,1703522054,1703522109,55
frontier09008,1703522051,1703522107,56
frontier09009,1703522068,1703522114,46
frontier09010,1703522085,1703522114,29
frontier09011,1703522085,1703522115,30
frontier09012,1703522068,1703522113,45
frontier09013,1703522088,1703522116,28
frontier09014,1703522059,1703522113,54
frontier09015,1703522092,1703522117,25
frontier09016,1703522053,1703522110,57
frontier09017,1703522123,1703522126,3
frontier09018,1703522116,1703522121,5
frontier09019,1703522063,1703522113,50
frontier09020,1703522068,1703522113,45
frontier09021,1703522085,1703522115,30
frontier09022,1703522061,1703522113,52
frontier09023,1703522123,1703522126,3
frontier09025,1703522088,1703522116,28
frontier09026,1703522087,1703522116,29
frontier09027,1703522041,1703522105,64
frontier09028,1703522011,1703522035,24
frontier09029,1703522024,1703522064,40
frontier09030,1703522116,1703522121,5
frontier09031,1703522108,1703522120,12
frontier09032,1703522069,1703522114,45
frontier09033,1703522117,1703522122,5
frontier09034,1703522115,1703522120,5
frontier09035,1703522068,1703522113,45
frontier09036,1703522041,1703522105,64
frontier09037,1703522085,1703522115,30
frontier09038,1703522068,1703522114,46
frontier09039,1703522126,1703522128,2
frontier09040,1703522085,1703522114,29
frontier09046,1703522085,1703522115,30
frontier09047,1703522086,1703522115,29
frontier09048,1703522041,1703522107,66
frontier09049,1703521999,1703522005,6
frontier09062,1703522085,1703522116,31
frontier09063,1703522053,1703522111,58
frontier10113,1703522085,1703522115,30
frontier10114,1703522086,1703522115,29
frontier10115,1703522068,1703522113,45
frontier10116,1703522068,1703522113,45
frontier10117,1703522059,1703522113,54
frontier10118,1703522086,1703522116,30
frontier10119,1703522085,1703522115,30
frontier10120,1703522017,1703522057,40
frontier10121,1703522115,1703522122,7
frontier10122,1703522033,1703522087,54
frontier10123,1703522085,1703522116,31
frontier10124,1703522123,1703522125,2
frontier10125,1703522059,1703522113,54
frontier10126,1703522010,1703522034,24
frontier10127,1703522085,1703522115,30
frontier10128,1703522091,1703522117,26
frontier10129,1703522059,1703522111,52
frontier10130,1703522041,1703522105,64
frontier10131,1703521999,1703522005,6
frontier10132,1703522068,1703522114,46
frontier10133,1703522068,1703522113,45
frontier10134,1703522068,1703522114,46
frontier10135,1703522015,1703522045,30
frontier10136,1703522085,1703522115,30
frontier10137,1703522053,1703522109,56
frontier10138,1703522085,1703522114,29
frontier10139,1703522041,1703522105,64
frontier10140,1703522041,1703522105,64
frontier10141,1703522118,1703522123,5
frontier10142,1703522060,1703522113,53
frontier10143,1703522059,1703522113,54
frontier10144,1703522088,1703522116,28
frontier10147,1703522036,1703522105,69
frontier10148,1703522068,1703522113,45
frontier10149,1703522087,1703522115,28
frontier10150,1703522041,1703522107,66
frontier10151,1703522068,1703522113,45
frontier10152,1703522086,1703522116,30
frontier10153,1703522125,1703522127,2
frontier10154,1703522041,1703522106,65
frontier10155,1703522027,1703522068,41
frontier10156,1703522059,1703522111,52
frontier10157,1703522068,1703522113,45
frontier10158,1703522052,1703522108,56
frontier10161,1703522086,1703522115,29
frontier10162,1703522087,1703522116,29
frontier10163,1703522041,1703522106,65
frontier10164,1703522011,1703522034,23
frontier10166,1703522015,1703522053,38
frontier10171,1703522069,1703522113,44
frontier10172,1703522068,1703522114,46
frontier10180,1703522041,1703522107,66
frontier10181,1703522106,1703522119,13
frontier10182,1703522041,1703522106,65
frontier10185,1703522118,1703522122,4
frontier10186,1703522099,1703522117,18
frontier10187,1703522085,1703522114,29
frontier10188,1703522087,1703522116,29
frontier10189,1703522041,1703522106,65
frontier10190,1703522043,1703522107,64
frontier10191,1703522017,1703522055,38
frontier10208,1703522057,1703522112,55
frontier10217,1703522010,1703522034,24
frontier10223,1703522059,1703522112,53
frontier10224,1703522102,1703522118,16
frontier10225,1703522117,1703522124,7
frontier10226,1703522107,1703522119,12
frontier10227,1703522053,1703522108,55
frontier10228,1703522016,1703522058,42
frontier10229,1703522086,1703522115,29
frontier10230,1703522125,1703522127,2
frontier10231,1703521998,1703522005,7
frontier10232,1703522068,1703522113,45
frontier10233,1703522015,1703522042,27
frontier10234,1703522123,1703522126,3
frontier10235,1703522054,1703522109,55
frontier10236,1703521996,1703522005,9
frontier10237,1703522041,1703522106,65
frontier10238,1703522105,1703522120,15
frontier10239,1703522088,1703522116,28
frontier10240,1703522054,1703522109,55
frontier10241,1703522088,1703522116,28
frontier10242,1703522059,1703522113,54
frontier10243,1703522089,1703522117,28
frontier10244,1703521990,1703521998,8
frontier10245,1703522086,1703522116,30
frontier10246,1703522088,1703522116,28
frontier10247,1703522016,1703522053,37
frontier10248,1703522059,1703522113,54
frontier10249,1703522086,1703522115,29
frontier10250,1703522041,1703522107,66
frontier10251,1703522041,1703522106,65
frontier10252,1703522053,1703522108,55
frontier10253,1703522086,1703522115,29
frontier10254,1703522068,1703522114,46
frontier10255,1703522043,1703522108,65
frontier10256,1703522085,1703522115,30
frontier10257,1703522054,1703522109,55
frontier10258,1703522054,1703522110,56
frontier10259,1703522069,1703522115,46
frontier10260,1703522115,1703522121,6
frontier10261,1703522015,1703522052,37
frontier10262,1703522086,1703522116,30
frontier10263,1703522013,1703522035,22
frontier10264,1703522059,1703522112,53
frontier10265,1703522015,1703522042,27
frontier10266,1703522068,1703522114,46
frontier10267,1703522124,1703522126,2
frontier10268,1703522041,1703522106,65
frontier10269,1703522087,1703522116,29
frontier10270,1703522011,1703522034,23
frontier10271,1703522088,1703522116,28
frontier10272,1703522125,1703522127,2
frontier10273,1703522041,1703522105,64
frontier10274,1703522041,1703522106,65
frontier10275,1703522115,1703522120,5
frontier10276,1703522068,1703522114,46
frontier10277,1703522085,1703522115,30
frontier10278,1703522085,1703522115,30
frontier10279,1703522085,1703522115,30
frontier10280,1703522086,1703522115,29
frontier10281,1703522115,1703522121,6
frontier10282,1703522033,1703522105,72
frontier10283,1703522041,1703522106,65
frontier10284,1703522064,1703522113,49
frontier10285,1703522054,1703522109,55
frontier10286,1703522063,1703522113,50
frontier10287,1703522016,1703522054,38
frontier10288,1703522026,1703522066,40
frontier10289,1703522116,1703522122,6
frontier10290,1703522085,1703522115,30
frontier10291,1703522060,1703522113,53
frontier10292,1703522123,1703522125,2
frontier10293,1703522107,1703522119,12
frontier10294,1703522053,1703522108,55
frontier10295,1703522053,1703522109,56
frontier10299,1703522088,1703522117,29
frontier10300,1703522017,1703522057,40
frontier10301,1703522021,1703522063,42
frontier10302,1703522041,1703522106,65
frontier10304,1703522085,1703522115,30
frontier10305,1703522115,1703522120,5
frontier10306,1703522089,1703522116,27
frontier10307,1703522011,1703522035,24
frontier10309,1703522086,1703522116,30
frontier10310,1703522090,1703522117,27
frontier10311,1703522088,1703522117,29
frontier10312,1703522019,1703522060,41
frontier10314,1703522068,1703522113,45
frontier10315,1703522058,1703522111,53
frontier10316,1703522086,1703522115,29
frontier10317,1703522052,1703522109,57
frontier10318,1703522124,1703522126,2
frontier10319,1703522103,1703522118,15
frontier10320,1703522118,1703522124,6
frontier10321,1703522097,1703522119,22
frontier10322,1703522069,1703522114,45
frontier10323,1703522057,1703522111,54
frontier10324,1703522053,1703522109,56
frontier10325,1703522089,1703522116,27
frontier10326,1703522124,1703522126,2
frontier10327,1703522012,1703522035,23
frontier10369,1703522085,1703522116,31
frontier10382,1703522041,1703522106,65
frontier10388,1703522041,1703522106,65
frontier10392,1703522068,1703522113,45
frontier10393,1703522125,1703522127,2
frontier10394,1703522059,1703522113,54
frontier10395,1703522041,1703522106,65
frontier10397,1703522090,1703522117,27
frontier10399,1703522117,1703522123,6
frontier10400,1703522089,1703522116,27
frontier10401,1703522115,1703522122,7
frontier10404,1703522085,1703522115,30
frontier10405,1703522085,1703522115,30
frontier10407,1703522086,1703522115,29
frontier10408,1703522068,1703522113,45
frontier10409,1703522041,1703522105,64
frontier10412,1703522085,1703522114,29
frontier10415,1703522085,1703522115,30
frontier10418,1703522091,1703522116,25
frontier10419,1703522115,1703522120,5
frontier10420,1703522041,1703522105,64
frontier10423,1703522074,1703522114,40
frontier10430,1703522115,1703522122,7
frontier10431,1703522053,1703522110,57
frontier10432,1703522087,1703522115,28
frontier10433,1703522033,1703522076,43
frontier10434,1703522016,1703522054,38
frontier10435,1703522068,1703522114,46
frontier10436,1703522086,1703522115,29
frontier10437,1703522058,1703522112,54
frontier10438,1703522068,1703522113,45
frontier10440,1703522016,1703522057,41
frontier10441,1703522025,1703522066,41
frontier10442,1703522126,1703522128,2
frontier10445,1703522051,1703522107,56
frontier10448,1703522068,1703522113,45
frontier10449,1703522041,1703522105,64
frontier10450,1703522057,1703522111,54
frontier10451,1703522059,1703522112,53
frontier10452,1703522053,1703522108,55
frontier10453,1703522010,1703522033,23
frontier10454,1703522011,1703522034,23
frontier10455,1703522038,1703522085,47
frontier10456,1703522085,1703522115,30
frontier10457,1703522014,1703522042,28
frontier10458,1703522056,1703522111,55
frontier10459,1703522091,1703522117,26
frontier10460,1703522092,1703522117,25
frontier10461,1703522090,1703522116,26
frontier10462,1703522124,1703522126,2
frontier10463,1703522086,1703522116,30
frontier10464,1703522087,1703522116,29
frontier10465,1703522004,1703522016,12
frontier10466,1703522054,1703522110,56
frontier10467,1703522086,1703522116,30
frontier10468,1703522086,1703522116,30
frontier10469,1703522085,1703522115,30
frontier10471,1703522085,1703522115,30
frontier10472,1703522085,1703522115,30
frontier10473,1703522068,1703522113,45
frontier10474,1703522068,1703522114,46
frontier10475,1703522054,1703522109,55
frontier10476,1703522107,1703522118,11
frontier10477,1703522054,1703522110,56
frontier10478,1703522017,1703522059,42
frontier10479,1703522086,1703522115,29
frontier10480,1703522069,1703522114,45
frontier10482,1703522068,1703522114,46
frontier10483,1703522068,1703522114,46
frontier10484,1703522114,1703522120,6
frontier10485,1703522042,1703522107,65
frontier10486,1703522011,1703522033,22
frontier10487,1703522085,1703522116,31
frontier10488,1703522068,1703522113,45
frontier10489,1703521985,1703521994,9
frontier10490,1703522086,1703522116,30
frontier10491,1703522090,1703522117,27
frontier10492,1703522086,1703522115,29
frontier10493,1703522085,1703522115,30
frontier10494,1703522055,1703522111,56
frontier10495,1703522024,1703522064,40
