frontier00001,1704809110,1704809127,17
frontier00002,1704809105,1704809121,16
frontier00003,1704809110,1704809131,21
frontier00004,1704809111,1704809132,21
frontier00005,1704809110,1704809131,21
frontier00006,1704809164,1704809177,13
frontier00007,1704809285,1704809328,43
frontier00008,1704809164,1704809197,33
frontier00009,1704809314,1704809594,280
frontier00010,1704809130,1704809162,32
frontier00011,1704809130,1704809162,32
frontier00012,1704809130,1704809162,32
frontier00014,1704809107,1704809130,23
frontier00016,1704809101,1704809125,24
frontier00017,1704809581,1704809653,72
frontier00018,1704809118,1704809130,12
frontier00019,1704809110,1704809131,21
frontier00022,1704809222,1704809268,46
frontier00023,1704809225,1704809269,44
frontier00024,1704809130,1704809163,33
frontier00025,1704809130,1704809162,32
frontier00026,1704809225,1704809269,44
frontier00027,1704809603,1704809656,53
frontier00028,1704809163,1704809178,15
frontier00029,1704809325,1704809593,268
frontier00030,1704809346,1704809607,261
frontier00031,1704809602,1704809656,54
frontier00032,1704809586,1704809653,67
frontier00033,1704809592,1704809657,65
frontier00034,1704809110,1704809127,17
frontier00035,1704809130,1704809162,32
frontier00036,1704809110,1704809130,20
frontier00037,1704809223,1704809272,49
frontier00038,1704809110,1704809130,20
frontier00039,1704809232,1704809265,33
frontier00040,1704809586,1704809653,67
frontier00041,1704809588,1704809653,65
frontier00042,1704809604,1704809656,52
frontier00043,1704809225,1704809267,42
frontier00044,1704809158,1704809164,6
frontier00045,1704809602,1704809657,55
frontier00047,1704809130,1704809163,33
frontier00050,1704809325,1704809593,268
frontier00051,1704809602,1704809656,54
frontier00052,1704809198,1704809226,28
frontier00053,1704809110,1704809130,20
frontier00054,1704809233,1704809294,61
frontier00055,1704809654,1704809659,5
frontier00056,1704809586,1704809653,67
frontier00057,1704809110,1704809130,20
frontier00058,1704809589,1704809655,66
frontier00059,1704809345,1704809606,261
frontier00060,1704809265,1704809323,58
frontier00061,1704809202,1704809262,60
frontier00062,1704809576,1704809653,77
frontier00063,1704809280,1704809328,48
frontier00064,1704809113,1704809133,20
frontier00065,1704809215,1704809272,57
frontier00066,1704809589,1704809655,66
frontier00067,1704809602,1704809656,54
frontier00068,1704809602,1704809657,55
frontier00069,1704809345,1704809580,235
frontier00070,1704809293,1704809328,35
frontier00071,1704809654,1704809659,5
frontier00072,1704809587,1704809653,66
frontier00073,1704809198,1704809223,25
frontier00074,1704809110,1704809130,20
frontier00075,1704809232,1704809276,44
frontier00076,1704809110,1704809131,21
frontier00077,1704809130,1704809163,33
frontier00078,1704809110,1704809130,20
frontier00079,1704809199,1704809263,64
frontier00080,1704809602,1704809656,54
frontier00081,1704809222,1704809266,44
frontier00082,1704809198,1704809222,24
frontier00083,1704809198,1704809222,24
frontier00084,1704809285,1704809328,43
frontier00085,1704809233,1704809286,53
frontier00086,1704809203,1704809263,60
frontier00087,1704809264,1704809323,59
frontier00088,1704809198,1704809222,24
frontier00089,1704809325,1704809588,263
frontier00090,1704809605,1704809658,53
frontier00091,1704809312,1704809570,258
frontier00092,1704809600,1704809656,56
frontier00094,1704809326,1704809577,251
frontier00095,1704809158,1704809163,5
frontier00096,1704809344,1704809606,262
frontier00097,1704809345,1704809589,244
frontier00098,1704809203,1704809278,75
frontier00099,1704809580,1704809650,70
frontier00100,1704809603,1704809657,54
frontier00102,1704809602,1704809656,54
frontier00103,1704809586,1704809654,68
frontier00104,1704809232,1704809266,34
frontier00105,1704809576,1704809652,76
frontier00106,1704809586,1704809654,68
frontier00107,1704809101,1704809121,20
frontier00108,1704809602,1704809656,54
frontier00109,1704809345,1704809601,256
frontier00110,1704809285,1704809328,43
frontier00111,1704809325,1704809602,277
frontier00112,1704809285,1704809328,43
frontier00113,1704809250,1704809298,48
frontier00114,1704809293,1704809328,35
frontier00115,1704809325,1704809591,266
frontier00116,1704809198,1704809223,25
frontier00117,1704809586,1704809650,64
frontier00118,1704809198,1704809222,24
frontier00119,1704809326,1704809412,86
frontier00120,1704809602,1704809656,54
frontier00121,1704809576,1704809652,76
frontier00122,1704809293,1704809328,35
frontier00123,1704809264,1704809323,59
frontier00124,1704809325,1704809583,258
frontier00125,1704809344,1704809587,243
frontier00126,1704809602,1704809656,54
frontier00127,1704809592,1704809656,64
frontier00129,1704809602,1704809656,54
frontier00130,1704809203,1704809264,61
frontier00131,1704809233,1704809296,63
frontier00133,1704809203,1704809266,63
frontier00134,1704809580,1704809653,73
frontier00135,1704809604,1704809657,53
frontier00136,1704809203,1704809272,69
frontier00137,1704809277,1704809327,50
frontier00139,1704809345,1704809606,261
frontier00140,1704809594,1704809657,63
frontier00141,1704809264,1704809323,59
frontier00142,1704809177,1704809198,21
frontier00145,1704809325,1704809602,277
frontier00146,1704809576,1704809653,77
frontier00147,1704809586,1704809654,68
frontier00148,1704809296,1704809315,19
frontier00149,1704809592,1704809656,64
frontier00150,1704809296,1704809315,19
frontier00151,1704809294,1704809328,34
frontier00152,1704809602,1704809657,55
frontier00153,1704809604,1704809656,52
frontier00154,1704809602,1704809657,55
frontier00155,1704809249,1704809295,46
frontier00156,1704809325,1704809593,268
frontier00157,1704809222,1704809265,43
frontier00158,1704809281,1704809328,47
frontier00159,1704809581,1704809653,72
frontier00160,1704809325,1704809594,269
frontier00161,1704809602,1704809656,54
frontier00162,1704809592,1704809656,64
frontier00163,1704809586,1704809653,67
frontier00164,1704809581,1704809653,72
frontier00165,1704809367,1704809606,239
frontier00166,1704809296,1704809315,19
frontier00167,1704809325,1704809570,245
frontier00168,1704809604,1704809656,52
frontier00169,1704809592,1704809656,64
frontier00170,1704809233,1704809295,62
frontier00171,1704809369,1704809607,238
frontier00172,1704809232,1704809263,31
frontier00173,1704809175,1704809178,3
frontier00174,1704809313,1704809328,15
frontier00175,1704809240,1704809296,56
frontier00176,1704809592,1704809656,64
frontier00177,1704809327,1704809605,278
frontier00178,1704809345,1704809606,261
frontier00179,1704809369,1704809636,267
frontier00180,1704809294,1704809328,34
frontier00181,1704809654,1704809659,5
frontier00182,1704809602,1704809656,54
frontier00183,1704809107,1704809130,23
frontier00184,1704809110,1704809127,17
frontier00185,1704809130,1704809162,32
frontier00186,1704809367,1704809593,226
frontier00187,1704809203,1704809263,60
frontier00188,1704809325,1704809413,88
frontier00189,1704809602,1704809657,55
frontier00190,1704809111,1704809131,20
frontier00191,1704809130,1704809162,32
frontier00192,1704809325,1704809592,267
frontier00193,1704809110,1704809127,17
frontier00194,1704809117,1704809134,17
frontier00195,1704809204,1704809269,65
frontier00196,1704809602,1704809657,55
frontier00197,1704809130,1704809162,32
frontier00198,1704809108,1704809118,10
frontier00199,1704809580,1704809653,73
frontier00200,1704809111,1704809131,20
frontier00204,1704809130,1704809162,32
frontier00205,1704809130,1704809161,31
frontier00206,1704809346,1704809607,261
frontier00207,1704809580,1704809649,69
frontier00208,1704809588,1704809655,67
frontier00209,1704809130,1704809162,32
frontier00210,1704809218,1704809271,53
frontier00211,1704809602,1704809657,55
frontier00212,1704809105,1704809121,16
frontier00213,1704809604,1704809657,53
frontier00214,1704809117,1704809133,16
frontier00215,1704809130,1704809162,32
frontier00216,1704809102,1704809120,18
frontier00217,1704809345,1704809605,260
frontier00218,1704809130,1704809162,32
frontier00219,1704809232,1704809274,42
frontier00220,1704809589,1704809656,67
frontier00221,1704809242,1704809296,54
frontier00222,1704809604,1704809658,54
frontier00223,1704809576,1704809650,74
frontier00224,1704809110,1704809131,21
frontier00225,1704809602,1704809657,55
frontier00226,1704809110,1704809130,20
frontier00227,1704809600,1704809657,57
frontier00228,1704809602,1704809656,54
frontier00229,1704809604,1704809656,52
frontier00230,1704809110,1704809131,21
frontier00231,1704809218,1704809271,53
frontier00232,1704809602,1704809657,55
frontier00233,1704809203,1704809270,67
frontier00234,1704809344,1704809413,69
frontier00235,1704809232,1704809276,44
frontier00236,1704809586,1704809652,66
frontier00237,1704809592,1704809656,64
frontier00238,1704809130,1704809161,31
frontier00239,1704809367,1704809576,209
frontier00240,1704809602,1704809656,54
frontier00241,1704809589,1704809655,66
frontier00242,1704809275,1704809326,51
frontier00243,1704809132,1704809162,30
frontier00244,1704809367,1704809606,239
frontier00245,1704809177,1704809198,21
frontier00246,1704809602,1704809657,55
frontier00247,1704809602,1704809656,54
frontier00248,1704809601,1704809656,55
frontier00249,1704809198,1704809224,26
frontier00251,1704809601,1704809656,55
frontier00252,1704809107,1704809130,23
frontier00253,1704809586,1704809653,67
frontier00254,1704809103,1704809118,15
frontier00257,1704809325,1704809594,269
frontier00258,1704809216,1704809272,56
frontier00259,1704809130,1704809162,32
frontier00261,1704809602,1704809656,54
frontier00262,1704809164,1704809183,19
frontier00263,1704809223,1704809276,53
frontier00264,1704809326,1704809413,87
frontier00265,1704809325,1704809594,269
frontier00266,1704809280,1704809328,48
frontier00267,1704809576,1704809650,74
frontier00268,1704809204,1704809272,68
frontier00272,1704809589,1704809654,65
frontier00273,1704809232,1704809274,42
frontier00274,1704809110,1704809131,21
frontier00275,1704809198,1704809226,28
frontier00276,1704809604,1704809658,54
frontier00277,1704809367,1704809413,46
frontier00278,1704809222,1704809262,40
frontier00279,1704809345,1704809594,249
frontier00280,1704809249,1704809296,47
frontier00281,1704809602,1704809657,55
frontier00282,1704809306,1704809587,281
frontier00283,1704809203,1704809268,65
frontier00284,1704809218,1704809271,53
frontier00285,1704809164,1704809177,13
frontier00286,1704809604,1704809657,53
frontier00287,1704809587,1704809653,66
frontier00288,1704809602,1704809657,55
frontier00289,1704809604,1704809657,53
frontier00290,1704809286,1704809328,42
frontier00291,1704809602,1704809656,54
frontier00292,1704809604,1704809656,52
frontier00293,1704809218,1704809272,54
frontier00294,1704809249,1704809295,46
frontier00295,1704809654,1704809659,5
frontier00296,1704809589,1704809655,66
frontier00297,1704809602,1704809656,54
frontier00298,1704809198,1704809222,24
frontier00299,1704809604,1704809657,53
frontier00300,1704809232,1704809263,31
frontier00301,1704809604,1704809657,53
frontier00302,1704809204,1704809273,69
frontier00303,1704809325,1704809605,280
frontier00304,1704809224,1704809269,45
frontier00305,1704809313,1704809597,284
frontier00306,1704809306,1704809323,17
frontier00307,1704809346,1704809625,279
frontier00308,1704809293,1704809328,35
frontier00309,1704809204,1704809272,68
frontier00311,1704809223,1704809267,44
frontier00313,1704809654,1704809659,5
frontier00315,1704809203,1704809273,70
frontier00316,1704809223,1704809272,49
frontier00317,1704809344,1704809580,236
frontier00318,1704809367,1704809607,240
frontier00319,1704809346,1704809636,290
frontier00320,1704809581,1704809653,72
frontier00321,1704809367,1704809594,227
frontier00322,1704809589,1704809654,65
frontier00323,1704809232,1704809277,45
frontier00324,1704809285,1704809328,43
frontier00325,1704809325,1704809597,272
frontier00326,1704809604,1704809656,52
frontier00327,1704809602,1704809656,54
frontier00328,1704809221,1704809272,51
frontier00329,1704809369,1704809587,218
frontier00330,1704809158,1704809163,5
frontier00331,1704809163,1704809198,35
frontier00332,1704809367,1704809607,240
frontier00333,1704809588,1704809653,65
frontier00334,1704809264,1704809324,60
frontier00335,1704809232,1704809264,32
frontier00336,1704809198,1704809223,25
frontier00337,1704809603,1704809658,55
frontier00338,1704809249,1704809296,47
frontier00341,1704809602,1704809657,55
frontier00342,1704809325,1704809600,275
frontier00343,1704809602,1704809657,55
frontier00344,1704809602,1704809656,54
frontier00345,1704809344,1704809589,245
frontier00346,1704809296,1704809316,20
frontier00347,1704809286,1704809328,42
frontier00348,1704809249,1704809295,46
frontier00349,1704809367,1704809605,238
frontier00350,1704809325,1704809592,267
frontier00351,1704809232,1704809296,64
frontier00352,1704809232,1704809275,43
frontier00353,1704809344,1704809576,232
frontier00354,1704809343,1704809605,262
frontier00355,1704809602,1704809656,54
frontier00356,1704809232,1704809275,43
frontier00357,1704809345,1704809588,243
frontier00358,1704809325,1704809602,277
frontier00359,1704809249,1704809298,49
frontier00360,1704809164,1704809178,14
frontier00361,1704809102,1704809121,19
frontier00362,1704809285,1704809328,43
frontier00363,1704809586,1704809650,64
frontier00364,1704809367,1704809594,227
frontier00365,1704809110,1704809127,17
frontier00366,1704809101,1704809130,29
frontier00367,1704809110,1704809130,20
frontier00368,1704809107,1704809130,23
frontier00369,1704809203,1704809271,68
frontier00370,1704809130,1704809162,32
frontier00371,1704809198,1704809222,24
frontier00373,1704809105,1704809120,15
frontier00374,1704809130,1704809161,31
frontier00375,1704809110,1704809131,21
frontier00376,1704809130,1704809159,29
frontier00377,1704809164,1704809197,33
frontier00378,1704809345,1704809606,261
frontier00379,1704809367,1704809607,240
frontier00380,1704809176,1704809198,22
frontier00381,1704809110,1704809131,21
frontier00382,1704809204,1704809272,68
frontier00383,1704809110,1704809131,21
frontier00384,1704809117,1704809130,13
frontier00385,1704809111,1704809132,21
frontier00386,1704809602,1704809657,55
frontier00387,1704809313,1704809606,293
frontier00389,1704809368,1704809636,268
frontier00390,1704809130,1704809163,33
frontier00391,1704809325,1704809588,263
frontier00392,1704809576,1704809650,74
frontier00393,1704809285,1704809582,297
frontier00394,1704809602,1704809656,54
frontier00395,1704809110,1704809130,20
frontier00396,1704809110,1704809127,17
frontier00397,1704809101,1704809118,17
frontier00398,1704809177,1704809198,21
frontier00399,1704809344,1704809607,263
frontier00400,1704809107,1704809125,18
frontier00401,1704809345,1704809606,261
frontier00405,1704809602,1704809657,55
frontier00406,1704809293,1704809357,64
frontier00407,1704809293,1704809328,35
frontier00408,1704809110,1704809127,17
frontier00409,1704809293,1704809328,35
frontier00410,1704809110,1704809131,21
frontier00411,1704809602,1704809656,54
frontier00412,1704809313,1704809581,268
frontier00413,1704809604,1704809657,53
frontier00414,1704809130,1704809162,32
frontier00415,1704809602,1704809656,54
frontier00416,1704809589,1704809655,66
frontier00417,1704809345,1704809413,68
frontier00418,1704809110,1704809130,20
frontier00419,1704809285,1704809329,44
frontier00420,1704809589,1704809655,66
frontier00421,1704809232,1704809265,33
frontier00422,1704809604,1704809656,52
frontier00423,1704809316,1704809602,286
frontier00424,1704809602,1704809656,54
frontier00425,1704809131,1704809163,32
frontier00426,1704809313,1704809605,292
frontier00427,1704809110,1704809131,21
frontier00428,1704809586,1704809653,67
frontier00429,1704809110,1704809130,20
frontier00431,1704809325,1704809413,88
frontier00432,1704809586,1704809653,67
frontier00433,1704809232,1704809276,44
frontier00434,1704809604,1704809657,53
frontier00435,1704809593,1704809656,63
frontier00436,1704809325,1704809594,269
frontier00437,1704809249,1704809295,46
frontier00438,1704809325,1704809593,268
frontier00439,1704809110,1704809131,21
frontier00440,1704809198,1704809223,25
frontier00441,1704809285,1704809328,43
frontier00442,1704809296,1704809315,19
frontier00443,1704809175,1704809197,22
frontier00444,1704809177,1704809198,21
frontier00446,1704809602,1704809657,55
frontier00447,1704809602,1704809656,54
frontier00448,1704809232,1704809265,33
frontier00449,1704809293,1704809328,35
frontier00450,1704809588,1704809654,66
frontier00451,1704809367,1704809606,239
frontier00452,1704809604,1704809658,54
frontier00453,1704809344,1704809413,69
frontier00454,1704809323,1704809600,277
frontier00455,1704809203,1704809274,71
frontier00456,1704809603,1704809657,54
frontier00457,1704809344,1704809587,243
frontier00458,1704809221,1704809263,42
frontier00459,1704809369,1704809625,256
frontier00460,1704809225,1704809297,72
frontier00461,1704809601,1704809656,55
frontier00462,1704809367,1704809605,238
frontier00463,1704809589,1704809655,66
frontier00464,1704809604,1704809656,52
frontier00467,1704809249,1704809298,49
frontier00468,1704809344,1704809413,69
frontier00469,1704809232,1704809296,64
frontier00470,1704809232,1704809276,44
frontier00471,1704809602,1704809657,55
frontier00472,1704809325,1704809593,268
frontier00473,1704809367,1704809593,226
frontier00474,1704809586,1704809652,66
frontier00475,1704809163,1704809197,34
frontier00476,1704809198,1704809221,23
frontier00477,1704809198,1704809222,24
frontier00478,1704809293,1704809328,35
frontier00479,1704809232,1704809275,43
frontier00480,1704809589,1704809655,66
frontier00481,1704809604,1704809659,55
frontier00482,1704809346,1704809636,290
frontier00483,1704809601,1704809657,56
frontier00484,1704809326,1704809605,279
frontier00485,1704809367,1704809605,238
frontier00486,1704809197,1704809263,66
frontier00487,1704809367,1704809605,238
frontier00488,1704809589,1704809655,66
frontier00489,1704809602,1704809656,54
frontier00490,1704809602,1704809657,55
frontier00491,1704809593,1704809656,63
frontier00492,1704809345,1704809579,234
frontier00493,1704809232,1704809297,65
frontier00494,1704809268,1704809324,56
frontier00495,1704809249,1704809298,49
frontier00496,1704809602,1704809656,54
frontier00497,1704809164,1704809177,13
frontier00498,1704809345,1704809413,68
frontier00499,1704809368,1704809584,216
frontier00500,1704809602,1704809657,55
frontier00501,1704809602,1704809656,54
frontier00503,1704809344,1704809587,243
frontier00504,1704809602,1704809656,54
frontier00505,1704809602,1704809656,54
frontier00506,1704809198,1704809222,24
frontier00507,1704809221,1704809262,41
frontier00508,1704809604,1704809657,53
frontier00509,1704809588,1704809654,66
frontier00510,1704809367,1704809606,239
frontier00511,1704809221,1704809263,42
frontier00513,1704809345,1704809594,249
frontier00514,1704809602,1704809657,55
frontier00515,1704809203,1704809272,69
frontier00518,1704809604,1704809656,52
frontier00519,1704809249,1704809295,46
frontier00520,1704809280,1704809315,35
frontier00521,1704809345,1704809605,260
frontier00522,1704809591,1704809656,65
frontier00523,1704809602,1704809657,55
frontier00524,1704809314,1704809369,55
frontier00525,1704809586,1704809652,66
frontier00526,1704809586,1704809653,67
frontier00527,1704809602,1704809656,54
frontier00528,1704809312,1704809357,45
frontier00533,1704809249,1704809295,46
frontier00534,1704809158,1704809163,5
frontier00535,1704809275,1704809324,49
frontier00536,1704809285,1704809328,43
frontier00537,1704809164,1704809177,13
frontier00538,1704809326,1704809570,244
frontier00539,1704809344,1704809581,237
frontier00540,1704809285,1704809328,43
frontier00541,1704809654,1704809659,5
frontier00542,1704809593,1704809656,63
frontier00543,1704809602,1704809656,54
frontier00544,1704809602,1704809657,55
frontier00545,1704809367,1704809605,238
frontier00546,1704809223,1704809268,45
frontier00547,1704809345,1704809607,262
frontier00548,1704809225,1704809267,42
frontier00549,1704809344,1704809587,243
frontier00550,1704809130,1704809163,33
frontier00551,1704809110,1704809127,17
frontier00552,1704809105,1704809118,13
frontier00553,1704809345,1704809413,68
frontier00554,1704809107,1704809121,14
frontier00555,1704809164,1704809197,33
frontier00556,1704809117,1704809129,12
frontier00557,1704809110,1704809130,20
frontier00558,1704809111,1704809132,21
frontier00559,1704809110,1704809127,17
frontier00560,1704809111,1704809132,21
frontier00561,1704809604,1704809657,53
frontier00562,1704809325,1704809413,88
frontier00563,1704809107,1704809126,19
frontier00564,1704809130,1704809163,33
frontier00565,1704809326,1704809583,257
frontier00566,1704809103,1704809120,17
frontier00567,1704809130,1704809162,32
frontier00568,1704809130,1704809159,29
frontier00569,1704809602,1704809657,55
frontier00570,1704809586,1704809654,68
frontier00571,1704809605,1704809658,53
frontier00572,1704809130,1704809161,31
frontier00573,1704809285,1704809328,43
frontier00574,1704809345,1704809589,244
frontier00576,1704809367,1704809591,224
frontier00577,1704809603,1704809656,53
frontier00578,1704809117,1704809129,12
frontier00580,1704809130,1704809162,32
frontier00581,1704809110,1704809127,17
frontier00582,1704809602,1704809657,55
frontier00583,1704809110,1704809127,17
frontier00584,1704809222,1704809270,48
frontier00585,1704809325,1704809592,267
frontier00586,1704809588,1704809653,65
frontier00587,1704809604,1704809656,52
frontier00588,1704809602,1704809656,54
frontier00589,1704809120,1704809129,9
frontier00590,1704809202,1704809260,58
frontier00591,1704809105,1704809117,12
frontier00592,1704809345,1704809589,244
frontier00593,1704809325,1704809588,263
frontier00594,1704809222,1704809263,41
frontier00595,1704809604,1704809657,53
frontier00596,1704809316,1704809605,289
frontier00597,1704809586,1704809649,63
frontier00598,1704809316,1704809607,291
frontier00599,1704809107,1704809121,14
frontier00600,1704809602,1704809657,55
frontier00601,1704809604,1704809657,53
frontier00602,1704809367,1704809601,234
frontier00603,1704809132,1704809162,30
frontier00604,1704809654,1704809659,5
frontier00605,1704809225,1704809297,72
frontier00606,1704809130,1704809162,32
frontier00607,1704809200,1704809276,76
frontier00608,1704809164,1704809197,33
frontier00609,1704809266,1704809324,58
frontier00610,1704809367,1704809606,239
frontier00611,1704809586,1704809653,67
frontier00612,1704809604,1704809656,52
frontier00613,1704809223,1704809263,40
frontier00614,1704809580,1704809653,73
frontier00615,1704809654,1704809659,5
frontier00616,1704809345,1704809604,259
frontier00617,1704809264,1704809306,42
frontier00618,1704809132,1704809162,30
frontier00619,1704809345,1704809605,260
frontier00620,1704809171,1704809197,26
frontier00621,1704809130,1704809162,32
frontier00622,1704809581,1704809653,72
frontier00623,1704809345,1704809607,262
frontier00624,1704809266,1704809323,57
frontier00625,1704809112,1704809132,20
frontier00626,1704809203,1704809270,67
frontier00627,1704809346,1704809613,267
frontier00628,1704809314,1704809593,279
frontier00629,1704809232,1704809275,43
frontier00630,1704809604,1704809656,52
frontier00631,1704809345,1704809605,260
frontier00632,1704809232,1704809276,44
frontier00634,1704809249,1704809294,45
frontier00635,1704809602,1704809656,54
frontier00636,1704809602,1704809657,55
frontier00637,1704809232,1704809276,44
frontier00638,1704809367,1704809592,225
frontier00639,1704809325,1704809592,267
frontier00641,1704809369,1704809580,211
frontier00642,1704809600,1704809656,56
frontier00643,1704809203,1704809265,62
frontier00645,1704809312,1704809592,280
frontier00646,1704809232,1704809274,42
frontier00647,1704809576,1704809653,77
frontier00648,1704809581,1704809654,73
frontier00649,1704809588,1704809654,66
frontier00650,1704809232,1704809294,62
frontier00651,1704809602,1704809656,54
frontier00652,1704809345,1704809606,261
frontier00653,1704809198,1704809222,24
frontier00654,1704809604,1704809657,53
frontier00655,1704809343,1704809606,263
frontier00656,1704809594,1704809656,62
frontier00657,1704809589,1704809654,65
frontier00661,1704809594,1704809657,63
frontier00662,1704809602,1704809657,55
frontier00663,1704809345,1704809581,236
frontier00664,1704809175,1704809198,23
frontier00665,1704809280,1704809328,48
frontier00666,1704809580,1704809650,70
frontier00667,1704809218,1704809271,53
frontier00668,1704809602,1704809657,55
frontier00669,1704809249,1704809295,46
frontier00670,1704809602,1704809656,54
frontier00671,1704809232,1704809265,33
frontier00672,1704809223,1704809266,43
frontier00673,1704809604,1704809657,53
frontier00674,1704809233,1704809286,53
frontier00675,1704809576,1704809649,73
frontier00676,1704809198,1704809224,26
frontier00677,1704809602,1704809656,54
frontier00678,1704809344,1704809592,248
frontier00679,1704809232,1704809275,43
frontier00680,1704809197,1704809233,36
frontier00681,1704809177,1704809198,21
frontier00682,1704809225,1704809268,43
frontier00683,1704809602,1704809656,54
frontier00684,1704809367,1704809571,204
frontier00685,1704809285,1704809328,43
frontier00686,1704809222,1704809271,49
frontier00687,1704809326,1704809412,86
frontier00688,1704809602,1704809656,54
frontier00689,1704809224,1704809268,44
frontier00690,1704809204,1704809272,68
frontier00691,1704809592,1704809656,64
frontier00692,1704809602,1704809656,54
frontier00693,1704809249,1704809295,46
frontier00694,1704809325,1704809585,260
frontier00695,1704809312,1704809327,15
frontier00696,1704809164,1704809177,13
frontier00697,1704809576,1704809650,74
frontier00698,1704809603,1704809657,54
frontier00699,1704809320,1704809410,90
frontier00700,1704809346,1704809582,236
frontier00701,1704809203,1704809262,59
frontier00702,1704809576,1704809650,74
frontier00703,1704809265,1704809323,58
frontier00704,1704809588,1704809654,66
frontier00705,1704809233,1704809295,62
frontier00706,1704809594,1704809657,63
frontier00709,1704809345,1704809601,256
frontier00710,1704809177,1704809198,21
frontier00711,1704809233,1704809277,44
frontier00712,1704809602,1704809656,54
frontier00713,1704809314,1704809371,57
frontier00714,1704809203,1704809263,60
frontier00715,1704809233,1704809275,42
frontier00716,1704809218,1704809276,58
frontier00717,1704809345,1704809605,260
frontier00718,1704809249,1704809295,46
frontier00719,1704809604,1704809656,52
frontier00720,1704809198,1704809222,24
frontier00721,1704809367,1704809580,213
frontier00722,1704809345,1704809606,261
frontier00723,1704809345,1704809570,225
frontier00724,1704809323,1704809581,258
frontier00725,1704809293,1704809328,35
frontier00726,1704809110,1704809127,17
frontier00727,1704809107,1704809121,14
frontier00728,1704809110,1704809130,20
frontier00729,1704809110,1704809131,21
frontier00730,1704809164,1704809175,11
frontier00731,1704809112,1704809133,21
frontier00732,1704809602,1704809656,54
frontier00733,1704809591,1704809656,65
frontier00734,1704809110,1704809127,17
frontier00735,1704809132,1704809162,30
frontier00736,1704809110,1704809131,21
frontier00737,1704809101,1704809121,20
frontier00738,1704809586,1704809654,68
frontier00739,1704809580,1704809653,73
frontier00740,1704809110,1704809131,21
frontier00741,1704809130,1704809163,33
frontier00742,1704809603,1704809656,53
frontier00743,1704809111,1704809132,21
frontier00744,1704809103,1704809117,14
frontier00745,1704809113,1704809129,16
frontier00746,1704809592,1704809657,65
frontier00747,1704809576,1704809653,77
frontier00748,1704809285,1704809328,43
frontier00749,1704809130,1704809162,32
frontier00750,1704809198,1704809223,25
frontier00751,1704809602,1704809656,54
frontier00752,1704809107,1704809121,14
frontier00753,1704809221,1704809261,40
frontier00754,1704809110,1704809127,17
frontier00756,1704809326,1704809594,268
frontier00757,1704809198,1704809222,24
frontier00758,1704809586,1704809654,68
frontier00759,1704809130,1704809163,33
frontier00760,1704809158,1704809166,8
frontier00761,1704809325,1704809583,258
frontier00762,1704809602,1704809657,55
frontier00763,1704809345,1704809594,249
frontier00764,1704809249,1704809299,50
frontier00769,1704809110,1704809131,21
frontier00770,1704809604,1704809656,52
frontier00771,1704809110,1704809130,20
frontier00773,1704809593,1704809656,63
frontier00774,1704809602,1704809656,54
frontier00775,1704809345,1704809588,243
frontier00776,1704809156,1704809163,7
frontier00777,1704809222,1704809266,44
frontier00778,1704809602,1704809656,54
frontier00779,1704809602,1704809656,54
frontier00780,1704809132,1704809162,30
frontier00781,1704809202,1704809260,58
frontier00782,1704809581,1704809653,72
frontier00786,1704809602,1704809656,54
frontier00787,1704809232,1704809295,63
frontier00788,1704809576,1704809649,73
frontier00789,1704809222,1704809266,44
frontier00790,1704809325,1704809593,268
frontier00791,1704809602,1704809656,54
frontier00792,1704809105,1704809118,13
frontier00793,1704809580,1704809653,73
frontier00794,1704809158,1704809164,6
frontier00795,1704809346,1704809613,267
frontier00796,1704809223,1704809266,43
frontier00797,1704809198,1704809223,25
frontier00798,1704809267,1704809324,57
frontier00799,1704809325,1704809586,261
frontier00800,1704809101,1704809118,17
frontier00801,1704809110,1704809131,21
frontier00802,1704809103,1704809117,14
frontier00803,1704809198,1704809222,24
frontier00804,1704809175,1704809178,3
frontier00807,1704809198,1704809223,25
frontier00808,1704809293,1704809328,35
frontier00809,1704809164,1704809198,34
frontier00810,1704809222,1704809263,41
frontier00811,1704809604,1704809656,52
frontier00812,1704809367,1704809594,227
frontier00813,1704809604,1704809657,53
frontier00814,1704809222,1704809272,50
frontier00815,1704809270,1704809325,55
frontier00816,1704809602,1704809656,54
frontier00817,1704809233,1704809286,53
frontier00818,1704809163,1704809198,35
frontier00819,1704809266,1704809306,40
frontier00820,1704809602,1704809656,54
frontier00821,1704809312,1704809588,276
frontier00822,1704809345,1704809413,68
frontier00823,1704809280,1704809328,48
frontier00824,1704809326,1704809602,276
frontier00825,1704809591,1704809657,66
frontier00826,1704809367,1704809593,226
frontier00827,1704809249,1704809298,49
frontier00828,1704809603,1704809657,54
frontier00829,1704809602,1704809657,55
frontier00830,1704809249,1704809298,49
frontier00831,1704809589,1704809655,66
frontier00832,1704809285,1704809328,43
frontier00833,1704809593,1704809656,63
frontier00834,1704809580,1704809649,69
frontier00837,1704809602,1704809657,55
frontier00838,1704809232,1704809263,31
frontier00839,1704809197,1704809223,26
frontier00840,1704809327,1704809413,86
frontier00841,1704809306,1704809589,283
frontier00842,1704809654,1704809659,5
frontier00843,1704809325,1704809592,267
frontier00844,1704809232,1704809293,61
frontier00845,1704809604,1704809657,53
frontier00846,1704809296,1704809316,20
frontier00847,1704809222,1704809263,41
frontier00848,1704809198,1704809223,25
frontier00849,1704809325,1704809576,251
frontier00850,1704809654,1704809659,5
frontier00851,1704809314,1704809357,43
frontier00852,1704809233,1704809277,44
frontier00853,1704809204,1704809272,68
frontier00854,1704809285,1704809328,43
frontier00855,1704809591,1704809656,65
frontier00856,1704809325,1704809594,269
frontier00857,1704809232,1704809275,43
frontier00858,1704809225,1704809296,71
frontier00859,1704809602,1704809657,55
frontier00860,1704809601,1704809657,56
frontier00861,1704809581,1704809654,73
frontier00862,1704809345,1704809605,260
frontier00863,1704809313,1704809588,275
frontier00864,1704809605,1704809657,52
frontier00865,1704809345,1704809580,235
frontier00866,1704809175,1704809198,23
frontier00867,1704809203,1704809264,61
frontier00868,1704809367,1704809594,227
frontier00869,1704809586,1704809653,67
frontier00870,1704809325,1704809594,269
frontier00871,1704809223,1704809264,41
frontier00872,1704809222,1704809266,44
frontier00873,1704809336,1704809571,235
frontier00874,1704809594,1704809656,62
frontier00875,1704809327,1704809576,249
frontier00876,1704809604,1704809656,52
frontier00877,1704809367,1704809602,235
frontier00879,1704809345,1704809607,262
frontier00881,1704809580,1704809650,70
frontier00882,1704809576,1704809653,77
frontier00883,1704809218,1704809269,51
frontier00884,1704809604,1704809657,53
frontier00885,1704809198,1704809223,25
frontier00886,1704809602,1704809656,54
frontier00888,1704809604,1704809656,52
frontier00889,1704809367,1704809607,240
frontier00890,1704809216,1704809271,55
frontier00891,1704809233,1704809286,53
frontier00892,1704809232,1704809294,62
frontier00894,1704809367,1704809592,225
frontier00895,1704809285,1704809328,43
frontier00896,1704809602,1704809656,54
frontier00898,1704809344,1704809568,224
frontier00899,1704809344,1704809587,243
frontier00900,1704809270,1704809325,55
frontier00902,1704809152,1704809164,12
frontier00903,1704809163,1704809178,15
frontier00904,1704809249,1704809295,46
frontier00905,1704809323,1704809571,248
frontier00906,1704809587,1704809653,66
frontier00907,1704809589,1704809655,66
frontier00908,1704809345,1704809605,260
frontier00909,1704809224,1704809271,47
frontier00910,1704809232,1704809275,43
frontier00911,1704809654,1704809659,5
frontier00915,1704809107,1704809130,23
frontier00916,1704809110,1704809127,17
frontier00917,1704809112,1704809128,16
frontier00918,1704809110,1704809127,17
frontier00919,1704809285,1704809328,43
frontier00920,1704809586,1704809654,68
frontier00921,1704809218,1704809268,50
frontier00922,1704809107,1704809121,14
frontier00923,1704809101,1704809121,20
frontier00924,1704809249,1704809297,48
frontier00925,1704809110,1704809130,20
frontier00926,1704809110,1704809130,20
frontier00927,1704809345,1704809587,242
frontier00928,1704809593,1704809656,63
frontier00929,1704809132,1704809160,28
frontier00930,1704809110,1704809131,21
frontier00931,1704809592,1704809657,65
frontier00932,1704809322,1704809410,88
frontier00933,1704809589,1704809655,66
frontier00934,1704809110,1704809127,17
frontier00935,1704809297,1704809316,19
frontier00936,1704809602,1704809656,54
frontier00937,1704809604,1704809656,52
frontier00938,1704809111,1704809131,20
frontier00939,1704809602,1704809657,55
frontier00940,1704809224,1704809270,46
frontier00941,1704809110,1704809131,21
frontier00942,1704809285,1704809328,43
frontier00943,1704809158,1704809166,8
frontier00944,1704809325,1704809594,269
frontier00945,1704809105,1704809120,15
frontier00946,1704809249,1704809298,49
frontier00947,1704809102,1704809117,15
frontier00948,1704809105,1704809117,12
frontier00949,1704809602,1704809656,54
frontier00950,1704809367,1704809414,47
frontier00951,1704809602,1704809657,55
frontier00952,1704809654,1704809658,4
frontier00954,1704809102,1704809130,28
frontier00955,1704809592,1704809656,64
frontier00956,1704809103,1704809121,18
frontier00957,1704809325,1704809600,275
frontier00960,1704809343,1704809606,263
frontier00961,1704809602,1704809657,55
frontier00962,1704809110,1704809131,21
frontier00963,1704809580,1704809653,73
frontier00964,1704809204,1704809273,69
frontier00965,1704809249,1704809298,49
frontier00966,1704809110,1704809131,21
frontier00967,1704809325,1704809593,268
frontier00968,1704809589,1704809655,66
frontier00969,1704809602,1704809656,54
frontier00970,1704809249,1704809296,47
frontier00971,1704809602,1704809657,55
frontier00972,1704809281,1704809328,47
frontier00973,1704809107,1704809130,23
frontier00974,1704809654,1704809659,5
frontier00975,1704809345,1704809579,234
frontier00976,1704809285,1704809328,43
frontier00977,1704809367,1704809580,213
frontier00978,1704809345,1704809605,260
frontier00979,1704809345,1704809580,235
frontier00980,1704809203,1704809265,62
frontier00981,1704809312,1704809348,36
frontier00982,1704809602,1704809657,55
frontier00983,1704809132,1704809162,30
frontier00984,1704809110,1704809127,17
frontier00985,1704809314,1704809369,55
frontier00986,1704809264,1704809323,59
frontier00987,1704809345,1704809580,235
frontier00988,1704809176,1704809198,22
frontier00989,1704809274,1704809325,51
frontier00990,1704809199,1704809262,63
frontier00991,1704809600,1704809656,56
frontier00992,1704809177,1704809198,21
frontier00993,1704809222,1704809269,47
frontier00994,1704809284,1704809370,86
frontier00995,1704809326,1704809606,280
frontier00996,1704809232,1704809274,42
frontier00997,1704809602,1704809656,54
frontier00998,1704809345,1704809588,243
frontier00999,1704809198,1704809223,25
frontier01000,1704809592,1704809656,64
frontier01001,1704809265,1704809323,58
frontier01004,1704809346,1704809607,261
frontier01005,1704809367,1704809607,240
frontier01006,1704809576,1704809649,73
frontier01007,1704809589,1704809655,66
frontier01008,1704809605,1704809657,52
frontier01009,1704809586,1704809654,68
frontier01010,1704809233,1704809295,62
frontier01011,1704809285,1704809328,43
frontier01012,1704809176,1704809178,2
frontier01013,1704809580,1704809653,73
frontier01014,1704809344,1704809589,245
frontier01015,1704809602,1704809656,54
frontier01016,1704809589,1704809656,67
frontier01017,1704809204,1704809275,71
frontier01019,1704809345,1704809583,238
frontier01020,1704809265,1704809323,58
frontier01021,1704809345,1704809587,242
frontier01022,1704809345,1704809601,256
frontier01024,1704809232,1704809258,26
frontier01025,1704809203,1704809269,66
frontier01026,1704809345,1704809606,261
frontier01027,1704809606,1704809658,52
frontier01029,1704809223,1704809275,52
frontier01030,1704809369,1704809612,243
frontier01031,1704809602,1704809656,54
frontier01032,1704809602,1704809657,55
frontier01033,1704809249,1704809296,47
frontier01034,1704809603,1704809657,54
frontier01035,1704809312,1704809593,281
frontier01036,1704809323,1704809583,260
frontier01037,1704809222,1704809264,42
frontier01038,1704809604,1704809657,53
frontier01042,1704809278,1704809328,50
frontier01043,1704809344,1704809413,69
frontier01044,1704809232,1704809295,63
frontier01045,1704809264,1704809324,60
frontier01046,1704809594,1704809656,62
frontier01047,1704809325,1704809576,251
frontier01048,1704809345,1704809571,226
frontier01049,1704809344,1704809588,244
frontier01050,1704809265,1704809324,59
frontier01051,1704809275,1704809325,50
frontier01052,1704809591,1704809656,65
frontier01053,1704809325,1704809587,262
frontier01054,1704809325,1704809593,268
frontier01055,1704809232,1704809296,64
frontier01056,1704809344,1704809588,244
frontier01057,1704809225,1704809270,45
frontier01058,1704809175,1704809198,23
frontier01059,1704809588,1704809655,67
frontier01060,1704809202,1704809260,58
frontier01061,1704809602,1704809657,55
frontier01062,1704809603,1704809656,53
frontier01063,1704809306,1704809582,276
frontier01064,1704809345,1704809581,236
frontier01065,1704809315,1704809593,278
frontier01066,1704809605,1704809658,53
frontier01067,1704809602,1704809657,55
frontier01068,1704809586,1704809653,67
frontier01069,1704809232,1704809295,63
frontier01070,1704809233,1704809295,62
frontier01071,1704809232,1704809275,43
frontier01072,1704809198,1704809226,28
frontier01073,1704809603,1704809657,54
frontier01074,1704809326,1704809587,261
frontier01075,1704809602,1704809657,55
frontier01076,1704809602,1704809656,54
frontier01077,1704809202,1704809262,60
frontier01078,1704809232,1704809276,44
frontier01079,1704809249,1704809296,47
frontier01080,1704809604,1704809656,52
frontier01081,1704809198,1704809222,24
frontier01082,1704809203,1704809262,59
frontier01083,1704809285,1704809328,43
frontier01084,1704809176,1704809197,21
frontier01086,1704809223,1704809271,48
frontier01087,1704809588,1704809654,66
frontier01088,1704809325,1704809593,268
frontier01089,1704809198,1704809223,25
frontier01090,1704809344,1704809413,69
frontier01093,1704809345,1704809607,262
frontier01094,1704809278,1704809328,50
frontier01095,1704809369,1704809607,238
frontier01096,1704809158,1704809164,6
frontier01097,1704809225,1704809269,44
frontier01098,1704809130,1704809162,32
frontier01099,1704809107,1704809130,23
frontier01100,1704809325,1704809602,277
frontier01101,1704809107,1704809118,11
frontier01102,1704809325,1704809589,264
frontier01103,1704809367,1704809607,240
frontier01104,1704809306,1704809587,281
frontier01105,1704809107,1704809117,10
frontier01106,1704809110,1704809130,20
frontier01107,1704809120,1704809133,13
frontier01108,1704809576,1704809649,73
frontier01109,1704809232,1704809294,62
frontier01110,1704809130,1704809163,33
frontier01111,1704809110,1704809130,20
frontier01112,1704809280,1704809328,48
frontier01113,1704809293,1704809357,64
frontier01114,1704809120,1704809129,9
frontier01115,1704809110,1704809130,20
frontier01116,1704809225,1704809269,44
frontier01117,1704809232,1704809275,43
frontier01118,1704809346,1704809593,247
frontier01119,1704809602,1704809656,54
frontier01120,1704809232,1704809277,45
frontier01121,1704809580,1704809649,69
frontier01122,1704809110,1704809130,20
frontier01123,1704809601,1704809656,55
frontier01124,1704809101,1704809117,16
frontier01125,1704809130,1704809162,32
frontier01126,1704809103,1704809121,18
frontier01127,1704809604,1704809657,53
frontier01128,1704809130,1704809163,33
frontier01129,1704809110,1704809127,17
frontier01130,1704809602,1704809656,54
frontier01131,1704809204,1704809272,68
frontier01132,1704809265,1704809323,58
frontier01134,1704809232,1704809296,64
frontier01137,1704809130,1704809162,32
frontier01139,1704809605,1704809658,53
frontier01141,1704809103,1704809120,17
frontier01143,1704809346,1704809606,260
frontier01144,1704809326,1704809605,279
frontier01145,1704809285,1704809328,43
frontier01146,1704809130,1704809162,32
frontier01147,1704809602,1704809656,54
frontier01149,1704809204,1704809271,67
frontier01150,1704809586,1704809650,64
frontier01151,1704809158,1704809176,18
frontier01153,1704809604,1704809657,53
frontier01154,1704809654,1704809658,4
frontier01156,1704809602,1704809657,55
frontier01157,1704809110,1704809127,17
frontier01158,1704809367,1704809594,227
frontier01159,1704809602,1704809657,55
frontier01160,1704809249,1704809296,47
frontier01161,1704809602,1704809657,55
frontier01162,1704809223,1704809262,39
frontier01163,1704809593,1704809656,63
frontier01164,1704809130,1704809161,31
frontier01165,1704809602,1704809656,54
frontier01166,1704809603,1704809657,54
frontier01167,1704809576,1704809649,73
frontier01171,1704809602,1704809656,54
frontier01172,1704809232,1704809295,63
frontier01173,1704809130,1704809163,33
frontier01174,1704809325,1704809582,257
frontier01175,1704809164,1704809177,13
frontier01176,1704809110,1704809127,17
frontier01177,1704809367,1704809605,238
frontier01178,1704809603,1704809657,54
frontier01179,1704809594,1704809656,62
frontier01180,1704809110,1704809126,16
frontier01181,1704809176,1704809197,21
frontier01182,1704809199,1704809261,62
frontier01183,1704809602,1704809657,55
frontier01184,1704809312,1704809328,16
frontier01185,1704809130,1704809163,33
frontier01186,1704809233,1704809275,42
frontier01187,1704809325,1704809583,258
frontier01188,1704809604,1704809658,54
frontier01189,1704809344,1704809411,67
frontier01190,1704809313,1704809357,44
frontier01191,1704809654,1704809659,5
frontier01192,1704809591,1704809656,65
frontier01193,1704809232,1704809276,44
frontier01194,1704809589,1704809656,67
frontier01195,1704809345,1704809607,262
frontier01196,1704809204,1704809272,68
frontier01197,1704809588,1704809654,66
frontier01198,1704809204,1704809273,69
frontier01199,1704809314,1704809592,278
frontier01200,1704809232,1704809275,43
frontier01201,1704809202,1704809267,65
frontier01202,1704809314,1704809413,99
frontier01203,1704809345,1704809412,67
frontier01204,1704809345,1704809588,243
frontier01205,1704809203,1704809263,60
frontier01206,1704809367,1704809607,240
frontier01207,1704809323,1704809593,270
frontier01208,1704809293,1704809328,35
frontier01209,1704809204,1704809276,72
frontier01210,1704809604,1704809656,52
frontier01211,1704809277,1704809326,49
frontier01212,1704809604,1704809656,52
frontier01214,1704809224,1704809263,39
frontier01215,1704809326,1704809588,262
frontier01216,1704809285,1704809328,43
frontier01217,1704809306,1704809344,38
frontier01218,1704809602,1704809656,54
frontier01221,1704809203,1704809263,60
frontier01222,1704809581,1704809653,72
frontier01223,1704809345,1704809601,256
frontier01224,1704809576,1704809653,77
frontier01225,1704809606,1704809658,52
frontier01226,1704809604,1704809656,52
frontier01227,1704809345,1704809606,261
frontier01228,1704809204,1704809271,67
frontier01229,1704809367,1704809592,225
frontier01230,1704809249,1704809295,46
frontier01231,1704809654,1704809659,5
frontier01232,1704809367,1704809576,209
frontier01233,1704809322,1704809390,68
frontier01234,1704809602,1704809656,54
frontier01235,1704809586,1704809653,67
frontier01236,1704809602,1704809656,54
frontier01237,1704809591,1704809656,65
frontier01238,1704809313,1704809593,280
frontier01239,1704809315,1704809371,56
frontier01240,1704809325,1704809594,269
frontier01241,1704809325,1704809584,259
frontier01242,1704809306,1704809587,281
frontier01244,1704809158,1704809176,18
frontier01245,1704809325,1704809594,269
frontier01246,1704809284,1704809328,44
frontier01247,1704809345,1704809606,261
frontier01248,1704809198,1704809221,23
frontier01249,1704809345,1704809588,243
frontier01250,1704809580,1704809652,72
frontier01251,1704809177,1704809198,21
frontier01252,1704809602,1704809657,55
frontier01253,1704809603,1704809657,54
frontier01254,1704809202,1704809263,61
frontier01255,1704809315,1704809413,98
frontier01256,1704809198,1704809222,24
frontier01257,1704809345,1704809582,237
frontier01258,1704809232,1704809296,64
frontier01261,1704809325,1704809586,261
frontier01262,1704809602,1704809656,54
frontier01265,1704809580,1704809654,74
frontier01267,1704809198,1704809223,25
frontier01268,1704809367,1704809592,225
frontier01269,1704809164,1704809197,33
frontier01270,1704809345,1704809589,244
frontier01272,1704809325,1704809589,264
frontier01273,1704809282,1704809328,46
frontier01274,1704809164,1704809177,13
frontier01275,1704809372,1704809614,242
frontier01277,1704809269,1704809324,55
frontier01278,1704809604,1704809657,53
frontier01279,1704809164,1704809177,13
frontier01280,1704809345,1704809594,249
frontier01281,1704809592,1704809656,64
frontier01282,1704809232,1704809296,64
frontier01284,1704809654,1704809659,5
frontier01285,1704809344,1704809593,249
frontier01286,1704809325,1704809413,88
frontier01287,1704809110,1704809130,20
frontier01288,1704809110,1704809131,21
frontier01289,1704809130,1704809162,32
frontier01290,1704809107,1704809118,11
frontier01291,1704809158,1704809163,5
frontier01292,1704809103,1704809117,14
frontier01293,1704809601,1704809656,55
frontier01294,1704809110,1704809130,20
frontier01295,1704809130,1704809162,32
frontier01296,1704809130,1704809162,32
frontier01297,1704809107,1704809117,10
frontier01298,1704809103,1704809130,27
frontier01302,1704809163,1704809177,14
frontier01303,1704809293,1704809327,34
frontier01304,1704809163,1704809177,14
frontier01305,1704809345,1704809607,262
frontier01306,1704809325,1704809593,268
frontier01307,1704809128,1704809162,34
frontier01308,1704809110,1704809131,21
frontier01309,1704809249,1704809298,49
frontier01310,1704809285,1704809328,43
frontier01311,1704809601,1704809657,56
frontier01312,1704809312,1704809592,280
frontier01313,1704809110,1704809130,20
frontier01314,1704809250,1704809296,46
frontier01315,1704809602,1704809656,54
frontier01316,1704809592,1704809657,65
frontier01317,1704809203,1704809262,59
frontier01318,1704809110,1704809126,16
frontier01319,1704809110,1704809127,17
frontier01320,1704809576,1704809649,73
frontier01323,1704809602,1704809656,54
frontier01324,1704809130,1704809162,32
frontier01325,1704809102,1704809121,19
frontier01326,1704809604,1704809657,53
frontier01327,1704809576,1704809653,77
frontier01328,1704809593,1704809656,63
frontier01329,1704809325,1704809594,269
frontier01330,1704809132,1704809161,29
frontier01331,1704809223,1704809268,45
frontier01332,1704809110,1704809131,21
frontier01333,1704809586,1704809653,67
frontier01334,1704809285,1704809328,43
frontier01336,1704809315,1704809594,279
frontier01337,1704809130,1704809161,31
frontier01338,1704809602,1704809657,55
frontier01339,1704809602,1704809657,55
frontier01340,1704809602,1704809656,54
frontier01341,1704809345,1704809580,235
frontier01342,1704809602,1704809656,54
frontier01343,1704809204,1704809263,59
frontier01344,1704809223,1704809273,50
frontier01345,1704809130,1704809162,32
frontier01346,1704809367,1704809579,212
frontier01347,1704809346,1704809624,278
frontier01349,1704809130,1704809162,32
frontier01350,1704809602,1704809656,54
frontier01353,1704809232,1704809263,31
frontier01354,1704809589,1704809655,66
frontier01355,1704809198,1704809223,25
frontier01356,1704809306,1704809582,276
frontier01357,1704809325,1704809602,277
frontier01358,1704809586,1704809652,66
frontier01360,1704809232,1704809275,43
frontier01361,1704809175,1704809197,22
frontier01362,1704809130,1704809164,34
frontier01363,1704809107,1704809121,14
frontier01364,1704809110,1704809130,20
frontier01365,1704809285,1704809328,43
frontier01366,1704809367,1704809581,214
frontier01367,1704809285,1704809328,43
frontier01369,1704809576,1704809650,74
frontier01370,1704809232,1704809274,42
frontier01371,1704809177,1704809198,21
frontier01372,1704809325,1704809603,278
frontier01373,1704809602,1704809657,55
frontier01374,1704809177,1704809198,21
frontier01375,1704809280,1704809580,300
frontier01376,1704809232,1704809293,61
frontier01377,1704809580,1704809653,73
frontier01378,1704809602,1704809657,55
frontier01379,1704809264,1704809306,42
frontier01380,1704809343,1704809605,262
frontier01381,1704809306,1704809328,22
frontier01382,1704809654,1704809659,5
frontier01383,1704809249,1704809298,49
frontier01384,1704809602,1704809657,55
frontier01385,1704809325,1704809588,263
frontier01388,1704809367,1704809605,238
frontier01391,1704809223,1704809276,53
frontier01392,1704809345,1704809607,262
frontier01393,1704809223,1704809272,49
frontier01394,1704809164,1704809177,13
frontier01395,1704809344,1704809588,244
frontier01396,1704809602,1704809657,55
frontier01397,1704809591,1704809656,65
frontier01398,1704809306,1704809592,286
frontier01399,1704809604,1704809656,52
frontier01400,1704809218,1704809270,52
frontier01401,1704809204,1704809263,59
frontier01402,1704809285,1704809328,43
frontier01404,1704809163,1704809197,34
frontier01405,1704809604,1704809657,53
frontier01406,1704809345,1704809582,237
frontier01407,1704809580,1704809650,70
frontier01408,1704809280,1704809315,35
frontier01409,1704809203,1704809272,69
frontier01410,1704809345,1704809580,235
frontier01411,1704809176,1704809198,22
frontier01412,1704809343,1704809605,262
frontier01414,1704809203,1704809275,72
frontier01415,1704809312,1704809583,271
frontier01417,1704809604,1704809658,54
frontier01418,1704809344,1704809414,70
frontier01419,1704809293,1704809328,35
frontier01420,1704809604,1704809657,53
frontier01421,1704809325,1704809584,259
frontier01422,1704809306,1704809328,22
frontier01423,1704809291,1704809328,37
frontier01425,1704809603,1704809656,53
frontier01426,1704809654,1704809659,5
frontier01428,1704809203,1704809271,68
frontier01429,1704809224,1704809269,45
frontier01430,1704809224,1704809268,44
frontier01431,1704809280,1704809328,48
frontier01432,1704809602,1704809656,54
frontier01433,1704809312,1704809327,15
frontier01434,1704809281,1704809328,47
frontier01435,1704809232,1704809286,54
frontier01436,1704809602,1704809657,55
frontier01437,1704809580,1704809653,73
frontier01438,1704809654,1704809659,5
frontier01439,1704809249,1704809295,46
frontier01440,1704809594,1704809656,62
frontier01442,1704809285,1704809328,43
frontier01443,1704809222,1704809269,47
frontier01444,1704809293,1704809328,35
frontier01445,1704809221,1704809263,42
frontier01446,1704809367,1704809606,239
frontier01447,1704809232,1704809273,41
frontier01448,1704809602,1704809656,54
frontier01449,1704809654,1704809659,5
frontier01450,1704809604,1704809657,53
frontier01451,1704809602,1704809657,55
frontier01452,1704809600,1704809656,56
frontier01453,1704809221,1704809263,42
frontier01454,1704809204,1704809272,68
frontier01455,1704809604,1704809657,53
frontier01456,1704809580,1704809650,70
frontier01457,1704809345,1704809605,260
frontier01458,1704809285,1704809328,43
frontier01459,1704809198,1704809222,24
frontier01460,1704809604,1704809657,53
frontier01461,1704809345,1704809607,262
frontier01462,1704809198,1704809221,23
frontier01463,1704809131,1704809163,32
frontier01464,1704809325,1704809591,266
frontier01465,1704809345,1704809605,260
frontier01466,1704809225,1704809269,44
frontier01467,1704809204,1704809274,70
frontier01468,1704809326,1704809576,250
frontier01469,1704809580,1704809652,72
frontier01471,1704809163,1704809198,35
frontier01473,1704809654,1704809659,5
frontier01474,1704809345,1704809606,261
frontier01475,1704809232,1704809277,45
frontier01477,1704809204,1704809263,59
frontier01478,1704809107,1704809121,14
frontier01479,1704809101,1704809120,19
frontier01480,1704809110,1704809130,20
frontier01481,1704809110,1704809130,20
frontier01482,1704809325,1704809589,264
frontier01483,1704809117,1704809133,16
frontier01484,1704809265,1704809324,59
frontier01485,1704809110,1704809127,17
frontier01486,1704809110,1704809130,20
frontier01487,1704809103,1704809118,15
frontier01488,1704809103,1704809119,16
frontier01489,1704809101,1704809130,29
frontier01490,1704809602,1704809656,54
frontier01491,1704809654,1704809659,5
frontier01492,1704809132,1704809162,30
frontier01493,1704809103,1704809118,15
frontier01494,1704809281,1704809328,47
frontier01495,1704809110,1704809130,20
frontier01496,1704809130,1704809162,32
frontier01497,1704809130,1704809162,32
frontier01498,1704809345,1704809580,235
frontier01499,1704809312,1704809605,293
frontier01500,1704809315,1704809587,272
frontier01501,1704809130,1704809161,31
frontier01502,1704809222,1704809265,43
frontier01503,1704809591,1704809656,65
frontier01504,1704809198,1704809222,24
frontier01505,1704809589,1704809654,65
frontier01506,1704809130,1704809162,32
frontier01508,1704809130,1704809163,33
frontier01509,1704809130,1704809162,32
frontier01511,1704809367,1704809605,238
frontier01512,1704809110,1704809131,21
frontier01513,1704809110,1704809127,17
frontier01514,1704809202,1704809261,59
frontier01515,1704809198,1704809222,24
frontier01516,1704809216,1704809271,55
frontier01517,1704809604,1704809658,54
frontier01518,1704809110,1704809127,17
frontier01519,1704809325,1704809592,267
frontier01521,1704809103,1704809118,15
frontier01522,1704809285,1704809328,43
frontier01523,1704809586,1704809653,67
frontier01524,1704809285,1704809329,44
frontier01525,1704809111,1704809132,21
frontier01526,1704809589,1704809655,66
frontier01527,1704809325,1704809594,269
frontier01528,1704809602,1704809656,54
frontier01529,1704809177,1704809198,21
frontier01530,1704809314,1704809570,256
frontier01534,1704809346,1704809613,267
frontier01537,1704809593,1704809656,63
frontier01539,1704809130,1704809163,33
frontier01540,1704809224,1704809267,43
frontier01541,1704809587,1704809656,69
frontier01542,1704809586,1704809654,68
frontier01543,1704809602,1704809657,55
frontier01544,1704809110,1704809131,21
frontier01545,1704809233,1704809285,52
frontier01546,1704809604,1704809657,53
frontier01547,1704809232,1704809265,33
frontier01548,1704809602,1704809656,54
frontier01549,1704809325,1704809588,263
frontier01550,1704809345,1704809588,243
frontier01551,1704809306,1704809592,286
frontier01552,1704809233,1704809281,48
frontier01553,1704809654,1704809659,5
frontier01554,1704809175,1704809197,22
frontier01557,1704809204,1704809272,68
frontier01558,1704809325,1704809593,268
frontier01559,1704809345,1704809605,260
frontier01560,1704809587,1704809654,67
frontier01561,1704809163,1704809178,15
frontier01562,1704809344,1704809414,70
frontier01563,1704809345,1704809413,68
frontier01564,1704809594,1704809656,62
frontier01565,1704809222,1704809271,49
frontier01566,1704809580,1704809650,70
frontier01567,1704809285,1704809328,43
frontier01568,1704809232,1704809265,33
frontier01569,1704809586,1704809654,68
frontier01570,1704809343,1704809605,262
frontier01571,1704809223,1704809270,47
frontier01572,1704809163,1704809183,20
frontier01573,1704809325,1704809410,85
frontier01574,1704809654,1704809659,5
frontier01575,1704809602,1704809657,55
frontier01576,1704809586,1704809652,66
frontier01577,1704809367,1704809581,214
frontier01578,1704809654,1704809659,5
frontier01579,1704809344,1704809584,240
frontier01580,1704809580,1704809652,72
frontier01581,1704809203,1704809272,69
frontier01582,1704809602,1704809656,54
frontier01583,1704809224,1704809268,44
frontier01584,1704809602,1704809657,55
frontier01585,1704809345,1704809607,262
frontier01586,1704809602,1704809656,54
frontier01587,1704809306,1704809583,277
frontier01588,1704809345,1704809413,68
frontier01589,1704809236,1704809297,61
frontier01590,1704809285,1704809328,43
frontier01591,1704809593,1704809656,63
frontier01592,1704809588,1704809653,65
frontier01593,1704809576,1704809652,76
frontier01594,1704809314,1704809372,58
frontier01595,1704809581,1704809653,72
frontier01596,1704809228,1704809271,43
frontier01597,1704809602,1704809657,55
frontier01598,1704809589,1704809654,65
frontier01601,1704809592,1704809657,65
frontier01603,1704809325,1704809592,267
frontier01604,1704809221,1704809262,41
frontier01605,1704809293,1704809328,35
frontier01606,1704809164,1704809177,13
frontier01607,1704809576,1704809650,74
frontier01608,1704809602,1704809657,55
frontier01609,1704809345,1704809580,235
frontier01610,1704809228,1704809271,43
frontier01611,1704809581,1704809653,72
frontier01612,1704809306,1704809588,282
frontier01613,1704809316,1704809594,278
frontier01614,1704809601,1704809656,55
frontier01615,1704809314,1704809370,56
frontier01616,1704809586,1704809653,67
frontier01617,1704809163,1704809179,16
frontier01618,1704809222,1704809269,47
frontier01619,1704809593,1704809656,63
frontier01620,1704809343,1704809606,263
frontier01621,1704809604,1704809657,53
frontier01622,1704809654,1704809659,5
frontier01623,1704809601,1704809656,55
frontier01624,1704809344,1704809567,223
frontier01625,1704809581,1704809653,72
frontier01626,1704809233,1704809277,44
frontier01627,1704809593,1704809656,63
frontier01628,1704809275,1704809325,50
frontier01629,1704809285,1704809328,43
frontier01630,1704809232,1704809264,32
frontier01631,1704809602,1704809656,54
frontier01632,1704809204,1704809272,68
frontier01633,1704809344,1704809413,69
frontier01634,1704809592,1704809656,64
frontier01635,1704809345,1704809587,242
frontier01636,1704809267,1704809324,57
frontier01637,1704809367,1704809586,219
frontier01638,1704809367,1704809601,234
frontier01641,1704809602,1704809657,55
frontier01642,1704809367,1704809606,239
frontier01643,1704809602,1704809656,54
frontier01644,1704809345,1704809581,236
frontier01645,1704809232,1704809277,45
frontier01646,1704809586,1704809653,67
frontier01647,1704809345,1704809605,260
frontier01649,1704809367,1704809592,225
frontier01650,1704809314,1704809592,278
frontier01651,1704809232,1704809274,42
frontier01653,1704809222,1704809267,45
frontier01654,1704809580,1704809652,72
frontier01656,1704809221,1704809263,42
frontier01657,1704809654,1704809659,5
frontier01658,1704809592,1704809656,64
frontier01659,1704809325,1704809583,258
frontier01662,1704809222,1704809265,43
frontier01663,1704809232,1704809276,44
frontier01664,1704809344,1704809593,249
frontier01665,1704809604,1704809658,54
frontier01666,1704809110,1704809127,17
frontier01668,1704809099,1704809118,19
frontier01669,1704809110,1704809130,20
frontier01670,1704809103,1704809121,18
frontier01671,1704809232,1704809274,42
frontier01672,1704809158,1704809164,6
frontier01673,1704809161,1704809179,18
frontier01674,1704809110,1704809126,16
frontier01675,1704809110,1704809126,16
frontier01676,1704809110,1704809131,21
frontier01677,1704809130,1704809163,33
frontier01678,1704809112,1704809131,19
frontier01679,1704809343,1704809605,262
frontier01680,1704809344,1704809413,69
frontier01681,1704809110,1704809130,20
frontier01682,1704809110,1704809130,20
frontier01683,1704809580,1704809649,69
frontier01686,1704809130,1704809163,33
frontier01687,1704809101,1704809121,20
frontier01688,1704809132,1704809162,30
frontier01689,1704809654,1704809659,5
frontier01690,1704809604,1704809656,52
frontier01691,1704809602,1704809657,55
frontier01692,1704809130,1704809163,33
frontier01693,1704809346,1704809613,267
frontier01694,1704809222,1704809265,43
frontier01695,1704809130,1704809163,33
frontier01696,1704809217,1704809272,55
frontier01697,1704809100,1704809120,20
frontier01698,1704809130,1704809162,32
frontier01699,1704809110,1704809130,20
frontier01700,1704809602,1704809656,54
frontier01701,1704809110,1704809131,21
frontier01702,1704809103,1704809130,27
frontier01703,1704809602,1704809656,54
frontier01704,1704809603,1704809657,54
frontier01705,1704809280,1704809328,48
frontier01706,1704809602,1704809657,55
frontier01707,1704809602,1704809657,55
frontier01708,1704809325,1704809413,88
frontier01709,1704809325,1704809583,258
frontier01710,1704809232,1704809274,42
frontier01711,1704809232,1704809275,43
frontier01712,1704809276,1704809325,49
frontier01713,1704809130,1704809161,31
frontier01714,1704809602,1704809656,54
frontier01715,1704809586,1704809653,67
frontier01716,1704809285,1704809328,43
frontier01717,1704809604,1704809656,52
frontier01718,1704809344,1704809413,69
frontier01719,1704809293,1704809328,35
frontier01720,1704809602,1704809656,54
frontier01721,1704809602,1704809657,55
frontier01722,1704809345,1704809581,236
frontier01723,1704809315,1704809605,290
frontier01724,1704809112,1704809129,17
frontier01725,1704809346,1704809580,234
frontier01726,1704809345,1704809588,243
frontier01727,1704809588,1704809654,66
frontier01728,1704809604,1704809658,54
frontier01730,1704809602,1704809657,55
frontier01731,1704809345,1704809606,261
frontier01732,1704809602,1704809657,55
frontier01733,1704809202,1704809263,61
frontier01734,1704809602,1704809657,55
frontier01735,1704809132,1704809162,30
frontier01736,1704809103,1704809118,15
frontier01737,1704809586,1704809653,67
frontier01738,1704809107,1704809121,14
frontier01739,1704809130,1704809160,30
frontier01740,1704809110,1704809131,21
frontier01741,1704809285,1704809328,43
frontier01742,1704809203,1704809272,69
frontier01744,1704809110,1704809131,21
frontier01745,1704809326,1704809606,280
frontier01746,1704809654,1704809659,5
frontier01747,1704809111,1704809132,21
frontier01749,1704809266,1704809324,58
frontier01750,1704809218,1704809272,54
frontier01751,1704809367,1704809600,233
frontier01752,1704809204,1704809263,59
frontier01753,1704809293,1704809328,35
frontier01754,1704809343,1704809605,262
frontier01755,1704809576,1704809653,77
frontier01756,1704809316,1704809604,288
frontier01757,1704809581,1704809653,72
frontier01758,1704809203,1704809263,60
frontier01759,1704809594,1704809656,62
frontier01760,1704809591,1704809657,66
frontier01761,1704809345,1704809587,242
frontier01762,1704809325,1704809580,255
frontier01763,1704809325,1704809594,269
frontier01764,1704809222,1704809266,44
frontier01765,1704809576,1704809652,76
frontier01766,1704809203,1704809271,68
frontier01767,1704809325,1704809592,267
frontier01768,1704809602,1704809656,54
frontier01769,1704809345,1704809605,260
frontier01770,1704809602,1704809656,54
frontier01771,1704809326,1704809413,87
frontier01772,1704809602,1704809657,55
frontier01773,1704809197,1704809250,53
frontier01774,1704809293,1704809328,35
frontier01775,1704809589,1704809655,66
frontier01776,1704809367,1704809606,239
frontier01777,1704809325,1704809593,268
frontier01778,1704809604,1704809656,52
frontier01779,1704809280,1704809328,48
frontier01780,1704809345,1704809581,236
frontier01781,1704809580,1704809649,69
frontier01783,1704809654,1704809659,5
frontier01784,1704809602,1704809657,55
frontier01785,1704809249,1704809295,46
frontier01786,1704809601,1704809656,55
frontier01788,1704809203,1704809272,69
frontier01791,1704809198,1704809221,23
frontier01793,1704809325,1704809571,246
frontier01794,1704809604,1704809656,52
frontier01796,1704809325,1704809585,260
frontier01797,1704809285,1704809328,43
frontier01798,1704809602,1704809657,55
frontier01799,1704809367,1704809606,239
frontier01800,1704809602,1704809657,55
frontier01801,1704809343,1704809605,262
frontier01802,1704809594,1704809656,62
frontier01803,1704809163,1704809179,16
frontier01804,1704809367,1704809606,239
frontier01805,1704809163,1704809178,15
frontier01807,1704809202,1704809261,59
frontier01808,1704809604,1704809656,52
frontier01809,1704809306,1704809593,287
frontier01810,1704809275,1704809325,50
frontier01811,1704809654,1704809659,5
frontier01813,1704809285,1704809328,43
frontier01814,1704809326,1704809605,279
frontier01815,1704809306,1704809592,286
frontier01817,1704809593,1704809656,63
frontier01819,1704809594,1704809656,62
frontier01820,1704809594,1704809657,63
frontier01821,1704809285,1704809328,43
frontier01823,1704809232,1704809297,65
frontier01824,1704809343,1704809576,233
frontier01825,1704809223,1704809275,52
frontier01826,1704809367,1704809605,238
frontier01827,1704809233,1704809277,44
frontier01828,1704809198,1704809222,24
frontier01829,1704809313,1704809570,257
frontier01830,1704809586,1704809654,68
frontier01831,1704809586,1704809654,68
frontier01832,1704809336,1704809583,247
frontier01833,1704809325,1704809602,277
frontier01834,1704809232,1704809265,33
frontier01835,1704809158,1704809164,6
frontier01836,1704809325,1704809586,261
frontier01837,1704809345,1704809588,243
frontier01838,1704809323,1704809594,271
frontier01839,1704809345,1704809606,261
frontier01840,1704809222,1704809268,46
frontier01841,1704809223,1704809272,49
frontier01842,1704809232,1704809297,65
frontier01843,1704809267,1704809324,57
frontier01844,1704809265,1704809306,41
frontier01845,1704809589,1704809656,67
frontier01846,1704809198,1704809235,37
frontier01847,1704809198,1704809222,24
frontier01848,1704809313,1704809594,281
frontier01849,1704809586,1704809653,67
frontier01850,1704809130,1704809156,26
frontier01851,1704809101,1704809121,20
frontier01852,1704809110,1704809131,21
frontier01853,1704809107,1704809121,14
frontier01854,1704809204,1704809272,68
frontier01855,1704809110,1704809127,17
frontier01856,1704809588,1704809654,66
frontier01857,1704809128,1704809161,33
frontier01858,1704809111,1704809131,20
frontier01859,1704809111,1704809132,21
frontier01860,1704809101,1704809130,29
frontier01863,1704809112,1704809131,19
frontier01864,1704809232,1704809275,43
frontier01865,1704809367,1704809413,46
frontier01866,1704809117,1704809129,12
frontier01867,1704809132,1704809162,30
frontier01868,1704809654,1704809659,5
frontier01869,1704809112,1704809133,21
frontier01870,1704809110,1704809127,17
frontier01871,1704809325,1704809594,269
frontier01872,1704809222,1704809264,42
frontier01873,1704809602,1704809656,54
frontier01874,1704809316,1704809586,270
frontier01876,1704809130,1704809162,32
frontier01877,1704809199,1704809221,22
frontier01878,1704809586,1704809649,63
frontier01879,1704809110,1704809131,21
frontier01880,1704809654,1704809659,5
frontier01881,1704809132,1704809162,30
frontier01882,1704809164,1704809172,8
frontier01883,1704809298,1704809316,18
frontier01884,1704809274,1704809325,51
frontier01885,1704809163,1704809183,20
frontier01886,1704809345,1704809607,262
frontier01887,1704809592,1704809657,65
frontier01888,1704809581,1704809653,72
frontier01889,1704809202,1704809261,59
frontier01890,1704809345,1704809606,261
frontier01891,1704809130,1704809163,33
frontier01892,1704809345,1704809601,256
frontier01893,1704809130,1704809163,33
frontier01894,1704809581,1704809653,72
frontier01895,1704809198,1704809222,24
frontier01896,1704809604,1704809657,53
frontier01897,1704809112,1704809132,20
frontier01898,1704809367,1704809592,225
frontier01899,1704809345,1704809607,262
frontier01900,1704809592,1704809656,64
frontier01901,1704809113,1704809129,16
frontier01902,1704809202,1704809262,60
frontier01903,1704809604,1704809657,53
frontier01904,1704809346,1704809606,260
frontier01905,1704809221,1704809264,43
frontier01908,1704809344,1704809588,244
frontier01909,1704809345,1704809607,262
frontier01910,1704809232,1704809275,43
frontier01912,1704809604,1704809656,52
frontier01913,1704809232,1704809277,45
frontier01914,1704809344,1704809588,244
frontier01915,1704809588,1704809653,65
frontier01916,1704809602,1704809657,55
frontier01917,1704809223,1704809270,47
frontier01918,1704809285,1704809328,43
frontier01919,1704809576,1704809652,76
frontier01921,1704809602,1704809657,55
frontier01922,1704809325,1704809592,267
frontier01924,1704809110,1704809131,21
frontier01925,1704809325,1704809592,267
frontier01926,1704809343,1704809605,262
frontier01927,1704809218,1704809272,54
frontier01928,1704809296,1704809316,20
frontier01929,1704809654,1704809659,5
frontier01930,1704809594,1704809656,62
frontier01931,1704809343,1704809579,236
frontier01932,1704809581,1704809653,72
frontier01933,1704809312,1704809608,296
frontier01934,1704809336,1704809588,252
frontier01935,1704809175,1704809197,22
frontier01936,1704809224,1704809276,52
frontier01937,1704809604,1704809657,53
frontier01938,1704809592,1704809656,64
frontier01940,1704809602,1704809657,55
frontier01941,1704809296,1704809580,284
frontier01942,1704809602,1704809657,55
frontier01944,1704809281,1704809328,47
frontier01945,1704809225,1704809297,72
frontier01947,1704809580,1704809650,70
frontier01949,1704809325,1704809413,88
frontier01950,1704809576,1704809650,74
frontier01951,1704809215,1704809269,54
frontier01952,1704809233,1704809285,52
frontier01953,1704809586,1704809653,67
frontier01954,1704809580,1704809652,72
frontier01955,1704809605,1704809659,54
frontier01956,1704809586,1704809654,68
frontier01957,1704809604,1704809656,52
frontier01958,1704809580,1704809650,70
frontier01959,1704809602,1704809656,54
frontier01960,1704809202,1704809263,61
frontier01961,1704809158,1704809163,5
frontier01962,1704809314,1704809635,321
frontier01963,1704809199,1704809221,22
frontier01964,1704809346,1704809636,290
frontier01965,1704809306,1704809316,10
frontier01966,1704809313,1704809604,291
frontier01967,1704809158,1704809163,5
frontier01968,1704809345,1704809582,237
frontier01971,1704809285,1704809329,44
frontier01972,1704809602,1704809656,54
frontier01973,1704809604,1704809657,53
frontier01974,1704809327,1704809608,281
frontier01975,1704809604,1704809656,52
frontier01976,1704809225,1704809296,71
frontier01977,1704809198,1704809223,25
frontier01978,1704809264,1704809323,59
frontier01979,1704809602,1704809656,54
frontier01980,1704809602,1704809656,54
frontier01981,1704809326,1704809582,256
frontier01982,1704809203,1704809265,62
frontier01983,1704809285,1704809328,43
frontier01985,1704809589,1704809655,66
frontier01986,1704809654,1704809659,5
frontier01987,1704809344,1704809591,247
frontier01988,1704809296,1704809316,20
frontier01989,1704809202,1704809262,60
frontier01990,1704809198,1704809223,25
frontier01991,1704809604,1704809656,52
frontier01992,1704809233,1704809285,52
frontier01993,1704809223,1704809272,49
frontier01994,1704809306,1704809593,287
frontier01995,1704809367,1704809594,227
frontier01996,1704809602,1704809657,55
frontier01997,1704809285,1704809576,291
frontier01998,1704809198,1704809223,25
frontier01999,1704809233,1704809286,53
frontier02000,1704809602,1704809656,54
frontier02002,1704809232,1704809294,62
frontier02003,1704809594,1704809656,62
frontier02004,1704809602,1704809657,55
frontier02005,1704809586,1704809654,68
frontier02006,1704809369,1704809636,267
frontier02007,1704809325,1704809390,65
frontier02008,1704809327,1704809577,250
frontier02009,1704809604,1704809657,53
frontier02010,1704809164,1704809177,13
frontier02011,1704809249,1704809298,49
frontier02012,1704809593,1704809657,64
frontier02013,1704809198,1704809223,25
frontier02014,1704809586,1704809653,67
frontier02015,1704809296,1704809316,20
frontier02016,1704809602,1704809657,55
frontier02017,1704809654,1704809659,5
frontier02018,1704809286,1704809581,295
frontier02019,1704809264,1704809323,59
frontier02020,1704809306,1704809607,301
frontier02021,1704809203,1704809263,60
frontier02022,1704809175,1704809178,3
frontier02023,1704809232,1704809275,43
frontier02024,1704809602,1704809657,55
frontier02025,1704809345,1704809582,237
frontier02026,1704809232,1704809267,35
frontier02027,1704809325,1704809583,258
frontier02029,1704809602,1704809656,54
frontier02030,1704809110,1704809127,17
frontier02031,1704809325,1704809604,279
frontier02033,1704809344,1704809583,239
frontier02035,1704809232,1704809274,42
frontier02036,1704809110,1704809131,21
frontier02038,1704809285,1704809390,105
frontier02039,1704809110,1704809131,21
frontier02040,1704809107,1704809121,14
frontier02041,1704809589,1704809655,66
frontier02042,1704809110,1704809130,20
frontier02043,1704809285,1704809328,43
frontier02044,1704809130,1704809163,33
frontier02045,1704809130,1704809162,32
frontier02046,1704809101,1704809127,26
frontier02049,1704809110,1704809131,21
frontier02050,1704809110,1704809131,21
frontier02052,1704809344,1704809588,244
frontier02053,1704809232,1704809296,64
frontier02054,1704809130,1704809163,33
frontier02055,1704809110,1704809130,20
frontier02056,1704809215,1704809272,57
frontier02057,1704809111,1704809132,21
frontier02058,1704809130,1704809162,32
frontier02059,1704809110,1704809127,17
frontier02060,1704809654,1704809659,5
frontier02061,1704809233,1704809286,53
frontier02062,1704809285,1704809328,43
frontier02063,1704809164,1704809177,13
frontier02064,1704809593,1704809656,63
frontier02065,1704809203,1704809272,69
frontier02068,1704809110,1704809130,20
frontier02069,1704809232,1704809276,44
frontier02070,1704809367,1704809605,238
frontier02071,1704809344,1704809581,237
frontier02072,1704809130,1704809162,32
frontier02074,1704809344,1704809580,236
frontier02075,1704809345,1704809606,261
frontier02076,1704809117,1704809129,12
frontier02077,1704809592,1704809656,64
frontier02078,1704809604,1704809657,53
frontier02080,1704809203,1704809270,67
frontier02081,1704809285,1704809328,43
frontier02082,1704809110,1704809130,20
frontier02083,1704809602,1704809656,54
frontier02084,1704809102,1704809118,16
frontier02085,1704809654,1704809659,5
frontier02086,1704809325,1704809606,281
frontier02087,1704809293,1704809367,74
frontier02088,1704809110,1704809131,21
frontier02089,1704809325,1704809606,281
frontier02090,1704809593,1704809657,64
frontier02091,1704809602,1704809656,54
frontier02092,1704809130,1704809163,33
frontier02095,1704809602,1704809656,54
frontier02096,1704809602,1704809657,55
frontier02097,1704809602,1704809656,54
frontier02098,1704809222,1704809266,44
frontier02099,1704809367,1704809607,240
frontier02100,1704809367,1704809607,240
frontier02101,1704809110,1704809127,17
frontier02103,1704809345,1704809580,235
frontier02104,1704809225,1704809269,44
frontier02105,1704809293,1704809328,35
frontier02106,1704809164,1704809176,12
frontier02107,1704809602,1704809656,54
frontier02108,1704809367,1704809594,227
frontier02109,1704809347,1704809591,244
frontier02110,1704809221,1704809267,46
frontier02111,1704809203,1704809272,69
frontier02112,1704809285,1704809328,43
frontier02113,1704809274,1704809325,51
frontier02114,1704809110,1704809131,21
frontier02115,1704809249,1704809298,49
frontier02116,1704809586,1704809653,67
frontier02117,1704809306,1704809605,299
frontier02118,1704809218,1704809271,53
frontier02119,1704809325,1704809593,268
frontier02120,1704809586,1704809654,68
frontier02121,1704809198,1704809221,23
frontier02122,1704809367,1704809592,225
frontier02123,1704809232,1704809266,34
frontier02124,1704809345,1704809587,242
frontier02125,1704809369,1704809624,255
frontier02126,1704809604,1704809656,52
frontier02127,1704809602,1704809656,54
frontier02128,1704809198,1704809226,28
frontier02129,1704809199,1704809263,64
frontier02130,1704809602,1704809656,54
frontier02131,1704809654,1704809659,5
frontier02132,1704809222,1704809270,48
frontier02133,1704809654,1704809659,5
frontier02134,1704809581,1704809653,72
frontier02135,1704809604,1704809657,53
frontier02136,1704809602,1704809656,54
frontier02137,1704809232,1704809264,32
frontier02138,1704809600,1704809656,56
frontier02139,1704809368,1704809607,239
frontier02140,1704809325,1704809602,277
frontier02141,1704809602,1704809657,55
frontier02142,1704809586,1704809653,67
frontier02147,1704809344,1704809588,244
frontier02148,1704809346,1704809637,291
frontier02149,1704809325,1704809592,267
frontier02150,1704809345,1704809606,261
frontier02151,1704809345,1704809581,236
frontier02152,1704809586,1704809656,70
frontier02153,1704809344,1704809587,243
frontier02154,1704809602,1704809656,54
frontier02155,1704809604,1704809657,53
frontier02156,1704809198,1704809223,25
frontier02157,1704809313,1704809606,293
frontier02158,1704809269,1704809324,55
frontier02159,1704809232,1704809277,45
frontier02160,1704809369,1704809636,267
frontier02161,1704809293,1704809328,35
frontier02164,1704809285,1704809582,297
frontier02165,1704809605,1704809658,53
frontier02166,1704809594,1704809657,63
frontier02167,1704809306,1704809327,21
frontier02168,1704809602,1704809656,54
frontier02169,1704809602,1704809656,54
frontier02170,1704809249,1704809296,47
frontier02171,1704809202,1704809263,61
frontier02172,1704809580,1704809653,73
frontier02173,1704809285,1704809328,43
frontier02174,1704809325,1704809588,263
frontier02175,1704809603,1704809656,53
frontier02176,1704809175,1704809197,22
frontier02178,1704809286,1704809328,42
frontier02179,1704809264,1704809323,59
frontier02180,1704809232,1704809297,65
frontier02181,1704809223,1704809268,45
frontier02182,1704809223,1704809269,46
frontier02183,1704809224,1704809271,47
frontier02184,1704809232,1704809296,64
frontier02185,1704809367,1704809606,239
frontier02187,1704809604,1704809656,52
frontier02188,1704809602,1704809657,55
frontier02190,1704809198,1704809223,25
frontier02196,1704809203,1704809271,68
frontier02197,1704809223,1704809267,44
frontier02200,1704809586,1704809653,67
frontier02201,1704809285,1704809328,43
frontier02203,1704809233,1704809277,44
frontier02204,1704809602,1704809656,54
frontier02205,1704809576,1704809650,74
frontier02206,1704809602,1704809657,55
frontier02207,1704809586,1704809654,68
frontier02208,1704809296,1704809316,20
frontier02209,1704809602,1704809656,54
frontier02210,1704809594,1704809656,62
frontier02211,1704809344,1704809581,237
frontier02213,1704809345,1704809592,247
frontier02214,1704809602,1704809657,55
frontier02216,1704809345,1704809594,249
frontier02217,1704809296,1704809315,19
frontier02219,1704809602,1704809657,55
frontier02220,1704809345,1704809602,257
frontier02221,1704809604,1704809658,54
frontier02222,1704809604,1704809656,52
frontier02223,1704809171,1704809177,6
frontier02224,1704809217,1704809272,55
frontier02225,1704809221,1704809263,42
frontier02226,1704809101,1704809120,19
frontier02227,1704809232,1704809296,64
frontier02228,1704809344,1704809580,236
frontier02229,1704809586,1704809655,69
frontier02230,1704809593,1704809657,64
frontier02231,1704809217,1704809272,55
frontier02232,1704809232,1704809265,33
frontier02233,1704809602,1704809657,55
frontier02234,1704809111,1704809133,22
frontier02235,1704809110,1704809131,21
frontier02236,1704809285,1704809579,294
frontier02237,1704809110,1704809127,17
frontier02238,1704809158,1704809176,18
frontier02241,1704809102,1704809121,19
frontier02242,1704809233,1704809276,43
frontier02243,1704809110,1704809130,20
frontier02244,1704809233,1704809286,53
frontier02245,1704809285,1704809328,43
frontier02246,1704809313,1704809605,292
frontier02247,1704809130,1704809162,32
frontier02248,1704809345,1704809605,260
frontier02249,1704809602,1704809656,54
frontier02250,1704809130,1704809163,33
frontier02251,1704809221,1704809270,49
frontier02252,1704809604,1704809656,52
frontier02253,1704809112,1704809129,17
frontier02254,1704809110,1704809130,20
frontier02255,1704809107,1704809121,14
frontier02256,1704809325,1704809582,257
frontier02257,1704809588,1704809653,65
frontier02258,1704809603,1704809656,53
frontier02259,1704809103,1704809130,27
frontier02260,1704809225,1704809268,43
frontier02261,1704809367,1704809591,224
frontier02262,1704809249,1704809299,50
frontier02263,1704809580,1704809649,69
frontier02264,1704809130,1704809163,33
frontier02265,1704809110,1704809127,17
frontier02266,1704809105,1704809120,15
frontier02267,1704809654,1704809659,5
frontier02268,1704809249,1704809295,46
frontier02269,1704809130,1704809163,33
frontier02270,1704809586,1704809653,67
frontier02271,1704809602,1704809656,54
frontier02272,1704809249,1704809295,46
frontier02273,1704809602,1704809656,54
frontier02274,1704809105,1704809130,25
frontier02275,1704809325,1704809593,268
frontier02276,1704809130,1704809161,31
frontier02277,1704809576,1704809650,74
frontier02278,1704809587,1704809653,66
frontier02279,1704809586,1704809654,68
frontier02280,1704809110,1704809131,21
frontier02282,1704809345,1704809605,260
frontier02284,1704809602,1704809656,54
frontier02285,1704809589,1704809655,66
frontier02286,1704809199,1704809260,61
frontier02287,1704809604,1704809657,53
frontier02288,1704809367,1704809576,209
frontier02289,1704809323,1704809411,88
frontier02290,1704809602,1704809656,54
frontier02291,1704809367,1704809607,240
frontier02292,1704809654,1704809659,5
frontier02293,1704809204,1704809272,68
frontier02294,1704809325,1704809593,268
frontier02295,1704809130,1704809163,33
frontier02296,1704809325,1704809412,87
frontier02297,1704809158,1704809176,18
frontier02298,1704809285,1704809328,43
frontier02299,1704809344,1704809581,237
frontier02300,1704809202,1704809263,61
frontier02301,1704809580,1704809649,69
frontier02302,1704809285,1704809328,43
frontier02305,1704809130,1704809163,33
frontier02307,1704809107,1704809121,14
frontier02308,1704809198,1704809223,25
frontier02309,1704809198,1704809222,24
frontier02310,1704809315,1704809601,286
frontier02311,1704809602,1704809657,55
frontier02312,1704809225,1704809269,44
frontier02313,1704809346,1704809606,260
frontier02314,1704809345,1704809584,239
frontier02315,1704809345,1704809413,68
frontier02316,1704809368,1704809636,268
frontier02317,1704809604,1704809656,52
frontier02318,1704809278,1704809327,49
frontier02319,1704809164,1704809181,17
frontier02320,1704809346,1704809614,268
frontier02321,1704809203,1704809263,60
frontier02322,1704809344,1704809581,237
frontier02323,1704809222,1704809262,40
frontier02324,1704809345,1704809413,68
frontier02325,1704809345,1704809413,68
frontier02327,1704809306,1704809605,299
frontier02328,1704809602,1704809656,54
frontier02331,1704809345,1704809606,261
frontier02332,1704809222,1704809268,46
frontier02334,1704809221,1704809260,39
frontier02335,1704809221,1704809261,40
frontier02336,1704809345,1704809605,260
frontier02337,1704809296,1704809316,20
frontier02338,1704809604,1704809656,52
frontier02339,1704809306,1704809589,283
frontier02340,1704809232,1704809276,44
frontier02341,1704809345,1704809605,260
frontier02343,1704809602,1704809657,55
frontier02344,1704809604,1704809656,52
frontier02345,1704809367,1704809607,240
frontier02346,1704809326,1704809579,253
frontier02347,1704809233,1704809297,64
frontier02348,1704809232,1704809266,34
frontier02349,1704809602,1704809656,54
frontier02350,1704809593,1704809656,63
frontier02351,1704809345,1704809607,262
frontier02352,1704809600,1704809657,57
frontier02355,1704809232,1704809276,44
frontier02356,1704809344,1704809587,243
frontier02357,1704809323,1704809413,90
frontier02358,1704809604,1704809656,52
frontier02359,1704809580,1704809653,73
frontier02361,1704809323,1704809589,266
frontier02362,1704809325,1704809584,259
frontier02363,1704809345,1704809592,247
frontier02365,1704809344,1704809587,243
frontier02366,1704809576,1704809650,74
frontier02367,1704809198,1704809223,25
frontier02368,1704809594,1704809656,62
frontier02369,1704809325,1704809589,264
frontier02370,1704809345,1704809602,257
frontier02371,1704809345,1704809608,263
frontier02372,1704809296,1704809316,20
frontier02373,1704809198,1704809223,25
frontier02374,1704809367,1704809607,240
frontier02375,1704809314,1704809607,293
frontier02376,1704809589,1704809655,66
frontier02377,1704809369,1704809636,267
frontier02378,1704809176,1704809198,22
frontier02379,1704809586,1704809649,63
frontier02380,1704809604,1704809656,52
frontier02381,1704809232,1704809265,33
frontier02382,1704809224,1704809277,53
frontier02383,1704809346,1704809636,290
frontier02384,1704809293,1704809328,35
frontier02385,1704809325,1704809593,268
frontier02386,1704809604,1704809656,52
frontier02387,1704809267,1704809324,57
frontier02388,1704809586,1704809653,67
frontier02389,1704809224,1704809270,46
frontier02390,1704809345,1704809592,247
frontier02391,1704809580,1704809649,69
frontier02392,1704809594,1704809656,62
frontier02393,1704809586,1704809653,67
frontier02394,1704809203,1704809261,58
frontier02395,1704809204,1704809273,69
frontier02397,1704809586,1704809653,67
frontier02400,1704809586,1704809653,67
frontier02401,1704809233,1704809291,58
frontier02402,1704809602,1704809657,55
frontier02403,1704809602,1704809657,55
frontier02404,1704809285,1704809329,44
frontier02405,1704809588,1704809654,66
frontier02406,1704809345,1704809605,260
frontier02407,1704809285,1704809328,43
frontier02408,1704809344,1704809588,244
frontier02409,1704809326,1704809576,250
frontier02410,1704809202,1704809261,59
frontier02411,1704809216,1704809271,55
frontier02412,1704809367,1704809605,238
frontier02413,1704809276,1704809326,50
frontier02414,1704809163,1704809175,12
frontier02415,1704809592,1704809656,64
frontier02416,1704809164,1704809177,13
frontier02417,1704809232,1704809286,54
frontier02418,1704809576,1704809649,73
frontier02419,1704809325,1704809593,268
frontier02420,1704809101,1704809117,16
frontier02421,1704809130,1704809161,31
frontier02422,1704809263,1704809324,61
frontier02423,1704809110,1704809130,20
frontier02424,1704809346,1704809613,267
frontier02425,1704809110,1704809131,21
frontier02426,1704809198,1704809223,25
frontier02427,1704809158,1704809164,6
frontier02428,1704809198,1704809222,24
frontier02429,1704809325,1704809588,263
frontier02432,1704809346,1704809635,289
frontier02433,1704809103,1704809117,14
frontier02435,1704809345,1704809606,261
frontier02436,1704809326,1704809593,267
frontier02437,1704809110,1704809131,21
frontier02438,1704809654,1704809659,5
frontier02439,1704809163,1704809177,14
frontier02440,1704809164,1704809197,33
frontier02441,1704809110,1704809127,17
frontier02442,1704809654,1704809659,5
frontier02443,1704809367,1704809607,240
frontier02444,1704809576,1704809650,74
frontier02445,1704809203,1704809271,68
frontier02446,1704809107,1704809121,14
frontier02447,1704809589,1704809655,66
frontier02448,1704809175,1704809197,22
frontier02449,1704809155,1704809164,9
frontier02452,1704809580,1704809649,69
frontier02453,1704809203,1704809262,59
frontier02454,1704809101,1704809118,17
frontier02455,1704809285,1704809587,302
frontier02456,1704809602,1704809656,54
frontier02457,1704809110,1704809130,20
frontier02458,1704809345,1704809576,231
frontier02459,1704809344,1704809582,238
frontier02461,1704809345,1704809605,260
frontier02462,1704809602,1704809656,54
frontier02463,1704809602,1704809656,54
frontier02464,1704809602,1704809657,55
frontier02465,1704809345,1704809581,236
frontier02466,1704809225,1704809265,40
frontier02467,1704809580,1704809653,73
frontier02468,1704809576,1704809653,77
frontier02469,1704809345,1704809579,234
frontier02470,1704809110,1704809131,21
frontier02471,1704809589,1704809655,66
frontier02472,1704809315,1704809605,290
frontier02473,1704809315,1704809605,290
frontier02474,1704809312,1704809583,271
frontier02475,1704809306,1704809328,22
frontier02476,1704809606,1704809659,53
frontier02479,1704809591,1704809656,65
frontier02480,1704809602,1704809656,54
frontier02481,1704809601,1704809656,55
frontier02482,1704809592,1704809657,65
frontier02483,1704809316,1704809579,263
frontier02484,1704809204,1704809266,62
frontier02485,1704809265,1704809323,58
frontier02486,1704809203,1704809269,66
frontier02487,1704809325,1704809593,268
frontier02489,1704809602,1704809657,55
frontier02490,1704809199,1704809262,63
frontier02491,1704809654,1704809659,5
frontier02492,1704809576,1704809649,73
frontier02493,1704809325,1704809592,267
frontier02494,1704809367,1704809606,239
frontier02497,1704809654,1704809659,5
frontier02498,1704809586,1704809652,66
frontier02499,1704809232,1704809273,41
frontier02500,1704809267,1704809324,57
frontier02501,1704809280,1704809316,36
frontier02502,1704809345,1704809593,248
frontier02503,1704809232,1704809275,43
frontier02504,1704809604,1704809656,52
frontier02505,1704809218,1704809270,52
frontier02506,1704809249,1704809298,49
frontier02507,1704809323,1704809583,260
frontier02508,1704809233,1704809275,42
frontier02509,1704809232,1704809277,45
frontier02510,1704809313,1704809583,270
frontier02511,1704809325,1704809593,268
frontier02512,1704809604,1704809656,52
frontier02513,1704809602,1704809657,55
frontier02514,1704809232,1704809296,64
frontier02515,1704809602,1704809657,55
frontier02516,1704809278,1704809328,50
frontier02517,1704809202,1704809263,61
frontier02518,1704809602,1704809656,54
frontier02519,1704809602,1704809656,54
frontier02520,1704809285,1704809328,43
frontier02521,1704809217,1704809271,54
frontier02522,1704809604,1704809657,53
frontier02523,1704809343,1704809606,263
frontier02524,1704809581,1704809653,72
frontier02525,1704809367,1704809605,238
frontier02526,1704809232,1704809277,45
frontier02528,1704809344,1704809594,250
frontier02529,1704809581,1704809653,72
frontier02530,1704809232,1704809277,45
frontier02531,1704809293,1704809328,35
frontier02532,1704809217,1704809272,55
frontier02533,1704809264,1704809323,59
frontier02534,1704809580,1704809653,73
frontier02535,1704809605,1704809658,53
frontier02536,1704809586,1704809655,69
frontier02537,1704809316,1704809579,263
frontier02538,1704809204,1704809273,69
frontier02539,1704809586,1704809653,67
frontier02541,1704809198,1704809235,37
frontier02542,1704809202,1704809262,60
frontier02544,1704809232,1704809276,44
frontier02545,1704809325,1704809594,269
frontier02546,1704809314,1704809593,279
frontier02547,1704809602,1704809656,54
frontier02548,1704809232,1704809297,65
frontier02549,1704809232,1704809276,44
frontier02550,1704809285,1704809328,43
frontier02551,1704809602,1704809656,54
frontier02552,1704809602,1704809657,55
frontier02553,1704809602,1704809656,54
frontier02554,1704809346,1704809594,248
frontier02555,1704809602,1704809656,54
frontier02556,1704809232,1704809275,43
frontier02557,1704809198,1704809223,25
frontier02558,1704809367,1704809606,239
frontier02561,1704809198,1704809223,25
frontier02563,1704809654,1704809659,5
frontier02564,1704809220,1704809273,53
frontier02565,1704809204,1704809263,59
frontier02566,1704809600,1704809656,56
frontier02567,1704809280,1704809328,48
frontier02568,1704809222,1704809263,41
frontier02569,1704809654,1704809659,5
frontier02570,1704809602,1704809656,54
frontier02571,1704809163,1704809198,35
frontier02572,1704809586,1704809652,66
frontier02573,1704809368,1704809594,226
frontier02574,1704809233,1704809286,53
frontier02575,1704809592,1704809656,64
frontier02578,1704809602,1704809656,54
frontier02579,1704809345,1704809594,249
frontier02580,1704809602,1704809657,55
frontier02581,1704809203,1704809261,58
frontier02582,1704809285,1704809328,43
frontier02583,1704809367,1704809593,226
frontier02584,1704809602,1704809656,54
frontier02585,1704809602,1704809656,54
frontier02586,1704809602,1704809657,55
frontier02587,1704809367,1704809581,214
frontier02588,1704809586,1704809653,67
frontier02589,1704809278,1704809328,50
frontier02590,1704809176,1704809198,22
frontier02591,1704809198,1704809223,25
frontier02592,1704809368,1704809606,238
frontier02593,1704809232,1704809293,61
frontier02594,1704809203,1704809271,68
frontier02595,1704809604,1704809658,54
frontier02596,1704809222,1704809267,45
frontier02597,1704809602,1704809657,55
frontier02598,1704809603,1704809657,54
frontier02599,1704809367,1704809607,240
frontier02600,1704809588,1704809654,66
frontier02601,1704809325,1704809588,263
frontier02602,1704809326,1704809580,254
frontier02603,1704809218,1704809272,54
frontier02606,1704809222,1704809268,46
frontier02607,1704809587,1704809653,66
frontier02608,1704809103,1704809130,27
frontier02609,1704809177,1704809198,21
frontier02610,1704809110,1704809131,21
frontier02611,1704809117,1704809129,12
frontier02612,1704809280,1704809328,48
frontier02613,1704809130,1704809162,32
frontier02615,1704809221,1704809269,48
frontier02616,1704809110,1704809130,20
frontier02617,1704809112,1704809130,18
frontier02621,1704809604,1704809656,52
frontier02622,1704809110,1704809131,21
frontier02623,1704809110,1704809130,20
frontier02626,1704809602,1704809657,55
frontier02627,1704809602,1704809657,55
frontier02628,1704809110,1704809131,21
frontier02629,1704809346,1704809606,260
frontier02630,1704809602,1704809657,55
frontier02631,1704809101,1704809121,20
frontier02632,1704809130,1704809161,31
frontier02633,1704809110,1704809127,17
frontier02634,1704809222,1704809265,43
frontier02635,1704809604,1704809657,53
frontier02636,1704809586,1704809654,68
frontier02637,1704809600,1704809656,56
frontier02638,1704809346,1704809625,279
frontier02639,1704809586,1704809652,66
frontier02640,1704809130,1704809162,32
frontier02641,1704809367,1704809591,224
frontier02642,1704809110,1704809131,21
frontier02643,1704809130,1704809162,32
frontier02644,1704809110,1704809127,17
frontier02645,1704809604,1704809656,52
frontier02646,1704809103,1704809118,15
frontier02647,1704809110,1704809127,17
frontier02648,1704809285,1704809328,43
frontier02649,1704809344,1704809571,227
frontier02650,1704809313,1704809571,258
frontier02651,1704809280,1704809328,48
frontier02652,1704809107,1704809121,14
frontier02653,1704809367,1704809601,234
frontier02654,1704809325,1704809600,275
frontier02655,1704809604,1704809657,53
frontier02656,1704809296,1704809316,20
frontier02657,1704809654,1704809659,5
frontier02658,1704809215,1704809272,57
frontier02659,1704809602,1704809657,55
frontier02660,1704809580,1704809650,70
frontier02661,1704809576,1704809650,74
frontier02662,1704809175,1704809198,23
frontier02663,1704809323,1704809584,261
frontier02664,1704809345,1704809607,262
frontier02665,1704809285,1704809328,43
frontier02666,1704809264,1704809324,60
frontier02667,1704809602,1704809657,55
frontier02668,1704809586,1704809653,67
frontier02669,1704809345,1704809576,231
frontier02672,1704809587,1704809653,66
frontier02673,1704809280,1704809328,48
frontier02674,1704809367,1704809606,239
frontier02675,1704809367,1704809592,225
frontier02676,1704809203,1704809273,70
frontier02677,1704809203,1704809262,59
frontier02678,1704809232,1704809276,44
frontier02679,1704809345,1704809580,235
frontier02680,1704809602,1704809656,54
frontier02681,1704809322,1704809328,6
frontier02682,1704809110,1704809130,20
frontier02683,1704809110,1704809131,21
frontier02684,1704809586,1704809653,67
frontier02685,1704809602,1704809656,54
frontier02686,1704809344,1704809600,256
frontier02687,1704809580,1704809650,70
frontier02689,1704809602,1704809656,54
frontier02691,1704809232,1704809295,63
frontier02692,1704809345,1704809607,262
frontier02693,1704809344,1704809414,70
frontier02694,1704809225,1704809270,45
frontier02695,1704809285,1704809328,43
frontier02696,1704809581,1704809653,72
frontier02697,1704809325,1704809412,87
frontier02698,1704809602,1704809656,54
frontier02699,1704809369,1704809607,238
frontier02700,1704809325,1704809588,263
frontier02701,1704809306,1704809327,21
frontier02702,1704809325,1704809593,268
frontier02703,1704809589,1704809655,66
frontier02704,1704809587,1704809654,67
frontier02707,1704809203,1704809272,69
frontier02708,1704809293,1704809328,35
frontier02709,1704809323,1704809576,253
frontier02710,1704809580,1704809653,73
frontier02711,1704809325,1704809601,276
frontier02712,1704809580,1704809653,73
frontier02713,1704809222,1704809267,45
frontier02714,1704809345,1704809593,248
frontier02715,1704809367,1704809413,46
frontier02716,1704809367,1704809576,209
frontier02717,1704809220,1704809273,53
frontier02718,1704809313,1704809594,281
frontier02719,1704809345,1704809594,249
frontier02720,1704809367,1704809607,240
frontier02723,1704809285,1704809328,43
frontier02724,1704809233,1704809285,52
frontier02725,1704809285,1704809328,43
frontier02726,1704809367,1704809635,268
frontier02727,1704809604,1704809656,52
frontier02728,1704809602,1704809656,54
frontier02729,1704809602,1704809656,54
frontier02730,1704809343,1704809605,262
frontier02731,1704809604,1704809656,52
frontier02732,1704809218,1704809272,54
frontier02735,1704809602,1704809656,54
frontier02736,1704809654,1704809659,5
frontier02737,1704809580,1704809653,73
frontier02739,1704809367,1704809582,215
frontier02740,1704809604,1704809657,53
frontier02741,1704809586,1704809653,67
frontier02742,1704809580,1704809650,70
frontier02743,1704809602,1704809656,54
frontier02744,1704809232,1704809296,64
frontier02745,1704809367,1704809592,225
frontier02746,1704809204,1704809263,59
frontier02747,1704809367,1704809606,239
frontier02749,1704809602,1704809656,54
frontier02750,1704809602,1704809656,54
frontier02753,1704809326,1704809586,260
frontier02754,1704809325,1704809593,268
frontier02755,1704809325,1704809583,258
frontier02756,1704809232,1704809272,40
frontier02757,1704809576,1704809653,77
frontier02758,1704809367,1704809605,238
frontier02759,1704809367,1704809593,226
frontier02760,1704809576,1704809650,74
frontier02761,1704809580,1704809650,70
frontier02762,1704809654,1704809659,5
frontier02763,1704809232,1704809264,32
frontier02764,1704809232,1704809276,44
frontier02765,1704809233,1704809296,63
frontier02766,1704809580,1704809653,73
frontier02767,1704809576,1704809652,76
frontier02768,1704809602,1704809657,55
frontier02769,1704809593,1704809656,63
frontier02770,1704809232,1704809274,42
frontier02771,1704809249,1704809295,46
frontier02772,1704809313,1704809605,292
frontier02773,1704809586,1704809654,68
frontier02774,1704809602,1704809656,54
frontier02775,1704809602,1704809657,55
frontier02776,1704809654,1704809659,5
frontier02777,1704809233,1704809278,45
frontier02778,1704809576,1704809653,77
frontier02779,1704809576,1704809653,77
frontier02780,1704809164,1704809177,13
frontier02781,1704809326,1704809605,279
frontier02782,1704809285,1704809328,43
frontier02783,1704809589,1704809655,66
frontier02784,1704809198,1704809226,28
frontier02785,1704809604,1704809657,53
frontier02786,1704809326,1704809589,263
frontier02787,1704809325,1704809583,258
frontier02788,1704809264,1704809323,59
frontier02789,1704809222,1704809268,46
frontier02790,1704809325,1704809594,269
frontier02791,1704809345,1704809592,247
frontier02792,1704809285,1704809328,43
frontier02793,1704809222,1704809263,41
frontier02794,1704809602,1704809656,54
frontier02796,1704809223,1704809263,40
frontier02797,1704809110,1704809127,17
frontier02799,1704809313,1704809586,273
frontier02800,1704809325,1704809593,268
frontier02801,1704809264,1704809323,59
frontier02802,1704809223,1704809277,54
frontier02803,1704809232,1704809277,45
frontier02804,1704809587,1704809653,66
frontier02805,1704809198,1704809223,25
frontier02806,1704809132,1704809162,30
frontier02807,1704809323,1704809576,253
frontier02808,1704809587,1704809654,67
frontier02809,1704809602,1704809657,55
frontier02810,1704809345,1704809592,247
frontier02811,1704809654,1704809659,5
frontier02812,1704809198,1704809222,24
frontier02813,1704809593,1704809656,63
frontier02814,1704809325,1704809586,261
frontier02815,1704809345,1704809587,242
frontier02817,1704809586,1704809653,67
frontier02819,1704809274,1704809325,51
frontier02820,1704809293,1704809328,35
frontier02821,1704809345,1704809413,68
frontier02822,1704809107,1704809121,14
frontier02823,1704809602,1704809657,55
frontier02824,1704809587,1704809654,67
frontier02825,1704809198,1704809221,23
frontier02826,1704809602,1704809656,54
frontier02827,1704809345,1704809606,261
frontier02829,1704809107,1704809125,18
frontier02830,1704809604,1704809656,52
frontier02833,1704809588,1704809653,65
frontier02835,1704809654,1704809659,5
frontier02836,1704809232,1704809276,44
frontier02837,1704809588,1704809654,66
frontier02838,1704809604,1704809656,52
frontier02839,1704809202,1704809266,64
frontier02840,1704809313,1704809593,280
frontier02841,1704809323,1704809601,278
frontier02842,1704809604,1704809657,53
frontier02843,1704809345,1704809581,236
frontier02844,1704809345,1704809580,235
frontier02847,1704809602,1704809657,55
frontier02848,1704809576,1704809649,73
frontier02849,1704809264,1704809323,59
frontier02850,1704809602,1704809657,55
frontier02851,1704809602,1704809657,55
frontier02852,1704809654,1704809659,5
frontier02853,1704809367,1704809606,239
frontier02854,1704809602,1704809656,54
frontier02855,1704809602,1704809656,54
frontier02856,1704809232,1704809296,64
frontier02857,1704809306,1704809326,20
frontier02858,1704809344,1704809587,243
frontier02859,1704809367,1704809607,240
frontier02860,1704809345,1704809593,248
frontier02861,1704809594,1704809656,62
frontier02863,1704809587,1704809654,67
frontier02864,1704809325,1704809586,261
frontier02865,1704809345,1704809582,237
frontier02866,1704809232,1704809274,42
frontier02867,1704809604,1704809658,54
frontier02870,1704809591,1704809657,66
frontier02872,1704809655,1704809659,4
frontier02873,1704809604,1704809656,52
frontier02874,1704809233,1704809285,52
frontier02875,1704809223,1704809265,42
frontier02876,1704809163,1704809178,15
frontier02877,1704809316,1704809593,277
frontier02878,1704809367,1704809582,215
frontier02879,1704809587,1704809653,66
frontier02880,1704809580,1704809652,72
frontier02883,1704809367,1704809607,240
frontier02884,1704809285,1704809328,43
frontier02885,1704809604,1704809656,52
frontier02886,1704809654,1704809659,5
frontier02887,1704809171,1704809196,25
frontier02888,1704809313,1704809593,280
frontier02889,1704809367,1704809576,209
frontier02890,1704809327,1704809580,253
frontier02891,1704809322,1704809580,258
frontier02892,1704809232,1704809266,34
frontier02893,1704809344,1704809413,69
frontier02894,1704809602,1704809656,54
frontier02895,1704809592,1704809656,64
frontier02897,1704809587,1704809654,67
frontier02898,1704809654,1704809659,5
frontier02899,1704809316,1704809571,255
frontier02900,1704809163,1704809198,35
frontier02901,1704809223,1704809269,46
frontier02902,1704809604,1704809657,53
frontier02903,1704809367,1704809592,225
frontier02904,1704809367,1704809606,239
frontier02905,1704809325,1704809592,267
frontier02906,1704809602,1704809656,54
frontier02907,1704809586,1704809653,67
frontier02908,1704809591,1704809655,64
frontier02909,1704809604,1704809657,53
frontier02910,1704809232,1704809296,64
frontier02911,1704809198,1704809221,23
frontier02912,1704809198,1704809223,25
frontier02913,1704809344,1704809579,235
frontier02914,1704809586,1704809653,67
frontier02915,1704809602,1704809656,54
frontier02916,1704809602,1704809657,55
frontier02917,1704809602,1704809656,54
frontier02918,1704809602,1704809656,54
frontier02919,1704809367,1704809606,239
frontier02920,1704809203,1704809265,62
frontier02921,1704809223,1704809269,46
frontier02922,1704809202,1704809262,60
frontier02924,1704809576,1704809653,77
frontier02925,1704809344,1704809587,243
frontier02926,1704809232,1704809277,45
frontier02927,1704809576,1704809649,73
frontier02928,1704809602,1704809656,54
frontier02929,1704809602,1704809657,55
frontier02930,1704809586,1704809653,67
frontier02931,1704809586,1704809649,63
frontier02932,1704809232,1704809276,44
frontier02933,1704809325,1704809593,268
frontier02934,1704809580,1704809650,70
frontier02936,1704809285,1704809328,43
frontier02937,1704809177,1704809198,21
frontier02938,1704809325,1704809593,268
frontier02939,1704809602,1704809657,55
frontier02940,1704809232,1704809276,44
frontier02941,1704809654,1704809659,5
frontier02942,1704809576,1704809650,74
frontier02943,1704809586,1704809653,67
frontier02944,1704809367,1704809607,240
frontier02945,1704809602,1704809656,54
frontier02947,1704809606,1704809657,51
frontier02948,1704809602,1704809657,55
frontier02949,1704809232,1704809276,44
frontier02950,1704809589,1704809655,66
frontier02951,1704809343,1704809605,262
frontier02952,1704809222,1704809266,44
frontier02953,1704809580,1704809650,70
frontier02954,1704809586,1704809653,67
frontier02955,1704809602,1704809656,54
frontier02956,1704809198,1704809222,24
frontier02957,1704809345,1704809606,261
frontier02958,1704809296,1704809316,20
frontier02959,1704809580,1704809649,69
frontier02960,1704809232,1704809266,34
frontier02961,1704809580,1704809653,73
frontier02962,1704809602,1704809656,54
frontier02964,1704809592,1704809656,64
frontier02965,1704809345,1704809605,260
frontier02967,1704809654,1704809659,5
frontier02968,1704809604,1704809657,53
frontier02969,1704809602,1704809657,55
frontier02970,1704809593,1704809656,63
frontier02971,1704809654,1704809659,5
frontier02972,1704809197,1704809262,65
frontier02973,1704809233,1704809285,52
frontier02974,1704809581,1704809653,72
frontier02975,1704809344,1704809585,241
frontier02976,1704809224,1704809269,45
frontier02977,1704809232,1704809275,43
frontier02978,1704809175,1704809197,22
frontier02979,1704809602,1704809656,54
frontier02980,1704809232,1704809263,31
frontier02981,1704809604,1704809657,53
frontier02982,1704809602,1704809657,55
frontier02983,1704809346,1704809605,259
frontier02984,1704809220,1704809274,54
frontier02985,1704809225,1704809269,44
frontier02987,1704809175,1704809197,22
frontier02988,1704809286,1704809328,42
frontier02989,1704809232,1704809295,63
frontier02990,1704809345,1704809413,68
frontier02993,1704809602,1704809656,54
frontier02994,1704809130,1704809162,32
frontier02995,1704809594,1704809656,62
frontier02996,1704809202,1704809263,61
frontier02998,1704809286,1704809327,41
frontier02999,1704809589,1704809655,66
frontier03001,1704809601,1704809656,55
frontier03002,1704809345,1704809582,237
frontier03003,1704809224,1704809269,45
frontier03004,1704809343,1704809605,262
frontier03005,1704809367,1704809606,239
frontier03006,1704809586,1704809650,64
frontier03007,1704809223,1704809266,43
frontier03008,1704809306,1704809607,301
frontier03010,1704809233,1704809285,52
frontier03011,1704809602,1704809656,54
frontier03012,1704809589,1704809656,67
frontier03013,1704809103,1704809117,14
frontier03014,1704809232,1704809293,61
frontier03015,1704809586,1704809653,67
frontier03016,1704809604,1704809657,53
frontier03017,1704809264,1704809324,60
frontier03018,1704809297,1704809316,19
frontier03019,1704809367,1704809606,239
frontier03020,1704809280,1704809315,35
frontier03021,1704809586,1704809654,68
frontier03022,1704809602,1704809657,55
frontier03023,1704809277,1704809327,50
frontier03024,1704809586,1704809652,66
frontier03025,1704809199,1704809261,62
frontier03026,1704809325,1704809570,245
frontier03027,1704809602,1704809657,55
frontier03028,1704809315,1704809371,56
frontier03029,1704809249,1704809294,45
frontier03030,1704809603,1704809657,54
frontier03031,1704809344,1704809582,238
frontier03032,1704809345,1704809581,236
frontier03033,1704809198,1704809225,27
frontier03034,1704809345,1704809580,235
frontier03035,1704809602,1704809657,55
frontier03036,1704809326,1704809591,265
frontier03037,1704809232,1704809275,43
frontier03038,1704809325,1704809593,268
frontier03039,1704809589,1704809655,66
frontier03040,1704809367,1704809606,239
frontier03041,1704809232,1704809276,44
frontier03042,1704809602,1704809656,54
frontier03043,1704809367,1704809571,204
frontier03044,1704809604,1704809657,53
frontier03045,1704809286,1704809328,42
frontier03047,1704809654,1704809659,5
frontier03048,1704809602,1704809656,54
frontier03049,1704809580,1704809650,70
frontier03050,1704809322,1704809390,68
frontier03051,1704809232,1704809274,42
frontier03052,1704809222,1704809269,47
frontier03055,1704809602,1704809656,54
frontier03056,1704809604,1704809657,53
frontier03057,1704809580,1704809650,70
frontier03058,1704809107,1704809121,14
frontier03059,1704809164,1704809177,13
frontier03060,1704809203,1704809271,68
frontier03061,1704809278,1704809325,47
frontier03062,1704809218,1704809272,54
frontier03063,1704809325,1704809586,261
frontier03064,1704809344,1704809580,236
frontier03065,1704809367,1704809606,239
frontier03069,1704809586,1704809653,67
frontier03070,1704809293,1704809328,35
frontier03071,1704809602,1704809656,54
frontier03072,1704809654,1704809659,5
frontier03073,1704809325,1704809594,269
frontier03075,1704809586,1704809653,67
frontier03076,1704809580,1704809649,69
frontier03077,1704809602,1704809656,54
frontier03078,1704809325,1704809600,275
frontier03079,1704809325,1704809602,277
frontier03080,1704809593,1704809656,63
frontier03081,1704809367,1704809607,240
frontier03082,1704809293,1704809329,36
frontier03083,1704809198,1704809223,25
frontier03084,1704809602,1704809656,54
frontier03085,1704809367,1704809605,238
frontier03086,1704809306,1704809576,270
frontier03087,1704809602,1704809656,54
frontier03088,1704809325,1704809597,272
frontier03091,1704809325,1704809594,269
frontier03092,1704809589,1704809656,67
frontier03093,1704809591,1704809656,65
frontier03094,1704809312,1704809606,294
frontier03095,1704809589,1704809655,66
frontier03096,1704809323,1704809586,263
frontier03097,1704809576,1704809649,73
frontier03098,1704809345,1704809576,231
frontier03099,1704809367,1704809607,240
frontier03100,1704809204,1704809263,59
frontier03103,1704809233,1704809286,53
frontier03105,1704809264,1704809323,59
frontier03107,1704809654,1704809659,5
frontier03108,1704809204,1704809272,68
frontier03109,1704809285,1704809328,43
frontier03110,1704809602,1704809656,54
frontier03112,1704809296,1704809324,28
frontier03113,1704809580,1704809653,73
frontier03114,1704809586,1704809653,67
frontier03115,1704809344,1704809587,243
frontier03116,1704809604,1704809656,52
frontier03117,1704809602,1704809656,54
frontier03118,1704809602,1704809656,54
frontier03119,1704809285,1704809328,43
frontier03120,1704809346,1704809593,247
frontier03121,1704809199,1704809263,64
frontier03122,1704809576,1704809649,73
frontier03123,1704809198,1704809222,24
frontier03124,1704809581,1704809654,73
frontier03125,1704809345,1704809607,262
frontier03126,1704809367,1704809606,239
frontier03127,1704809326,1704809587,261
frontier03128,1704809602,1704809656,54
frontier03129,1704809368,1704809637,269
frontier03130,1704809367,1704809606,239
frontier03131,1704809203,1704809277,74
frontier03132,1704809345,1704809607,262
frontier03133,1704809367,1704809576,209
frontier03134,1704809286,1704809328,42
frontier03135,1704809367,1704809593,226
frontier03136,1704809315,1704809604,289
frontier03137,1704809576,1704809650,74
frontier03138,1704809602,1704809657,55
frontier03139,1704809588,1704809654,66
frontier03140,1704809602,1704809656,54
frontier03141,1704809325,1704809593,268
frontier03142,1704809224,1704809267,43
frontier03143,1704809602,1704809656,54
frontier03145,1704809602,1704809656,54
frontier03146,1704809602,1704809656,54
frontier03147,1704809588,1704809653,65
frontier03148,1704809345,1704809606,261
frontier03149,1704809285,1704809328,43
frontier03150,1704809224,1704809269,45
frontier03151,1704809232,1704809277,45
frontier03152,1704809315,1704809587,272
frontier03153,1704809604,1704809657,53
frontier03154,1704809264,1704809306,42
frontier03155,1704809586,1704809649,63
frontier03156,1704809580,1704809650,70
frontier03157,1704809325,1704809594,269
frontier03158,1704809589,1704809655,66
frontier03159,1704809602,1704809656,54
frontier03160,1704809164,1704809177,13
frontier03161,1704809602,1704809657,55
frontier03162,1704809604,1704809656,52
frontier03163,1704809593,1704809656,63
frontier03164,1704809604,1704809656,52
frontier03165,1704809367,1704809607,240
frontier03166,1704809232,1704809276,44
frontier03167,1704809602,1704809657,55
frontier03168,1704809367,1704809607,240
frontier03169,1704809576,1704809649,73
frontier03170,1704809306,1704809586,280
frontier03171,1704809325,1704809594,269
frontier03172,1704809325,1704809594,269
frontier03173,1704809218,1704809272,54
frontier03174,1704809275,1704809325,50
frontier03175,1704809589,1704809655,66
frontier03176,1704809576,1704809650,74
frontier03177,1704809345,1704809413,68
frontier03178,1704809580,1704809653,73
frontier03179,1704809325,1704809601,276
frontier03180,1704809593,1704809656,63
frontier03183,1704809204,1704809271,67
frontier03185,1704809580,1704809653,73
frontier03186,1704809280,1704809329,49
frontier03187,1704809293,1704809328,35
frontier03188,1704809589,1704809655,66
frontier03189,1704809580,1704809650,70
frontier03190,1704809654,1704809659,5
frontier03191,1704809576,1704809653,77
frontier03192,1704809602,1704809657,55
frontier03193,1704809589,1704809655,66
frontier03194,1704809602,1704809656,54
frontier03195,1704809313,1704809605,292
frontier03196,1704809345,1704809587,242
frontier03197,1704809203,1704809263,60
frontier03200,1704809222,1704809263,41
frontier03203,1704809222,1704809262,40
frontier03205,1704809306,1704809587,281
frontier03206,1704809602,1704809656,54
frontier03207,1704809586,1704809652,66
frontier03208,1704809603,1704809657,54
frontier03209,1704809232,1704809276,44
frontier03210,1704809203,1704809273,70
frontier03211,1704809203,1704809273,70
frontier03212,1704809602,1704809656,54
frontier03213,1704809604,1704809656,52
frontier03214,1704809602,1704809657,55
frontier03215,1704809199,1704809260,61
frontier03216,1704809233,1704809286,53
frontier03217,1704809233,1704809295,62
frontier03218,1704809306,1704809606,300
frontier03221,1704809278,1704809327,49
frontier03222,1704809323,1704809576,253
frontier03223,1704809346,1704809606,260
frontier03224,1704809586,1704809653,67
frontier03225,1704809221,1704809260,39
frontier03226,1704809588,1704809655,67
frontier03227,1704809576,1704809653,77
frontier03228,1704809369,1704809624,255
frontier03229,1704809316,1704809592,276
frontier03230,1704809296,1704809580,284
frontier03231,1704809203,1704809272,69
frontier03232,1704809233,1704809276,43
frontier03235,1704809602,1704809656,54
frontier03236,1704809589,1704809654,65
frontier03237,1704809586,1704809652,66
frontier03238,1704809602,1704809657,55
frontier03239,1704809576,1704809653,77
frontier03240,1704809204,1704809272,68
frontier03241,1704809313,1704809606,293
frontier03242,1704809249,1704809294,45
frontier03243,1704809198,1704809223,25
frontier03244,1704809367,1704809594,227
frontier03245,1704809654,1704809659,5
frontier03246,1704809604,1704809657,53
frontier03247,1704809580,1704809653,73
frontier03248,1704809604,1704809656,52
frontier03249,1704809602,1704809656,54
frontier03252,1704809367,1704809606,239
frontier03253,1704809603,1704809657,54
frontier03254,1704809602,1704809656,54
frontier03255,1704809586,1704809653,67
frontier03256,1704809602,1704809656,54
frontier03257,1704809325,1704809594,269
frontier03258,1704809604,1704809657,53
frontier03259,1704809576,1704809653,77
frontier03260,1704809581,1704809654,73
frontier03262,1704809367,1704809577,210
frontier03263,1704809203,1704809272,69
frontier03264,1704809589,1704809656,67
frontier03265,1704809232,1704809296,64
frontier03267,1704809249,1704809298,49
frontier03268,1704809203,1704809274,71
frontier03269,1704809603,1704809657,54
frontier03270,1704809604,1704809657,53
frontier03271,1704809602,1704809657,55
frontier03272,1704809576,1704809650,74
frontier03273,1704809323,1704809388,65
frontier03274,1704809604,1704809656,52
frontier03275,1704809344,1704809413,69
frontier03276,1704809602,1704809656,54
frontier03277,1704809306,1704809592,286
frontier03278,1704809344,1704809588,244
frontier03279,1704809280,1704809327,47
frontier03280,1704809602,1704809657,55
frontier03281,1704809325,1704809594,269
frontier03282,1704809280,1704809316,36
frontier03283,1704809325,1704809593,268
frontier03284,1704809589,1704809655,66
frontier03285,1704809367,1704809580,213
frontier03286,1704809293,1704809328,35
frontier03287,1704809222,1704809262,40
frontier03290,1704809602,1704809656,54
frontier03291,1704809589,1704809655,66
frontier03292,1704809601,1704809657,56
frontier03293,1704809312,1704809588,276
frontier03294,1704809323,1704809390,67
frontier03295,1704809225,1704809268,43
frontier03296,1704809654,1704809659,5
frontier03297,1704809586,1704809653,67
frontier03298,1704809216,1704809272,56
frontier03299,1704809346,1704809613,267
frontier03300,1704809345,1704809568,223
frontier03301,1704809592,1704809656,64
frontier03302,1704809603,1704809658,55
frontier03303,1704809345,1704809607,262
frontier03304,1704809225,1704809270,45
frontier03305,1704809602,1704809657,55
frontier03306,1704809198,1704809223,25
frontier03307,1704809325,1704809413,88
frontier03308,1704809588,1704809653,65
frontier03309,1704809576,1704809649,73
frontier03310,1704809345,1704809607,262
frontier03311,1704809604,1704809656,52
frontier03312,1704809367,1704809606,239
frontier03313,1704809592,1704809656,64
frontier03314,1704809654,1704809659,5
frontier03315,1704809576,1704809653,77
frontier03316,1704809580,1704809653,73
frontier03317,1704809221,1704809262,41
frontier03318,1704809345,1704809413,68
frontier03319,1704809587,1704809653,66
frontier03320,1704809586,1704809655,69
frontier03323,1704809233,1704809276,43
frontier03324,1704809602,1704809657,55
frontier03327,1704809592,1704809656,64
frontier03328,1704809285,1704809328,43
frontier03329,1704809604,1704809657,53
frontier03331,1704809316,1704809581,265
frontier03332,1704809602,1704809656,54
frontier03333,1704809278,1704809328,50
frontier03334,1704809343,1704809606,263
frontier03337,1704809367,1704809575,208
frontier03338,1704809203,1704809263,60
frontier03339,1704809216,1704809271,55
frontier03340,1704809602,1704809656,54
frontier03341,1704809602,1704809656,54
frontier03342,1704809346,1704809636,290
frontier03343,1704809604,1704809657,53
frontier03345,1704809602,1704809656,54
frontier03346,1704809602,1704809656,54
frontier03348,1704809588,1704809654,66
frontier03349,1704809589,1704809656,67
frontier03350,1704809344,1704809413,69
frontier03351,1704809602,1704809656,54
frontier03352,1704809218,1704809272,54
frontier03353,1704809588,1704809654,66
frontier03354,1704809367,1704809605,238
frontier03355,1704809586,1704809650,64
frontier03356,1704809232,1704809296,64
frontier03357,1704809602,1704809656,54
frontier03358,1704809602,1704809656,54
frontier03359,1704809592,1704809656,64
frontier03360,1704809296,1704809328,32
frontier03361,1704809232,1704809295,63
frontier03362,1704809576,1704809653,77
frontier03363,1704809232,1704809275,43
frontier03364,1704809603,1704809656,53
frontier03365,1704809602,1704809656,54
frontier03366,1704809602,1704809656,54
frontier03367,1704809367,1704809592,225
frontier03368,1704809581,1704809654,73
frontier03369,1704809367,1704809594,227
frontier03370,1704809326,1704809413,87
frontier03371,1704809249,1704809295,46
frontier03372,1704809589,1704809655,66
frontier03375,1704809197,1704809263,66
frontier03376,1704809343,1704809589,246
frontier03377,1704809110,1704809131,21
frontier03378,1704809367,1704809592,225
frontier03379,1704809346,1704809624,278
frontier03380,1704809345,1704809606,261
frontier03381,1704809654,1704809659,5
frontier03382,1704809581,1704809654,73
frontier03383,1704809580,1704809653,73
frontier03384,1704809580,1704809649,69
frontier03385,1704809654,1704809659,5
frontier03386,1704809233,1704809295,62
frontier03388,1704809367,1704809607,240
frontier03389,1704809594,1704809656,62
frontier03390,1704809203,1704809272,69
frontier03391,1704809202,1704809263,61
frontier03392,1704809604,1704809657,53
frontier03393,1704809602,1704809657,55
frontier03394,1704809367,1704809606,239
frontier03395,1704809232,1704809296,64
frontier03396,1704809204,1704809272,68
frontier03397,1704809654,1704809659,5
frontier03398,1704809345,1704809605,260
frontier03399,1704809223,1704809269,46
frontier03400,1704809589,1704809656,67
frontier03402,1704809325,1704809413,88
frontier03404,1704809600,1704809656,56
frontier03405,1704809232,1704809272,40
frontier03406,1704809592,1704809657,65
frontier03407,1704809367,1704809608,241
frontier03408,1704809586,1704809650,64
frontier03409,1704809346,1704809625,279
frontier03410,1704809586,1704809652,66
frontier03411,1704809221,1704809264,43
frontier03412,1704809602,1704809656,54
frontier03413,1704809345,1704809594,249
frontier03414,1704809586,1704809654,68
frontier03415,1704809588,1704809654,66
frontier03416,1704809222,1704809262,40
frontier03417,1704809367,1704809414,47
frontier03419,1704809325,1704809592,267
frontier03420,1704809224,1704809269,45
frontier03421,1704809345,1704809605,260
frontier03422,1704809325,1704809594,269
frontier03423,1704809576,1704809652,76
frontier03424,1704809602,1704809657,55
frontier03425,1704809250,1704809296,46
frontier03426,1704809602,1704809656,54
frontier03427,1704809249,1704809298,49
frontier03428,1704809325,1704809607,282
frontier03429,1704809367,1704809593,226
frontier03430,1704809345,1704809606,261
frontier03431,1704809367,1704809605,238
frontier03432,1704809344,1704809588,244
frontier03433,1704809224,1704809269,45
frontier03434,1704809580,1704809653,73
frontier03435,1704809264,1704809323,59
frontier03436,1704809589,1704809655,66
frontier03437,1704809326,1704809588,262
frontier03438,1704809602,1704809656,54
frontier03439,1704809367,1704809591,224
frontier03440,1704809325,1704809589,264
frontier03441,1704809344,1704809588,244
frontier03442,1704809603,1704809657,54
frontier03443,1704809601,1704809656,55
frontier03444,1704809367,1704809605,238
frontier03445,1704809293,1704809328,35
frontier03446,1704809345,1704809592,247
frontier03447,1704809589,1704809655,66
frontier03448,1704809232,1704809258,26
frontier03449,1704809345,1704809589,244
frontier03450,1704809175,1704809197,22
frontier03452,1704809325,1704809582,257
frontier03455,1704809580,1704809649,69
frontier03456,1704809232,1704809276,44
frontier03457,1704809232,1704809259,27
frontier03459,1704809198,1704809226,28
frontier03460,1704809343,1704809605,262
frontier03461,1704809203,1704809270,67
frontier03462,1704809602,1704809657,55
frontier03463,1704809222,1704809265,43
frontier03464,1704809576,1704809650,74
frontier03465,1704809586,1704809653,67
frontier03466,1704809285,1704809328,43
frontier03467,1704809316,1704809589,273
frontier03468,1704809580,1704809653,73
frontier03469,1704809344,1704809586,242
frontier03470,1704809222,1704809262,40
frontier03471,1704809345,1704809606,261
frontier03472,1704809312,1704809327,15
frontier03473,1704809223,1704809276,53
frontier03476,1704809604,1704809658,54
frontier03477,1704809344,1704809580,236
frontier03478,1704809580,1704809649,69
frontier03479,1704809589,1704809655,66
frontier03480,1704809232,1704809296,64
frontier03481,1704809576,1704809652,76
frontier03482,1704809325,1704809589,264
frontier03483,1704809325,1704809594,269
frontier03484,1704809232,1704809294,62
frontier03485,1704809345,1704809583,238
frontier03486,1704809285,1704809328,43
frontier03487,1704809345,1704809605,260
frontier03488,1704809367,1704809607,240
frontier03489,1704809345,1704809580,235
frontier03490,1704809316,1704809606,290
frontier03491,1704809654,1704809659,5
frontier03492,1704809278,1704809325,47
frontier03493,1704809654,1704809659,5
frontier03494,1704809593,1704809656,63
frontier03495,1704809286,1704809328,42
frontier03496,1704809204,1704809272,68
frontier03497,1704809345,1704809587,242
frontier03499,1704809602,1704809656,54
frontier03500,1704809298,1704809568,270
frontier03501,1704809343,1704809605,262
frontier03502,1704809345,1704809612,267
frontier03506,1704809604,1704809656,52
frontier03507,1704809589,1704809655,66
frontier03508,1704809316,1704809577,261
frontier03509,1704809586,1704809653,67
frontier03510,1704809296,1704809371,75
frontier03511,1704809326,1704809580,254
frontier03512,1704809223,1704809273,50
frontier03513,1704809586,1704809653,67
frontier03514,1704809285,1704809328,43
frontier03516,1704809576,1704809653,77
frontier03517,1704809592,1704809657,65
frontier03518,1704809232,1704809294,62
frontier03519,1704809580,1704809649,69
frontier03520,1704809602,1704809656,54
frontier03521,1704809589,1704809655,66
frontier03522,1704809264,1704809323,59
frontier03523,1704809367,1704809601,234
frontier03525,1704809345,1704809570,225
frontier03526,1704809325,1704809594,269
frontier03527,1704809232,1704809295,63
frontier03528,1704809581,1704809654,73
frontier03529,1704809602,1704809657,55
frontier03530,1704809315,1704809580,265
frontier03531,1704809602,1704809656,54
frontier03532,1704809346,1704809605,259
frontier03533,1704809580,1704809650,70
frontier03534,1704809602,1704809656,54
frontier03535,1704809198,1704809222,24
frontier03536,1704809367,1704809580,213
frontier03537,1704809232,1704809275,43
frontier03538,1704809367,1704809592,225
frontier03539,1704809602,1704809656,54
frontier03540,1704809315,1704809577,262
frontier03541,1704809367,1704809606,239
frontier03543,1704809344,1704809587,243
frontier03544,1704809285,1704809328,43
frontier03545,1704809164,1704809176,12
frontier03546,1704809605,1704809657,52
frontier03547,1704809198,1704809222,24
frontier03548,1704809604,1704809657,53
frontier03549,1704809344,1704809583,239
frontier03550,1704809306,1704809412,106
frontier03551,1704809325,1704809593,268
frontier03552,1704809368,1704809625,257
frontier03553,1704809223,1704809272,49
frontier03555,1704809367,1704809580,213
frontier03556,1704809654,1704809659,5
frontier03557,1704809586,1704809653,67
frontier03558,1704809345,1704809581,236
frontier03559,1704809223,1704809276,53
frontier03560,1704809233,1704809285,52
frontier03561,1704809294,1704809328,34
frontier03562,1704809602,1704809656,54
frontier03563,1704809602,1704809657,55
frontier03564,1704809175,1704809197,22
frontier03565,1704809345,1704809605,260
frontier03566,1704809223,1704809274,51
frontier03567,1704809602,1704809656,54
frontier03568,1704809602,1704809656,54
frontier03569,1704809326,1704809605,279
frontier03570,1704809175,1704809197,22
frontier03571,1704809276,1704809326,50
frontier03572,1704809158,1704809164,6
frontier03573,1704809325,1704809602,277
frontier03577,1704809604,1704809656,52
frontier03578,1704809346,1704809635,289
frontier03579,1704809604,1704809657,53
frontier03580,1704809580,1704809652,72
frontier03581,1704809589,1704809654,65
frontier03582,1704809285,1704809328,43
frontier03583,1704809604,1704809657,53
frontier03584,1704809586,1704809653,67
frontier03585,1704809232,1704809274,42
frontier03587,1704809175,1704809178,3
frontier03588,1704809602,1704809656,54
frontier03589,1704809202,1704809261,59
frontier03590,1704809325,1704809411,86
frontier03591,1704809602,1704809656,54
frontier03592,1704809344,1704809580,236
frontier03593,1704809602,1704809656,54
frontier03594,1704809286,1704809588,302
frontier03595,1704809249,1704809298,49
frontier03596,1704809602,1704809656,54
frontier03597,1704809589,1704809655,66
frontier03598,1704809293,1704809328,35
frontier03599,1704809367,1704809576,209
frontier03600,1704809580,1704809653,73
frontier03601,1704809286,1704809328,42
frontier03602,1704809345,1704809606,261
frontier03604,1704809280,1704809328,48
frontier03606,1704809602,1704809657,55
frontier03607,1704809110,1704809130,20
frontier03608,1704809604,1704809657,53
frontier03609,1704809367,1704809579,212
frontier03610,1704809202,1704809273,71
frontier03611,1704809602,1704809656,54
frontier03612,1704809344,1704809570,226
frontier03613,1704809602,1704809656,54
frontier03614,1704809580,1704809653,73
frontier03615,1704809602,1704809657,55
frontier03616,1704809158,1704809176,18
frontier03617,1704809325,1704809601,276
frontier03618,1704809111,1704809131,20
frontier03619,1704809232,1704809273,41
frontier03620,1704809344,1704809587,243
frontier03622,1704809325,1704809593,268
frontier03623,1704809367,1704809579,212
frontier03624,1704809314,1704809413,99
frontier03625,1704809594,1704809656,62
frontier03626,1704809345,1704809592,247
frontier03627,1704809232,1704809276,44
frontier03628,1704809271,1704809325,54
frontier03629,1704809588,1704809654,66
frontier03630,1704809367,1704809579,212
frontier03631,1704809604,1704809656,52
frontier03634,1704809325,1704809593,268
frontier03635,1704809204,1704809271,67
frontier03636,1704809602,1704809656,54
frontier03637,1704809325,1704809593,268
frontier03638,1704809345,1704809413,68
frontier03639,1704809604,1704809658,54
frontier03640,1704809593,1704809656,63
frontier03641,1704809604,1704809657,53
frontier03644,1704809602,1704809657,55
frontier03645,1704809232,1704809264,32
frontier03646,1704809344,1704809589,245
frontier03647,1704809580,1704809650,70
frontier03648,1704809576,1704809650,74
frontier03649,1704809344,1704809576,232
frontier03650,1704809586,1704809653,67
frontier03651,1704809580,1704809650,70
frontier03652,1704809589,1704809655,66
frontier03653,1704809367,1704809606,239
frontier03654,1704809343,1704809592,249
frontier03655,1704809367,1704809594,227
frontier03656,1704809654,1704809659,5
frontier03657,1704809325,1704809593,268
frontier03658,1704809367,1704809607,240
frontier03659,1704809604,1704809656,52
frontier03660,1704809223,1704809266,43
frontier03661,1704809345,1704809589,244
frontier03662,1704809591,1704809656,65
frontier03663,1704809232,1704809264,32
frontier03664,1704809586,1704809653,67
frontier03665,1704809602,1704809657,55
frontier03667,1704809367,1704809605,238
frontier03668,1704809602,1704809657,55
frontier03669,1704809285,1704809327,42
frontier03670,1704809593,1704809657,64
frontier03671,1704809602,1704809656,54
frontier03672,1704809344,1704809607,263
frontier03673,1704809312,1704809593,281
frontier03674,1704809325,1704809604,279
frontier03675,1704809232,1704809296,64
frontier03676,1704809580,1704809649,69
frontier03677,1704809285,1704809328,43
frontier03678,1704809576,1704809650,74
frontier03679,1704809232,1704809294,62
frontier03680,1704809593,1704809657,64
frontier03681,1704809654,1704809659,5
frontier03682,1704809222,1704809264,42
frontier03683,1704809602,1704809656,54
frontier03684,1704809581,1704809654,73
frontier03685,1704809367,1704809586,219
frontier03686,1704809345,1704809580,235
frontier03687,1704809367,1704809608,241
frontier03688,1704809581,1704809653,72
frontier03689,1704809602,1704809656,54
frontier03690,1704809602,1704809657,55
frontier03691,1704809222,1704809262,40
frontier03692,1704809164,1704809178,14
frontier03693,1704809285,1704809328,43
frontier03694,1704809604,1704809656,52
frontier03695,1704809344,1704809586,242
frontier03696,1704809588,1704809654,66
frontier03697,1704809249,1704809298,49
frontier03698,1704809280,1704809328,48
frontier03699,1704809285,1704809328,43
frontier03700,1704809345,1704809587,242
frontier03701,1704809286,1704809328,42
frontier03702,1704809325,1704809586,261
frontier03703,1704809343,1704809606,263
frontier03704,1704809232,1704809274,42
frontier03705,1704809586,1704809653,67
frontier03707,1704809602,1704809656,54
frontier03711,1704809602,1704809656,54
frontier03712,1704809346,1704809602,256
frontier03713,1704809602,1704809656,54
frontier03715,1704809344,1704809577,233
frontier03716,1704809605,1704809658,53
frontier03717,1704809344,1704809581,237
frontier03718,1704809314,1704809371,57
frontier03719,1704809602,1704809656,54
frontier03720,1704809306,1704809413,107
frontier03721,1704809285,1704809328,43
frontier03722,1704809602,1704809657,55
frontier03723,1704809345,1704809587,242
frontier03724,1704809278,1704809326,48
frontier03725,1704809197,1704809263,66
frontier03726,1704809604,1704809657,53
frontier03727,1704809580,1704809653,73
frontier03728,1704809602,1704809656,54
frontier03729,1704809285,1704809328,43
frontier03730,1704809325,1704809582,257
frontier03732,1704809164,1704809177,13
frontier03734,1704809602,1704809657,55
frontier03735,1704809198,1704809223,25
frontier03736,1704809221,1704809263,42
frontier03737,1704809603,1704809657,54
frontier03738,1704809604,1704809657,53
frontier03739,1704809344,1704809413,69
frontier03740,1704809604,1704809657,53
frontier03741,1704809107,1704809130,23
frontier03742,1704809217,1704809273,56
frontier03743,1704809345,1704809580,235
frontier03744,1704809343,1704809606,263
frontier03745,1704809604,1704809656,52
frontier03746,1704809602,1704809657,55
frontier03747,1704809132,1704809161,29
frontier03748,1704809130,1704809162,32
frontier03749,1704809604,1704809657,53
frontier03750,1704809602,1704809657,55
frontier03751,1704809325,1704809602,277
frontier03752,1704809602,1704809656,54
frontier03753,1704809326,1704809586,260
frontier03755,1704809105,1704809130,25
frontier03756,1704809345,1704809588,243
frontier03757,1704809367,1704809607,240
frontier03758,1704809604,1704809657,53
frontier03759,1704809285,1704809328,43
frontier03762,1704809345,1704809607,262
frontier03763,1704809344,1704809580,236
frontier03764,1704809602,1704809657,55
frontier03765,1704809581,1704809654,73
frontier03766,1704809232,1704809277,45
frontier03767,1704809325,1704809414,89
frontier03768,1704809103,1704809130,27
frontier03769,1704809604,1704809656,52
frontier03770,1704809110,1704809130,20
frontier03773,1704809344,1704809571,227
frontier03774,1704809315,1704809605,290
frontier03775,1704809587,1704809653,66
frontier03776,1704809602,1704809656,54
frontier03777,1704809232,1704809293,61
frontier03778,1704809345,1704809606,261
frontier03779,1704809306,1704809582,276
frontier03780,1704809367,1704809594,227
frontier03781,1704809593,1704809656,63
frontier03782,1704809654,1704809659,5
frontier03783,1704809222,1704809266,44
frontier03784,1704809117,1704809133,16
frontier03785,1704809325,1704809591,266
frontier03786,1704809654,1704809659,5
frontier03787,1704809589,1704809655,66
frontier03788,1704809315,1704809605,290
frontier03789,1704809325,1704809593,268
frontier03790,1704809602,1704809656,54
frontier03791,1704809604,1704809656,52
frontier03792,1704809344,1704809588,244
frontier03793,1704809586,1704809650,64
frontier03794,1704809232,1704809277,45
frontier03796,1704809346,1704809607,261
frontier03797,1704809589,1704809656,67
frontier03798,1704809346,1704809580,234
frontier03799,1704809345,1704809606,261
frontier03800,1704809602,1704809656,54
frontier03801,1704809601,1704809656,55
frontier03802,1704809367,1704809592,225
frontier03803,1704809344,1704809413,69
frontier03804,1704809368,1704809607,239
frontier03805,1704809306,1704809606,300
frontier03806,1704809345,1704809606,261
frontier03807,1704809177,1704809197,20
frontier03808,1704809592,1704809656,64
frontier03809,1704809602,1704809657,55
frontier03810,1704809203,1704809271,68
frontier03811,1704809654,1704809659,5
frontier03812,1704809222,1704809268,46
frontier03813,1704809589,1704809654,65
frontier03814,1704809586,1704809653,67
frontier03815,1704809580,1704809653,73
frontier03816,1704809580,1704809652,72
frontier03817,1704809177,1704809198,21
frontier03818,1704809344,1704809587,243
frontier03819,1704809602,1704809657,55
frontier03820,1704809594,1704809656,62
frontier03821,1704809284,1704809328,44
frontier03822,1704809602,1704809656,54
frontier03823,1704809203,1704809262,59
frontier03824,1704809367,1704809593,226
frontier03825,1704809654,1704809659,5
frontier03826,1704809232,1704809274,42
frontier03827,1704809285,1704809328,43
frontier03828,1704809604,1704809656,52
frontier03829,1704809367,1704809607,240
frontier03830,1704809286,1704809328,42
frontier03831,1704809345,1704809606,261
frontier03832,1704809265,1704809323,58
frontier03833,1704809202,1704809264,62
frontier03834,1704809204,1704809272,68
frontier03839,1704809367,1704809607,240
frontier03841,1704809586,1704809653,67
frontier03843,1704809204,1704809272,68
frontier03844,1704809604,1704809657,53
frontier03845,1704809367,1704809605,238
frontier03846,1704809602,1704809656,54
frontier03847,1704809602,1704809657,55
frontier03848,1704809223,1704809276,53
frontier03849,1704809316,1704809594,278
frontier03850,1704809199,1704809222,23
frontier03851,1704809204,1704809271,67
frontier03852,1704809345,1704809586,241
frontier03853,1704809654,1704809659,5
frontier03854,1704809198,1704809226,28
frontier03855,1704809326,1704809584,258
frontier03856,1704809276,1704809326,50
frontier03857,1704809604,1704809657,53
frontier03858,1704809224,1704809268,44
frontier03860,1704809225,1704809268,43
frontier03862,1704809202,1704809261,59
frontier03863,1704809345,1704809607,262
frontier03864,1704809326,1704809605,279
frontier03865,1704809285,1704809328,43
frontier03866,1704809593,1704809656,63
frontier03867,1704809218,1704809272,54
frontier03868,1704809602,1704809657,55
frontier03869,1704809593,1704809656,63
frontier03870,1704809280,1704809327,47
frontier03871,1704809580,1704809650,70
frontier03872,1704809602,1704809657,55
frontier03873,1704809589,1704809655,66
frontier03874,1704809604,1704809657,53
frontier03875,1704809602,1704809656,54
frontier03876,1704809588,1704809655,67
frontier03878,1704809594,1704809656,62
frontier03879,1704809604,1704809656,52
frontier03880,1704809654,1704809659,5
frontier03881,1704809345,1704809587,242
frontier03882,1704809314,1704809580,266
frontier03883,1704809602,1704809657,55
frontier03884,1704809367,1704809592,225
frontier03887,1704809602,1704809656,54
frontier03888,1704809312,1704809413,101
frontier03889,1704809249,1704809296,47
frontier03890,1704809345,1704809582,237
frontier03891,1704809576,1704809650,74
frontier03892,1704809296,1704809315,19
frontier03895,1704809367,1704809607,240
frontier03896,1704809602,1704809657,55
frontier03897,1704809604,1704809657,53
frontier03898,1704809233,1704809285,52
frontier03899,1704809602,1704809656,54
frontier03900,1704809654,1704809659,5
frontier03901,1704809602,1704809656,54
frontier03902,1704809232,1704809276,44
frontier03903,1704809306,1704809593,287
frontier03904,1704809603,1704809658,55
frontier03905,1704809232,1704809277,45
frontier03906,1704809313,1704809594,281
frontier03907,1704809313,1704809593,280
frontier03908,1704809345,1704809606,261
frontier03909,1704809367,1704809606,239
frontier03910,1704809223,1704809272,49
frontier03911,1704809602,1704809656,54
frontier03912,1704809249,1704809298,49
frontier03913,1704809325,1704809413,88
frontier03914,1704809602,1704809656,54
frontier03915,1704809325,1704809594,269
frontier03916,1704809280,1704809316,36
frontier03917,1704809604,1704809657,53
frontier03918,1704809204,1704809272,68
frontier03919,1704809232,1704809265,33
frontier03920,1704809580,1704809649,69
frontier03921,1704809367,1704809607,240
frontier03922,1704809367,1704809606,239
frontier03923,1704809286,1704809328,42
frontier03924,1704809602,1704809656,54
frontier03925,1704809204,1704809273,69
frontier03926,1704809343,1704809606,263
frontier03927,1704809314,1704809369,55
frontier03928,1704809654,1704809659,5
frontier03929,1704809325,1704809413,88
frontier03930,1704809107,1704809130,23
frontier03932,1704809594,1704809656,62
frontier03933,1704809581,1704809653,72
frontier03934,1704809323,1704809582,259
frontier03935,1704809589,1704809654,65
frontier03936,1704809110,1704809127,17
frontier03937,1704809232,1704809263,31
frontier03941,1704809586,1704809654,68
frontier03942,1704809604,1704809656,52
frontier03943,1704809344,1704809588,244
frontier03944,1704809110,1704809130,20
frontier03945,1704809225,1704809269,44
frontier03946,1704809101,1704809120,19
frontier03947,1704809285,1704809328,43
frontier03948,1704809175,1704809197,22
frontier03949,1704809345,1704809582,237
frontier03950,1704809176,1704809197,21
frontier03951,1704809603,1704809658,55
frontier03952,1704809602,1704809656,54
frontier03953,1704809603,1704809657,54
frontier03954,1704809576,1704809653,77
frontier03955,1704809580,1704809652,72
frontier03956,1704809604,1704809657,53
frontier03957,1704809367,1704809593,226
frontier03958,1704809202,1704809263,61
frontier03959,1704809221,1704809265,44
frontier03960,1704809344,1704809588,244
frontier03961,1704809576,1704809649,73
frontier03963,1704809130,1704809163,33
frontier03964,1704809344,1704809605,261
frontier03965,1704809322,1704809583,261
frontier03966,1704809298,1704809389,91
frontier03967,1704809345,1704809605,260
frontier03968,1704809367,1704809607,240
frontier03969,1704809285,1704809329,44
frontier03971,1704809223,1704809269,46
frontier03972,1704809586,1704809654,68
frontier03973,1704809203,1704809276,73
frontier03974,1704809325,1704809588,263
frontier03975,1704809602,1704809657,55
frontier03976,1704809345,1704809605,260
frontier03977,1704809264,1704809323,59
frontier03979,1704809222,1704809268,46
frontier03980,1704809177,1704809198,21
frontier03981,1704809344,1704809581,237
frontier03982,1704809296,1704809315,19
frontier03983,1704809204,1704809275,71
frontier03984,1704809110,1704809131,21
frontier03985,1704809654,1704809659,5
frontier03987,1704809601,1704809657,56
frontier03988,1704809280,1704809328,48
frontier03989,1704809592,1704809656,64
frontier03990,1704809325,1704809582,257
frontier03991,1704809367,1704809606,239
frontier03992,1704809587,1704809654,67
frontier03993,1704809601,1704809656,55
frontier03994,1704809367,1704809607,240
frontier03995,1704809345,1704809607,262
frontier03996,1704809602,1704809656,54
frontier03997,1704809285,1704809328,43
frontier03998,1704809589,1704809656,67
frontier03999,1704809345,1704809580,235
frontier04000,1704809223,1704809271,48
frontier04002,1704809586,1704809653,67
frontier04003,1704809264,1704809323,59
frontier04005,1704809605,1704809658,53
frontier04006,1704809296,1704809316,20
frontier04007,1704809344,1704809581,237
frontier04008,1704809602,1704809656,54
frontier04009,1704809604,1704809658,54
frontier04010,1704809604,1704809657,53
frontier04011,1704809224,1704809262,38
frontier04012,1704809602,1704809656,54
frontier04013,1704809367,1704809606,239
frontier04015,1704809325,1704809601,276
frontier04016,1704809285,1704809328,43
frontier04017,1704809580,1704809649,69
frontier04020,1704809199,1704809263,64
frontier04021,1704809594,1704809656,62
frontier04022,1704809345,1704809582,237
frontier04023,1704809202,1704809263,61
frontier04024,1704809654,1704809659,5
frontier04025,1704809198,1704809223,25
frontier04026,1704809326,1704809606,280
frontier04027,1704809604,1704809657,53
frontier04028,1704809576,1704809653,77
frontier04029,1704809581,1704809654,73
frontier04030,1704809345,1704809606,261
frontier04031,1704809591,1704809656,65
frontier04032,1704809232,1704809259,27
frontier04033,1704809604,1704809658,54
frontier04034,1704809325,1704809585,260
frontier04035,1704809601,1704809657,56
frontier04036,1704809586,1704809652,66
frontier04037,1704809345,1704809413,68
frontier04038,1704809345,1704809606,261
frontier04039,1704809203,1704809274,71
frontier04040,1704809602,1704809657,55
frontier04041,1704809198,1704809222,24
frontier04042,1704809602,1704809657,55
frontier04043,1704809604,1704809656,52
frontier04045,1704809604,1704809656,52
frontier04046,1704809593,1704809656,63
frontier04047,1704809602,1704809656,54
frontier04048,1704809325,1704809602,277
frontier04051,1704809602,1704809657,55
frontier04052,1704809602,1704809657,55
frontier04053,1704809593,1704809657,64
frontier04054,1704809345,1704809581,236
frontier04055,1704809232,1704809297,65
frontier04057,1704809232,1704809274,42
frontier04059,1704809325,1704809594,269
frontier04060,1704809654,1704809659,5
frontier04061,1704809176,1704809197,21
frontier04062,1704809602,1704809656,54
frontier04064,1704809589,1704809654,65
frontier04065,1704809654,1704809659,5
frontier04066,1704809344,1704809585,241
frontier04068,1704809367,1704809581,214
frontier04069,1704809576,1704809649,73
frontier04070,1704809203,1704809271,68
frontier04071,1704809272,1704809325,53
frontier04072,1704809367,1704809592,225
frontier04073,1704809264,1704809324,60
frontier04074,1704809576,1704809653,77
frontier04075,1704809602,1704809657,55
frontier04076,1704809296,1704809328,32
frontier04077,1704809586,1704809654,68
frontier04078,1704809345,1704809582,237
frontier04079,1704809286,1704809328,42
frontier04080,1704809604,1704809656,52
frontier04081,1704809591,1704809656,65
frontier04082,1704809602,1704809656,54
frontier04083,1704809163,1704809198,35
frontier04084,1704809312,1704809588,276
frontier04085,1704809232,1704809277,45
frontier04086,1704809604,1704809657,53
frontier04087,1704809222,1704809265,43
frontier04088,1704809602,1704809656,54
frontier04089,1704809325,1704809576,251
frontier04091,1704809367,1704809413,46
frontier04092,1704809367,1704809577,210
frontier04093,1704809587,1704809655,68
frontier04095,1704809591,1704809656,65
frontier04097,1704809203,1704809269,66
frontier04099,1704809594,1704809656,62
frontier04100,1704809326,1704809579,253
frontier04101,1704809602,1704809656,54
frontier04102,1704809218,1704809277,59
frontier04104,1704809580,1704809652,72
frontier04105,1704809604,1704809656,52
frontier04106,1704809203,1704809262,59
frontier04109,1704809177,1704809197,20
frontier04110,1704809198,1704809223,25
frontier04111,1704809592,1704809656,64
frontier04112,1704809343,1704809606,263
frontier04113,1704809232,1704809275,43
frontier04114,1704809580,1704809649,69
frontier04115,1704809325,1704809589,264
frontier04116,1704809325,1704809346,21
frontier04118,1704809576,1704809650,74
frontier04120,1704809285,1704809328,43
frontier04121,1704809285,1704809328,43
frontier04122,1704809293,1704809326,33
frontier04123,1704809203,1704809272,69
frontier04124,1704809345,1704809588,243
frontier04126,1704809313,1704809593,280
frontier04127,1704809232,1704809265,33
frontier04128,1704809306,1704809606,300
frontier04129,1704809232,1704809296,64
frontier04130,1704809344,1704809588,244
frontier04131,1704809232,1704809277,45
frontier04132,1704809306,1704809593,287
frontier04133,1704809264,1704809307,43
frontier04134,1704809601,1704809656,55
frontier04135,1704809586,1704809649,63
frontier04136,1704809604,1704809657,53
frontier04137,1704809592,1704809656,64
frontier04138,1704809325,1704809594,269
frontier04139,1704809163,1704809198,35
frontier04140,1704809604,1704809657,53
frontier04141,1704809368,1704809636,268
frontier04142,1704809280,1704809316,36
frontier04143,1704809602,1704809656,54
frontier04144,1704809604,1704809657,53
frontier04145,1704809592,1704809657,65
frontier04148,1704809602,1704809656,54
frontier04149,1704809177,1704809198,21
frontier04153,1704809576,1704809653,77
frontier04154,1704809249,1704809295,46
frontier04155,1704809602,1704809656,54
frontier04156,1704809594,1704809656,62
frontier04157,1704809325,1704809581,256
frontier04158,1704809345,1704809607,262
frontier04159,1704809602,1704809656,54
frontier04160,1704809367,1704809607,240
frontier04161,1704809602,1704809656,54
frontier04162,1704809325,1704809601,276
frontier04163,1704809344,1704809570,226
frontier04164,1704809586,1704809653,67
frontier04166,1704809204,1704809265,61
frontier04167,1704809601,1704809656,55
frontier04169,1704809323,1704809576,253
frontier04170,1704809203,1704809273,70
frontier04171,1704809654,1704809659,5
frontier04172,1704809286,1704809328,42
frontier04173,1704809232,1704809274,42
frontier04176,1704809586,1704809650,64
frontier04177,1704809602,1704809657,55
frontier04178,1704809602,1704809657,55
frontier04179,1704809198,1704809223,25
frontier04180,1704809204,1704809273,69
frontier04181,1704809594,1704809656,62
frontier04182,1704809592,1704809656,64
frontier04183,1704809602,1704809656,54
frontier04184,1704809232,1704809265,33
frontier04185,1704809602,1704809658,56
frontier04186,1704809313,1704809606,293
frontier04187,1704809285,1704809328,43
frontier04188,1704809228,1704809271,43
frontier04189,1704809221,1704809265,44
frontier04190,1704809602,1704809656,54
frontier04191,1704809345,1704809581,236
frontier04192,1704809602,1704809657,55
frontier04193,1704809586,1704809653,67
frontier04194,1704809654,1704809659,5
frontier04195,1704809314,1704809372,58
frontier04196,1704809315,1704809593,278
frontier04197,1704809589,1704809655,66
frontier04198,1704809345,1704809607,262
frontier04199,1704809344,1704809580,236
frontier04200,1704809326,1704809605,279
frontier04201,1704809325,1704809593,268
frontier04202,1704809602,1704809656,54
frontier04203,1704809198,1704809233,35
frontier04204,1704809202,1704809262,60
frontier04205,1704809602,1704809657,55
frontier04206,1704809580,1704809653,73
frontier04207,1704809367,1704809607,240
frontier04208,1704809345,1704809580,235
frontier04209,1704809594,1704809656,62
frontier04210,1704809285,1704809328,43
frontier04211,1704809604,1704809657,53
frontier04212,1704809285,1704809328,43
frontier04214,1704809323,1704809576,253
frontier04215,1704809576,1704809649,73
frontier04216,1704809225,1704809269,44
frontier04217,1704809604,1704809657,53
frontier04218,1704809285,1704809328,43
frontier04219,1704809312,1704809585,273
frontier04220,1704809232,1704809273,41
frontier04221,1704809199,1704809261,62
frontier04223,1704809367,1704809606,239
frontier04225,1704809586,1704809654,68
frontier04227,1704809593,1704809656,63
frontier04228,1704809654,1704809659,5
frontier04229,1704809225,1704809269,44
frontier04230,1704809325,1704809594,269
frontier04232,1704809296,1704809316,20
frontier04233,1704809344,1704809587,243
frontier04234,1704809345,1704809580,235
frontier04237,1704809347,1704809636,289
frontier04238,1704809604,1704809657,53
frontier04239,1704809323,1704809584,261
frontier04240,1704809602,1704809657,55
frontier04241,1704809265,1704809323,58
frontier04242,1704809344,1704809581,237
frontier04243,1704809603,1704809656,53
frontier04244,1704809345,1704809592,247
frontier04247,1704809602,1704809656,54
frontier04248,1704809312,1704809587,275
frontier04249,1704809581,1704809653,72
frontier04250,1704809215,1704809271,56
frontier04251,1704809346,1704809607,261
frontier04252,1704809654,1704809659,5
frontier04253,1704809344,1704809587,243
frontier04254,1704809325,1704809593,268
frontier04255,1704809604,1704809656,52
frontier04256,1704809580,1704809649,69
frontier04257,1704809368,1704809638,270
frontier04258,1704809344,1704809582,238
frontier04259,1704809232,1704809265,33
frontier04260,1704809594,1704809656,62
frontier04261,1704809367,1704809607,240
frontier04262,1704809325,1704809594,269
frontier04263,1704809654,1704809659,5
frontier04264,1704809602,1704809657,55
frontier04265,1704809602,1704809657,55
frontier04266,1704809345,1704809606,261
frontier04267,1704809202,1704809263,61
frontier04268,1704809602,1704809657,55
frontier04269,1704809654,1704809658,4
frontier04271,1704809367,1704809581,214
frontier04274,1704809602,1704809656,54
frontier04275,1704809581,1704809653,72
frontier04276,1704809589,1704809655,66
frontier04277,1704809369,1704809636,267
frontier04278,1704809602,1704809656,54
frontier04279,1704809602,1704809656,54
frontier04280,1704809576,1704809649,73
frontier04281,1704809232,1704809276,44
frontier04284,1704809592,1704809657,65
frontier04285,1704809277,1704809327,50
frontier04286,1704809586,1704809650,64
frontier04287,1704809589,1704809655,66
frontier04288,1704809232,1704809275,43
frontier04289,1704809602,1704809657,55
frontier04290,1704809325,1704809592,267
frontier04291,1704809346,1704809625,279
frontier04292,1704809278,1704809328,50
frontier04293,1704809315,1704809568,253
frontier04294,1704809581,1704809653,72
frontier04295,1704809345,1704809606,261
frontier04296,1704809602,1704809657,55
frontier04297,1704809323,1704809571,248
frontier04298,1704809604,1704809656,52
frontier04299,1704809586,1704809650,64
frontier04300,1704809604,1704809656,52
frontier04301,1704809232,1704809296,64
frontier04302,1704809586,1704809653,67
frontier04303,1704809593,1704809656,63
frontier04304,1704809198,1704809222,24
frontier04305,1704809285,1704809328,43
frontier04306,1704809603,1704809656,53
frontier04307,1704809224,1704809270,46
frontier04308,1704809587,1704809655,68
frontier04309,1704809325,1704809594,269
frontier04310,1704809602,1704809657,55
frontier04311,1704809198,1704809222,24
frontier04312,1704809593,1704809656,63
frontier04313,1704809345,1704809606,261
frontier04314,1704809275,1704809325,50
frontier04315,1704809101,1704809118,17
frontier04316,1704809589,1704809656,67
frontier04319,1704809588,1704809654,66
frontier04320,1704809654,1704809659,5
frontier04323,1704809316,1704809604,288
frontier04324,1704809325,1704809576,251
frontier04325,1704809604,1704809657,53
frontier04326,1704809345,1704809605,260
frontier04327,1704809232,1704809296,64
frontier04328,1704809367,1704809607,240
frontier04329,1704809604,1704809657,53
frontier04330,1704809602,1704809657,55
frontier04331,1704809586,1704809654,68
frontier04332,1704809654,1704809659,5
frontier04334,1704809306,1704809581,275
frontier04335,1704809604,1704809656,52
frontier04336,1704809576,1704809653,77
frontier04337,1704809602,1704809656,54
frontier04338,1704809654,1704809659,5
frontier04339,1704809232,1704809275,43
frontier04340,1704809177,1704809198,21
frontier04341,1704809316,1704809607,291
frontier04342,1704809285,1704809328,43
frontier04343,1704809605,1704809658,53
frontier04344,1704809228,1704809270,42
frontier04345,1704809314,1704809589,275
frontier04346,1704809602,1704809656,54
frontier04347,1704809592,1704809656,64
frontier04348,1704809306,1704809606,300
frontier04349,1704809232,1704809294,62
frontier04350,1704809325,1704809587,262
frontier04351,1704809294,1704809328,34
frontier04352,1704809232,1704809265,33
frontier04353,1704809312,1704809593,281
frontier04354,1704809588,1704809654,66
frontier04355,1704809346,1704809612,266
frontier04357,1704809589,1704809654,65
frontier04358,1704809215,1704809273,58
frontier04359,1704809589,1704809654,65
frontier04360,1704809369,1704809626,257
frontier04361,1704809602,1704809656,54
frontier04365,1704809604,1704809656,52
frontier04366,1704809232,1704809275,43
frontier04367,1704809232,1704809273,41
frontier04368,1704809345,1704809607,262
frontier04369,1704809215,1704809273,58
frontier04371,1704809604,1704809656,52
frontier04372,1704809232,1704809276,44
frontier04373,1704809314,1704809583,269
frontier04374,1704809313,1704809594,281
frontier04377,1704809604,1704809656,52
frontier04378,1704809346,1704809625,279
frontier04379,1704809232,1704809275,43
frontier04380,1704809225,1704809270,45
frontier04381,1704809223,1704809269,46
frontier04382,1704809325,1704809592,267
frontier04383,1704809232,1704809294,62
frontier04384,1704809293,1704809328,35
frontier04385,1704809325,1704809592,267
frontier04386,1704809586,1704809653,67
frontier04387,1704809604,1704809657,53
frontier04388,1704809606,1704809658,52
frontier04389,1704809343,1704809606,263
frontier04390,1704809367,1704809606,239
frontier04391,1704809593,1704809656,63
frontier04392,1704809293,1704809370,77
frontier04393,1704809322,1704809411,89
frontier04394,1704809285,1704809328,43
frontier04395,1704809591,1704809656,65
frontier04396,1704809344,1704809588,244
frontier04397,1704809580,1704809653,73
frontier04400,1704809602,1704809656,54
frontier04401,1704809602,1704809657,55
frontier04402,1704809602,1704809657,55
frontier04404,1704809602,1704809656,54
frontier04406,1704809345,1704809607,262
frontier04407,1704809593,1704809656,63
frontier04408,1704809602,1704809657,55
frontier04409,1704809285,1704809328,43
frontier04410,1704809589,1704809656,67
frontier04411,1704809586,1704809654,68
frontier04414,1704809593,1704809656,63
frontier04415,1704809591,1704809656,65
frontier04416,1704809224,1704809272,48
frontier04417,1704809222,1704809263,41
frontier04418,1704809325,1704809602,277
frontier04419,1704809264,1704809323,59
frontier04420,1704809285,1704809328,43
frontier04421,1704809367,1704809593,226
frontier04422,1704809592,1704809657,65
frontier04423,1704809345,1704809606,261
frontier04424,1704809586,1704809649,63
frontier04425,1704809198,1704809277,79
frontier04426,1704809198,1704809226,28
frontier04427,1704809345,1704809608,263
frontier04428,1704809602,1704809657,55
frontier04429,1704809602,1704809657,55
frontier04430,1704809604,1704809657,53
frontier04431,1704809367,1704809607,240
frontier04432,1704809204,1704809273,69
frontier04433,1704809232,1704809277,45
frontier04434,1704809606,1704809658,52
frontier04435,1704809601,1704809656,55
frontier04436,1704809604,1704809656,52
frontier04437,1704809602,1704809656,54
frontier04438,1704809232,1704809285,53
frontier04439,1704809313,1704809588,275
frontier04440,1704809367,1704809607,240
frontier04441,1704809325,1704809601,276
frontier04442,1704809325,1704809589,264
frontier04443,1704809654,1704809659,5
frontier04444,1704809344,1704809571,227
frontier04446,1704809367,1704809606,239
frontier04450,1704809602,1704809656,54
frontier04451,1704809602,1704809656,54
frontier04452,1704809602,1704809656,54
frontier04453,1704809604,1704809656,52
frontier04454,1704809367,1704809607,240
frontier04455,1704809232,1704809273,41
frontier04456,1704809367,1704809593,226
frontier04457,1704809602,1704809656,54
frontier04458,1704809345,1704809605,260
frontier04459,1704809602,1704809656,54
frontier04460,1704809323,1704809391,68
frontier04462,1704809345,1704809607,262
frontier04463,1704809588,1704809655,67
frontier04464,1704809602,1704809657,55
frontier04465,1704809580,1704809653,73
frontier04466,1704809367,1704809607,240
frontier04467,1704809602,1704809656,54
frontier04468,1704809232,1704809271,39
frontier04469,1704809367,1704809605,238
frontier04470,1704809202,1704809263,61
frontier04471,1704809203,1704809273,70
frontier04472,1704809602,1704809656,54
frontier04473,1704809249,1704809299,50
frontier04474,1704809602,1704809656,54
frontier04475,1704809325,1704809589,264
frontier04479,1704809602,1704809656,54
frontier04480,1704809604,1704809657,53
frontier04481,1704809306,1704809593,287
frontier04483,1704809285,1704809328,43
frontier04484,1704809367,1704809593,226
frontier04485,1704809232,1704809296,64
frontier04486,1704809325,1704809594,269
frontier04487,1704809367,1704809580,213
frontier04488,1704809576,1704809653,77
frontier04489,1704809606,1704809658,52
frontier04493,1704809601,1704809656,55
frontier04494,1704809325,1704809581,256
frontier04495,1704809325,1704809586,261
frontier04496,1704809602,1704809657,55
frontier04497,1704809602,1704809656,54
frontier04498,1704809602,1704809656,54
frontier04499,1704809325,1704809588,263
frontier04502,1704809602,1704809656,54
frontier04503,1704809588,1704809654,66
frontier04504,1704809316,1704809591,275
frontier04505,1704809203,1704809273,70
frontier04506,1704809367,1704809607,240
frontier04507,1704809232,1704809296,64
frontier04508,1704809345,1704809592,247
frontier04509,1704809603,1704809657,54
frontier04510,1704809602,1704809656,54
frontier04511,1704809202,1704809261,59
frontier04512,1704809367,1704809592,225
frontier04513,1704809602,1704809657,55
frontier04514,1704809199,1704809262,63
frontier04515,1704809264,1704809306,42
frontier04516,1704809367,1704809592,225
frontier04517,1704809203,1704809263,60
frontier04518,1704809604,1704809656,52
frontier04519,1704809232,1704809265,33
frontier04520,1704809175,1704809197,22
frontier04521,1704809580,1704809653,73
frontier04522,1704809605,1704809658,53
frontier04523,1704809249,1704809295,46
frontier04524,1704809367,1704809592,225
frontier04526,1704809265,1704809323,58
frontier04529,1704809323,1704809583,260
frontier04530,1704809589,1704809655,66
frontier04531,1704809221,1704809262,41
frontier04532,1704809264,1704809323,59
frontier04533,1704809199,1704809262,63
frontier04534,1704809367,1704809606,239
frontier04535,1704809326,1704809413,87
frontier04536,1704809604,1704809657,53
frontier04537,1704809326,1704809606,280
frontier04539,1704809285,1704809328,43
frontier04541,1704809280,1704809316,36
frontier04542,1704809601,1704809657,56
frontier04543,1704809593,1704809657,64
frontier04544,1704809249,1704809295,46
frontier04545,1704809603,1704809657,54
frontier04546,1704809602,1704809657,55
frontier04547,1704809367,1704809592,225
frontier04548,1704809218,1704809272,54
frontier04549,1704809280,1704809328,48
frontier04550,1704809589,1704809655,66
frontier04551,1704809589,1704809654,65
frontier04552,1704809345,1704809607,262
frontier04553,1704809278,1704809326,48
frontier04554,1704809588,1704809654,66
frontier04555,1704809589,1704809656,67
frontier04556,1704809204,1704809272,68
frontier04557,1704809589,1704809655,66
frontier04558,1704809589,1704809655,66
frontier04559,1704809223,1704809267,44
frontier04560,1704809602,1704809656,54
frontier04563,1704809602,1704809656,54
frontier04564,1704809344,1704809592,248
frontier04565,1704809315,1704809593,278
frontier04566,1704809285,1704809588,303
frontier04567,1704809594,1704809657,63
frontier04568,1704809367,1704809606,239
frontier04569,1704809325,1704809582,257
frontier04572,1704809306,1704809592,286
frontier04574,1704809345,1704809606,261
frontier04575,1704809654,1704809659,5
frontier04576,1704809586,1704809654,68
frontier04577,1704809604,1704809657,53
frontier04578,1704809602,1704809657,55
frontier04579,1704809368,1704809615,247
frontier04580,1704809601,1704809656,55
frontier04581,1704809586,1704809650,64
frontier04582,1704809602,1704809656,54
frontier04583,1704809602,1704809656,54
frontier04584,1704809654,1704809659,5
frontier04585,1704809367,1704809607,240
frontier04586,1704809285,1704809328,43
frontier04587,1704809604,1704809657,53
frontier04588,1704809594,1704809656,62
frontier04589,1704809604,1704809656,52
frontier04590,1704809367,1704809606,239
frontier04591,1704809345,1704809580,235
frontier04592,1704809602,1704809656,54
frontier04593,1704809345,1704809606,261
frontier04594,1704809220,1704809272,52
frontier04595,1704809367,1704809606,239
frontier04596,1704809285,1704809328,43
frontier04597,1704809280,1704809328,48
frontier04598,1704809586,1704809654,68
frontier04599,1704809346,1704809577,231
frontier04601,1704809264,1704809323,59
frontier04602,1704809369,1704809625,256
frontier04606,1704809345,1704809593,248
frontier04608,1704809367,1704809607,240
frontier04609,1704809163,1704809178,15
frontier04611,1704809315,1704809586,271
frontier04612,1704809593,1704809656,63
frontier04613,1704809589,1704809654,65
frontier04614,1704809581,1704809654,73
frontier04615,1704809225,1704809268,43
frontier04616,1704809222,1704809265,43
frontier04617,1704809588,1704809654,66
frontier04621,1704809592,1704809657,65
frontier04622,1704809202,1704809261,59
frontier04623,1704809293,1704809345,52
frontier04624,1704809580,1704809650,70
frontier04625,1704809588,1704809654,66
frontier04626,1704809602,1704809657,55
frontier04627,1704809202,1704809262,60
frontier04630,1704809315,1704809600,285
frontier04631,1704809586,1704809653,67
frontier04632,1704809576,1704809654,78
frontier04633,1704809325,1704809594,269
frontier04634,1704809285,1704809328,43
frontier04635,1704809654,1704809659,5
frontier04636,1704809347,1704809602,255
frontier04637,1704809232,1704809265,33
frontier04638,1704809604,1704809657,53
frontier04639,1704809344,1704809607,263
frontier04640,1704809576,1704809653,77
frontier04641,1704809602,1704809656,54
frontier04642,1704809325,1704809585,260
frontier04643,1704809589,1704809656,67
frontier04644,1704809593,1704809657,64
frontier04645,1704809345,1704809607,262
frontier04646,1704809601,1704809656,55
frontier04647,1704809232,1704809264,32
frontier04648,1704809249,1704809298,49
frontier04649,1704809602,1704809656,54
frontier04650,1704809576,1704809650,74
frontier04653,1704809293,1704809328,35
frontier04654,1704809602,1704809656,54
frontier04656,1704809592,1704809656,64
frontier04657,1704809587,1704809654,67
frontier04658,1704809580,1704809650,70
frontier04659,1704809296,1704809315,19
frontier04660,1704809602,1704809656,54
frontier04661,1704809580,1704809649,69
frontier04662,1704809601,1704809656,55
frontier04663,1704809580,1704809650,70
frontier04664,1704809654,1704809659,5
frontier04665,1704809602,1704809657,55
frontier04666,1704809576,1704809649,73
frontier04669,1704809591,1704809656,65
frontier04670,1704809233,1704809286,53
frontier04671,1704809175,1704809198,23
frontier04672,1704809264,1704809323,59
frontier04673,1704809586,1704809653,67
frontier04674,1704809654,1704809658,4
frontier04675,1704809293,1704809328,35
frontier04676,1704809601,1704809656,55
frontier04677,1704809163,1704809197,34
frontier04678,1704809576,1704809650,74
frontier04679,1704809604,1704809656,52
frontier04680,1704809345,1704809605,260
frontier04681,1704809203,1704809272,69
frontier04682,1704809580,1704809652,72
frontier04683,1704809581,1704809653,72
frontier04684,1704809586,1704809653,67
frontier04685,1704809581,1704809653,72
frontier04686,1704809589,1704809656,67
frontier04687,1704809325,1704809585,260
frontier04688,1704809345,1704809605,260
frontier04689,1704809215,1704809272,57
frontier04690,1704809586,1704809653,67
frontier04691,1704809580,1704809653,73
frontier04692,1704809217,1704809272,55
frontier04693,1704809593,1704809656,63
frontier04694,1704809323,1704809412,89
frontier04695,1704809576,1704809649,73
frontier04696,1704809602,1704809657,55
frontier04697,1704809603,1704809656,53
frontier04698,1704809232,1704809274,42
frontier04699,1704809589,1704809655,66
frontier04700,1704809602,1704809656,54
frontier04701,1704809326,1704809605,279
frontier04702,1704809602,1704809656,54
frontier04703,1704809602,1704809656,54
frontier04704,1704809232,1704809274,42
frontier04705,1704809232,1704809272,40
frontier04706,1704809158,1704809165,7
frontier04707,1704809198,1704809223,25
frontier04708,1704809604,1704809656,52
frontier04709,1704809198,1704809222,24
frontier04710,1704809367,1704809607,240
frontier04711,1704809588,1704809655,67
frontier04712,1704809367,1704809607,240
frontier04713,1704809163,1704809179,16
frontier04714,1704809315,1704809412,97
frontier04715,1704809323,1704809579,256
frontier04716,1704809580,1704809650,70
frontier04721,1704809223,1704809269,46
frontier04722,1704809285,1704809328,43
frontier04723,1704809367,1704809593,226
frontier04724,1704809225,1704809270,45
frontier04725,1704809588,1704809653,65
frontier04726,1704809232,1704809294,62
frontier04728,1704809218,1704809271,53
frontier04729,1704809603,1704809657,54
frontier04730,1704809586,1704809654,68
frontier04731,1704809368,1704809636,268
frontier04732,1704809285,1704809588,303
frontier04733,1704809325,1704809583,258
frontier04734,1704809367,1704809605,238
frontier04735,1704809367,1704809592,225
frontier04737,1704809367,1704809580,213
frontier04739,1704809367,1704809606,239
frontier04740,1704809223,1704809271,48
frontier04741,1704809164,1704809186,22
frontier04742,1704809222,1704809271,49
frontier04743,1704809266,1704809323,57
frontier04744,1704809604,1704809657,53
frontier04745,1704809602,1704809657,55
frontier04747,1704809286,1704809328,42
frontier04748,1704809580,1704809650,70
frontier04751,1704809344,1704809588,244
frontier04752,1704809344,1704809579,235
frontier04753,1704809345,1704809580,235
frontier04754,1704809602,1704809657,55
frontier04755,1704809346,1704809584,238
frontier04756,1704809576,1704809652,76
frontier04757,1704809602,1704809657,55
frontier04760,1704809602,1704809656,54
frontier04761,1704809222,1704809266,44
frontier04762,1704809285,1704809328,43
frontier04763,1704809232,1704809296,64
frontier04764,1704809604,1704809656,52
frontier04765,1704809223,1704809265,42
frontier04766,1704809232,1704809294,62
frontier04767,1704809654,1704809659,5
frontier04768,1704809602,1704809657,55
frontier04769,1704809576,1704809653,77
frontier04770,1704809233,1704809285,52
frontier04772,1704809580,1704809649,69
frontier04773,1704809203,1704809261,58
frontier04774,1704809602,1704809657,55
frontier04775,1704809588,1704809654,66
frontier04776,1704809232,1704809259,27
frontier04777,1704809344,1704809589,245
frontier04778,1704809588,1704809654,66
frontier04779,1704809589,1704809655,66
frontier04780,1704809602,1704809656,54
frontier04781,1704809306,1704809588,282
frontier04784,1704809202,1704809261,59
frontier04785,1704809367,1704809605,238
frontier04786,1704809576,1704809649,73
frontier04787,1704809604,1704809657,53
frontier04788,1704809203,1704809263,60
frontier04789,1704809604,1704809656,52
frontier04790,1704809203,1704809275,72
frontier04791,1704809367,1704809607,240
frontier04794,1704809602,1704809656,54
frontier04795,1704809285,1704809328,43
frontier04796,1704809654,1704809659,5
frontier04797,1704809576,1704809653,77
frontier04798,1704809285,1704809328,43
frontier04799,1704809602,1704809657,55
frontier04800,1704809198,1704809223,25
frontier04801,1704809576,1704809652,76
frontier04802,1704809602,1704809657,55
frontier04803,1704809345,1704809589,244
frontier04804,1704809602,1704809657,55
frontier04805,1704809602,1704809656,54
frontier04806,1704809589,1704809654,65
frontier04807,1704809285,1704809328,43
frontier04808,1704809325,1704809579,254
frontier04809,1704809604,1704809656,52
frontier04810,1704809602,1704809657,55
frontier04811,1704809602,1704809657,55
frontier04812,1704809589,1704809655,66
frontier04813,1704809586,1704809653,67
frontier04814,1704809576,1704809649,73
frontier04815,1704809576,1704809649,73
frontier04816,1704809580,1704809652,72
frontier04817,1704809602,1704809656,54
frontier04818,1704809654,1704809659,5
frontier04819,1704809602,1704809656,54
frontier04820,1704809285,1704809328,43
frontier04821,1704809233,1704809286,53
frontier04822,1704809224,1704809268,44
frontier04823,1704809346,1704809614,268
frontier04824,1704809233,1704809297,64
frontier04825,1704809215,1704809272,57
frontier04826,1704809602,1704809656,54
frontier04827,1704809367,1704809592,225
frontier04828,1704809198,1704809222,24
frontier04829,1704809604,1704809656,52
frontier04830,1704809232,1704809275,43
frontier04831,1704809306,1704809592,286
frontier04832,1704809581,1704809654,73
frontier04833,1704809249,1704809295,46
frontier04834,1704809199,1704809221,22
frontier04835,1704809602,1704809656,54
frontier04836,1704809602,1704809657,55
frontier04837,1704809367,1704809606,239
frontier04838,1704809581,1704809653,72
frontier04839,1704809594,1704809656,62
frontier04840,1704809602,1704809657,55
frontier04841,1704809367,1704809413,46
frontier04842,1704809603,1704809656,53
frontier04845,1704809602,1704809657,55
frontier04846,1704809232,1704809267,35
frontier04849,1704809313,1704809570,257
frontier04850,1704809604,1704809656,52
frontier04851,1704809345,1704809605,260
frontier04852,1704809602,1704809656,54
frontier04853,1704809204,1704809271,67
frontier04854,1704809602,1704809656,54
frontier04855,1704809369,1704809613,244
frontier04856,1704809325,1704809587,262
frontier04857,1704809232,1704809275,43
frontier04858,1704809602,1704809657,55
frontier04859,1704809345,1704809606,261
frontier04860,1704809225,1704809264,39
frontier04861,1704809265,1704809323,58
frontier04862,1704809586,1704809653,67
frontier04863,1704809232,1704809277,45
frontier04865,1704809323,1704809576,253
frontier04866,1704809604,1704809657,53
frontier04867,1704809602,1704809656,54
frontier04868,1704809325,1704809603,278
frontier04869,1704809367,1704809612,245
frontier04870,1704809602,1704809657,55
frontier04871,1704809602,1704809656,54
frontier04872,1704809345,1704809605,260
frontier04873,1704809198,1704809223,25
frontier04877,1704809654,1704809659,5
frontier04878,1704809592,1704809656,64
frontier04879,1704809285,1704809328,43
frontier04880,1704809232,1704809276,44
frontier04881,1704809314,1704809588,274
frontier04882,1704809344,1704809582,238
frontier04883,1704809367,1704809605,238
frontier04884,1704809344,1704809413,69
frontier04885,1704809323,1704809584,261
frontier04886,1704809602,1704809656,54
frontier04887,1704809602,1704809656,54
frontier04888,1704809325,1704809594,269
frontier04889,1704809367,1704809607,240
frontier04890,1704809581,1704809653,72
frontier04891,1704809602,1704809656,54
frontier04892,1704809249,1704809296,47
frontier04898,1704809232,1704809267,35
frontier04899,1704809602,1704809656,54
frontier04900,1704809249,1704809298,49
frontier04901,1704809325,1704809602,277
frontier04902,1704809325,1704809593,268
frontier04903,1704809232,1704809284,52
frontier04904,1704809602,1704809656,54
frontier04905,1704809602,1704809656,54
frontier04906,1704809232,1704809294,62
frontier04907,1704809602,1704809656,54
frontier04908,1704809316,1704809593,277
frontier04909,1704809604,1704809656,52
frontier04910,1704809204,1704809272,68
frontier04911,1704809345,1704809587,242
frontier04912,1704809225,1704809296,71
frontier04913,1704809202,1704809260,58
frontier04915,1704809580,1704809653,73
frontier04916,1704809602,1704809656,54
frontier04917,1704809601,1704809656,55
frontier04918,1704809346,1704809593,247
frontier04919,1704809367,1704809606,239
frontier04922,1704809346,1704809636,290
frontier04923,1704809326,1704809413,87
frontier04924,1704809602,1704809657,55
frontier04925,1704809589,1704809655,66
frontier04926,1704809285,1704809328,43
frontier04927,1704809602,1704809656,54
frontier04928,1704809322,1704809576,254
frontier04929,1704809593,1704809656,63
frontier04930,1704809312,1704809606,294
frontier04931,1704809604,1704809656,52
frontier04932,1704809367,1704809594,227
frontier04933,1704809576,1704809652,76
frontier04934,1704809325,1704809587,262
frontier04935,1704809306,1704809328,22
frontier04936,1704809594,1704809656,62
frontier04937,1704809604,1704809656,52
frontier04938,1704809204,1704809271,67
frontier04939,1704809602,1704809656,54
frontier04940,1704809576,1704809653,77
frontier04941,1704809580,1704809653,73
frontier04942,1704809202,1704809261,59
frontier04943,1704809325,1704809594,269
frontier04944,1704809580,1704809652,72
frontier04945,1704809604,1704809656,52
frontier04946,1704809586,1704809653,67
frontier04947,1704809367,1704809607,240
frontier04948,1704809580,1704809649,69
frontier04949,1704809232,1704809296,64
frontier04950,1704809198,1704809223,25
frontier04951,1704809265,1704809323,58
frontier04952,1704809586,1704809650,64
frontier04953,1704809215,1704809271,56
frontier04954,1704809264,1704809306,42
frontier04955,1704809325,1704809602,277
frontier04956,1704809345,1704809606,261
frontier04958,1704809233,1704809285,52
frontier04959,1704809589,1704809655,66
frontier04962,1704809315,1704809592,277
frontier04963,1704809367,1704809606,239
frontier04964,1704809232,1704809296,64
frontier04965,1704809654,1704809659,5
frontier04966,1704809581,1704809654,73
frontier04967,1704809345,1704809607,262
frontier04968,1704809594,1704809656,62
frontier04969,1704809345,1704809605,260
frontier04970,1704809602,1704809656,54
frontier04971,1704809232,1704809275,43
frontier04972,1704809576,1704809649,73
frontier04973,1704809326,1704809570,244
frontier04974,1704809344,1704809588,244
frontier04975,1704809654,1704809659,5
frontier04976,1704809325,1704809585,260
frontier04977,1704809580,1704809650,70
frontier04978,1704809306,1704809567,261
frontier04979,1704809223,1704809263,40
frontier04980,1704809249,1704809295,46
frontier04981,1704809580,1704809650,70
frontier04983,1704809204,1704809275,71
frontier04984,1704809312,1704809582,270
frontier04985,1704809367,1704809567,200
frontier04986,1704809280,1704809328,48
frontier04987,1704809589,1704809655,66
frontier04988,1704809602,1704809657,55
frontier04989,1704809232,1704809275,43
frontier04990,1704809312,1704809605,293
frontier04992,1704809293,1704809575,282
frontier04993,1704809604,1704809657,53
frontier04994,1704809293,1704809328,35
frontier04995,1704809656,1704809659,3
frontier04996,1704809323,1704809413,90
frontier04997,1704809602,1704809656,54
frontier04998,1704809586,1704809653,67
frontier04999,1704809325,1704809593,268
frontier05000,1704809203,1704809262,59
frontier05001,1704809602,1704809657,55
frontier05005,1704809587,1704809654,67
frontier05006,1704809602,1704809657,55
frontier05007,1704809345,1704809582,237
frontier05008,1704809163,1704809179,16
frontier05009,1704809654,1704809659,5
frontier05010,1704809222,1704809262,40
frontier05011,1704809602,1704809656,54
frontier05012,1704809604,1704809657,53
frontier05015,1704809267,1704809324,57
frontier05016,1704809232,1704809265,33
frontier05017,1704809225,1704809269,44
frontier05018,1704809602,1704809656,54
frontier05019,1704809314,1704809413,99
frontier05020,1704809232,1704809296,64
frontier05021,1704809602,1704809657,55
frontier05022,1704809576,1704809649,73
frontier05023,1704809204,1704809272,68
frontier05024,1704809325,1704809594,269
frontier05025,1704809346,1704809606,260
frontier05026,1704809345,1704809606,261
frontier05027,1704809580,1704809649,69
frontier05028,1704809345,1704809608,263
frontier05029,1704809581,1704809653,72
frontier05030,1704809315,1704809592,277
frontier05031,1704809580,1704809652,72
frontier05032,1704809218,1704809272,54
frontier05033,1704809594,1704809657,63
frontier05034,1704809589,1704809655,66
frontier05037,1704809249,1704809295,46
frontier05039,1704809592,1704809656,64
frontier05040,1704809602,1704809657,55
frontier05041,1704809602,1704809656,54
frontier05042,1704809602,1704809656,54
frontier05043,1704809602,1704809656,54
frontier05044,1704809296,1704809315,19
frontier05045,1704809293,1704809327,34
frontier05046,1704809203,1704809271,68
frontier05047,1704809602,1704809657,55
frontier05049,1704809346,1704809594,248
frontier05051,1704809592,1704809656,64
frontier05052,1704809592,1704809656,64
frontier05053,1704809604,1704809656,52
frontier05054,1704809325,1704809603,278
frontier05055,1704809316,1704809593,277
frontier05056,1704809586,1704809654,68
frontier05057,1704809580,1704809652,72
frontier05058,1704809580,1704809653,73
frontier05059,1704809345,1704809588,243
frontier05060,1704809225,1704809297,72
frontier05061,1704809602,1704809657,55
frontier05062,1704809576,1704809649,73
frontier05063,1704809345,1704809413,68
frontier05064,1704809586,1704809653,67
frontier05065,1704809232,1704809275,43
frontier05066,1704809586,1704809653,67
frontier05067,1704809593,1704809656,63
frontier05068,1704809296,1704809316,20
frontier05069,1704809586,1704809652,66
frontier05070,1704809285,1704809328,43
frontier05071,1704809367,1704809592,225
frontier05072,1704809325,1704809581,256
frontier05073,1704809293,1704809328,35
frontier05074,1704809580,1704809649,69
frontier05075,1704809367,1704809605,238
frontier05076,1704809594,1704809656,62
frontier05077,1704809600,1704809656,56
frontier05078,1704809369,1704809608,239
frontier05079,1704809602,1704809657,55
frontier05082,1704809602,1704809656,54
frontier05083,1704809586,1704809654,68
frontier05084,1704809588,1704809654,66
frontier05085,1704809604,1704809657,53
frontier05086,1704809586,1704809653,67
frontier05087,1704809345,1704809606,261
frontier05088,1704809199,1704809262,63
frontier05089,1704809278,1704809328,50
frontier05090,1704809606,1704809658,52
frontier05091,1704809232,1704809266,34
frontier05092,1704809325,1704809594,269
frontier05093,1704809586,1704809653,67
frontier05094,1704809325,1704809592,267
frontier05095,1704809198,1704809223,25
frontier05096,1704809223,1704809274,51
frontier05097,1704809367,1704809607,240
frontier05098,1704809601,1704809656,55
frontier05099,1704809602,1704809656,54
frontier05100,1704809325,1704809583,258
frontier05101,1704809325,1704809593,268
frontier05102,1704809594,1704809656,62
frontier05105,1704809164,1704809172,8
frontier05106,1704809602,1704809657,55
frontier05107,1704809344,1704809581,237
frontier05108,1704809325,1704809413,88
frontier05109,1704809203,1704809263,60
frontier05110,1704809367,1704809593,226
frontier05111,1704809602,1704809656,54
frontier05112,1704809233,1704809295,62
frontier05114,1704809344,1704809580,236
frontier05115,1704809285,1704809328,43
frontier05116,1704809306,1704809592,286
frontier05117,1704809602,1704809657,55
frontier05118,1704809602,1704809657,55
frontier05119,1704809164,1704809172,8
frontier05120,1704809202,1704809274,72
frontier05121,1704809285,1704809328,43
frontier05122,1704809277,1704809326,49
frontier05123,1704809281,1704809328,47
frontier05124,1704809602,1704809657,55
frontier05125,1704809602,1704809657,55
frontier05126,1704809589,1704809655,66
frontier05127,1704809604,1704809657,53
frontier05128,1704809286,1704809328,42
frontier05129,1704809345,1704809606,261
frontier05133,1704809602,1704809657,55
frontier05134,1704809602,1704809657,55
frontier05135,1704809604,1704809657,53
frontier05136,1704809594,1704809656,62
frontier05137,1704809581,1704809653,72
frontier05138,1704809346,1704809613,267
frontier05139,1704809312,1704809594,282
frontier05140,1704809215,1704809277,62
frontier05141,1704809313,1704809579,266
frontier05142,1704809345,1704809606,261
frontier05143,1704809312,1704809328,16
frontier05144,1704809654,1704809659,5
frontier05150,1704809654,1704809659,5
frontier05151,1704809602,1704809656,54
frontier05152,1704809604,1704809656,52
frontier05153,1704809593,1704809656,63
frontier05154,1704809323,1704809605,282
frontier05155,1704809588,1704809653,65
frontier05156,1704809325,1704809594,269
frontier05157,1704809602,1704809656,54
frontier05158,1704809249,1704809296,47
frontier05159,1704809232,1704809295,63
frontier05160,1704809586,1704809653,67
frontier05161,1704809602,1704809656,54
frontier05162,1704809198,1704809226,28
frontier05163,1704809576,1704809650,74
frontier05164,1704809604,1704809656,52
frontier05165,1704809367,1704809607,240
frontier05166,1704809594,1704809656,62
frontier05167,1704809344,1704809583,239
frontier05169,1704809602,1704809656,54
frontier05170,1704809325,1704809594,269
frontier05171,1704809586,1704809654,68
frontier05172,1704809587,1704809653,66
frontier05173,1704809602,1704809656,54
frontier05174,1704809326,1704809577,251
frontier05175,1704809604,1704809657,53
frontier05176,1704809581,1704809653,72
frontier05177,1704809217,1704809271,54
frontier05178,1704809589,1704809656,67
frontier05179,1704809203,1704809272,69
frontier05180,1704809345,1704809605,260
frontier05181,1704809589,1704809656,67
frontier05182,1704809225,1704809264,39
frontier05183,1704809223,1704809267,44
frontier05184,1704809221,1704809274,53
frontier05185,1704809367,1704809606,239
frontier05186,1704809602,1704809656,54
frontier05187,1704809602,1704809657,55
frontier05188,1704809296,1704809315,19
frontier05189,1704809232,1704809297,65
frontier05190,1704809586,1704809654,68
frontier05191,1704809654,1704809659,5
frontier05192,1704809604,1704809658,54
frontier05193,1704809221,1704809263,42
frontier05194,1704809202,1704809272,70
frontier05195,1704809602,1704809656,54
frontier05196,1704809232,1704809264,32
frontier05197,1704809233,1704809286,53
frontier05198,1704809367,1704809606,239
frontier05199,1704809203,1704809269,66
frontier05200,1704809581,1704809654,73
frontier05201,1704809344,1704809568,224
frontier05202,1704809594,1704809656,62
frontier05203,1704809589,1704809655,66
frontier05204,1704809296,1704809316,20
frontier05205,1704809203,1704809272,69
frontier05206,1704809285,1704809328,43
frontier05207,1704809580,1704809653,73
frontier05210,1704809286,1704809328,42
frontier05211,1704809278,1704809325,47
frontier05212,1704809325,1704809594,269
frontier05213,1704809306,1704809343,37
frontier05214,1704809576,1704809650,74
frontier05215,1704809232,1704809273,41
frontier05216,1704809602,1704809656,54
frontier05217,1704809344,1704809583,239
frontier05218,1704809367,1704809606,239
frontier05219,1704809204,1704809272,68
frontier05220,1704809602,1704809657,55
frontier05221,1704809249,1704809298,49
frontier05222,1704809325,1704809603,278
frontier05223,1704809325,1704809413,88
frontier05224,1704809285,1704809328,43
frontier05225,1704809592,1704809656,64
frontier05226,1704809286,1704809329,43
frontier05227,1704809345,1704809592,247
frontier05228,1704809221,1704809263,42
frontier05229,1704809581,1704809652,71
frontier05230,1704809654,1704809659,5
frontier05231,1704809325,1704809570,245
frontier05234,1704809344,1704809588,244
frontier05235,1704809602,1704809656,54
frontier05236,1704809220,1704809272,52
frontier05237,1704809602,1704809657,55
frontier05238,1704809602,1704809656,54
frontier05240,1704809586,1704809652,66
frontier05241,1704809592,1704809656,64
frontier05245,1704809593,1704809656,63
frontier05246,1704809202,1704809266,64
frontier05247,1704809581,1704809653,72
frontier05248,1704809345,1704809606,261
frontier05249,1704809604,1704809657,53
frontier05250,1704809345,1704809606,261
frontier05251,1704809602,1704809656,54
frontier05252,1704809232,1704809275,43
frontier05253,1704809204,1704809272,68
frontier05254,1704809217,1704809272,55
frontier05255,1704809325,1704809588,263
frontier05256,1704809345,1704809607,262
frontier05257,1704809602,1704809657,55
frontier05261,1704809587,1704809654,67
frontier05262,1704809325,1704809592,267
frontier05263,1704809267,1704809323,56
frontier05264,1704809602,1704809656,54
frontier05265,1704809306,1704809606,300
frontier05266,1704809343,1704809592,249
frontier05268,1704809367,1704809607,240
frontier05270,1704809323,1704809410,87
frontier05271,1704809285,1704809328,43
frontier05272,1704809345,1704809586,241
frontier05273,1704809604,1704809656,52
frontier05274,1704809325,1704809413,88
frontier05275,1704809586,1704809653,67
frontier05276,1704809602,1704809656,54
frontier05277,1704809367,1704809607,240
frontier05278,1704809602,1704809657,55
frontier05279,1704809202,1704809262,60
frontier05280,1704809589,1704809655,66
frontier05281,1704809322,1704809576,254
frontier05282,1704809602,1704809657,55
frontier05283,1704809602,1704809657,55
frontier05284,1704809602,1704809657,55
frontier05285,1704809602,1704809656,54
frontier05286,1704809249,1704809296,47
frontier05287,1704809218,1704809273,55
frontier05288,1704809177,1704809198,21
frontier05289,1704809203,1704809272,69
frontier05292,1704809344,1704809411,67
frontier05293,1704809110,1704809127,17
frontier05294,1704809606,1704809657,51
frontier05295,1704809367,1704809606,239
frontier05296,1704809198,1704809222,24
frontier05297,1704809345,1704809606,261
frontier05298,1704809602,1704809656,54
frontier05300,1704809367,1704809607,240
frontier05301,1704809580,1704809650,70
frontier05304,1704809601,1704809656,55
frontier05305,1704809367,1704809594,227
frontier05306,1704809604,1704809656,52
frontier05307,1704809602,1704809656,54
frontier05308,1704809604,1704809657,53
frontier05309,1704809232,1704809263,31
frontier05310,1704809198,1704809222,24
frontier05311,1704809654,1704809659,5
frontier05312,1704809589,1704809656,67
frontier05313,1704809602,1704809657,55
frontier05314,1704809325,1704809589,264
frontier05315,1704809323,1704809391,68
frontier05316,1704809202,1704809263,61
frontier05317,1704809586,1704809653,67
frontier05318,1704809204,1704809273,69
frontier05319,1704809602,1704809656,54
frontier05320,1704809325,1704809601,276
frontier05321,1704809580,1704809652,72
frontier05322,1704809586,1704809653,67
frontier05323,1704809198,1704809222,24
frontier05324,1704809588,1704809654,66
frontier05327,1704809654,1704809659,5
frontier05328,1704809249,1704809297,48
frontier05329,1704809602,1704809656,54
frontier05330,1704809345,1704809606,261
frontier05333,1704809345,1704809606,261
frontier05334,1704809325,1704809587,262
frontier05335,1704809177,1704809198,21
frontier05336,1704809345,1704809606,261
frontier05337,1704809601,1704809656,55
frontier05338,1704809346,1704809588,242
frontier05339,1704809580,1704809649,69
frontier05340,1704809345,1704809605,260
frontier05341,1704809306,1704809592,286
frontier05342,1704809580,1704809649,69
frontier05343,1704809601,1704809656,55
frontier05344,1704809654,1704809659,5
frontier05345,1704809586,1704809649,63
frontier05347,1704809222,1704809265,43
frontier05348,1704809593,1704809656,63
frontier05349,1704809367,1704809592,225
frontier05350,1704809367,1704809592,225
frontier05351,1704809602,1704809657,55
frontier05352,1704809602,1704809656,54
frontier05353,1704809602,1704809657,55
frontier05354,1704809278,1704809328,50
frontier05355,1704809203,1704809272,69
frontier05356,1704809285,1704809328,43
frontier05357,1704809589,1704809655,66
frontier05358,1704809204,1704809272,68
frontier05359,1704809580,1704809652,72
frontier05360,1704809367,1704809605,238
frontier05361,1704809604,1704809656,52
frontier05362,1704809249,1704809298,49
frontier05363,1704809604,1704809657,53
frontier05364,1704809232,1704809277,45
frontier05365,1704809576,1704809650,74
frontier05366,1704809284,1704809328,44
frontier05367,1704809602,1704809656,54
frontier05368,1704809344,1704809588,244
frontier05372,1704809594,1704809656,62
frontier05373,1704809592,1704809656,64
frontier05374,1704809602,1704809656,54
frontier05375,1704809346,1704809568,222
frontier05376,1704809325,1704809602,277
frontier05377,1704809586,1704809652,66
frontier05378,1704809580,1704809652,72
frontier05379,1704809603,1704809657,54
frontier05380,1704809367,1704809571,204
frontier05381,1704809325,1704809602,277
frontier05382,1704809325,1704809602,277
frontier05383,1704809327,1704809582,255
frontier05384,1704809594,1704809656,62
frontier05385,1704809594,1704809656,62
frontier05386,1704809343,1704809577,234
frontier05387,1704809581,1704809653,72
frontier05388,1704809224,1704809269,45
frontier05389,1704809602,1704809657,55
frontier05390,1704809285,1704809328,43
frontier05396,1704809602,1704809656,54
frontier05397,1704809344,1704809413,69
frontier05398,1704809232,1704809275,43
frontier05399,1704809580,1704809650,70
frontier05400,1704809203,1704809272,69
frontier05401,1704809345,1704809592,247
frontier05402,1704809602,1704809657,55
frontier05403,1704809223,1704809268,45
frontier05404,1704809589,1704809654,65
frontier05405,1704809232,1704809295,63
frontier05406,1704809576,1704809650,74
frontier05407,1704809604,1704809658,54
frontier05408,1704809367,1704809607,240
frontier05409,1704809654,1704809659,5
frontier05410,1704809602,1704809656,54
frontier05411,1704809325,1704809583,258
frontier05412,1704809264,1704809323,59
frontier05413,1704809576,1704809652,76
frontier05414,1704809602,1704809657,55
frontier05415,1704809602,1704809657,55
frontier05416,1704809367,1704809592,225
frontier05417,1704809345,1704809587,242
frontier05418,1704809293,1704809328,35
frontier05419,1704809588,1704809653,65
frontier05422,1704809232,1704809275,43
frontier05423,1704809602,1704809657,55
frontier05424,1704809594,1704809657,63
frontier05425,1704809232,1704809296,64
frontier05426,1704809344,1704809581,237
frontier05427,1704809602,1704809656,54
frontier05429,1704809602,1704809657,55
frontier05431,1704809265,1704809323,58
frontier05433,1704809232,1704809265,33
frontier05434,1704809602,1704809656,54
frontier05435,1704809602,1704809656,54
frontier05436,1704809367,1704809606,239
frontier05437,1704809602,1704809657,55
frontier05438,1704809345,1704809605,260
frontier05439,1704809602,1704809656,54
frontier05440,1704809602,1704809656,54
frontier05441,1704809602,1704809657,55
frontier05442,1704809602,1704809656,54
frontier05443,1704809654,1704809659,5
frontier05444,1704809326,1704809594,268
frontier05445,1704809588,1704809654,66
frontier05446,1704809581,1704809653,72
frontier05447,1704809602,1704809657,55
frontier05448,1704809204,1704809267,63
frontier05449,1704809250,1704809296,46
frontier05450,1704809602,1704809656,54
frontier05451,1704809345,1704809581,236
frontier05452,1704809602,1704809656,54
frontier05453,1704809367,1704809602,235
frontier05454,1704809233,1704809295,62
frontier05455,1704809202,1704809261,59
frontier05456,1704809367,1704809607,240
frontier05457,1704809593,1704809656,63
frontier05458,1704809602,1704809656,54
frontier05459,1704809315,1704809607,292
frontier05460,1704809594,1704809656,62
frontier05461,1704809232,1704809295,63
frontier05462,1704809344,1704809585,241
frontier05463,1704809654,1704809659,5
frontier05464,1704809600,1704809656,56
frontier05465,1704809602,1704809656,54
frontier05466,1704809589,1704809655,66
frontier05467,1704809232,1704809296,64
frontier05468,1704809296,1704809316,20
frontier05469,1704809602,1704809657,55
frontier05470,1704809325,1704809592,267
frontier05471,1704809198,1704809223,25
frontier05472,1704809602,1704809656,54
frontier05473,1704809345,1704809607,262
frontier05474,1704809264,1704809323,59
frontier05475,1704809592,1704809656,64
frontier05476,1704809345,1704809581,236
frontier05477,1704809367,1704809592,225
frontier05478,1704809602,1704809656,54
frontier05479,1704809602,1704809656,54
frontier05480,1704809171,1704809178,7
frontier05483,1704809601,1704809656,55
frontier05484,1704809325,1704809584,259
frontier05485,1704809293,1704809328,35
frontier05486,1704809602,1704809656,54
frontier05488,1704809312,1704809606,294
frontier05489,1704809286,1704809328,42
frontier05490,1704809589,1704809655,66
frontier05491,1704809232,1704809268,36
frontier05492,1704809325,1704809593,268
frontier05493,1704809232,1704809296,64
frontier05494,1704809344,1704809580,236
frontier05495,1704809367,1704809606,239
frontier05496,1704809325,1704809412,87
frontier05497,1704809602,1704809656,54
frontier05498,1704809285,1704809328,43
frontier05501,1704809602,1704809657,55
frontier05502,1704809323,1704809576,253
frontier05503,1704809264,1704809306,42
frontier05505,1704809576,1704809652,76
frontier05506,1704809602,1704809657,55
frontier05507,1704809603,1704809657,54
frontier05508,1704809343,1704809604,261
frontier05509,1704809587,1704809653,66
frontier05510,1704809322,1704809576,254
frontier05511,1704809223,1704809271,48
frontier05512,1704809177,1704809198,21
frontier05513,1704809345,1704809414,69
frontier05514,1704809312,1704809602,290
frontier05515,1704809344,1704809582,238
frontier05516,1704809266,1704809324,58
frontier05517,1704809326,1704809593,267
frontier05518,1704809217,1704809272,55
frontier05519,1704809604,1704809656,52
frontier05524,1704809345,1704809607,262
frontier05525,1704809602,1704809658,56
frontier05526,1704809580,1704809653,73
frontier05527,1704809587,1704809654,67
frontier05528,1704809367,1704809606,239
frontier05529,1704809588,1704809653,65
frontier05531,1704809232,1704809277,45
frontier05532,1704809344,1704809588,244
frontier05533,1704809592,1704809657,65
frontier05534,1704809232,1704809273,41
frontier05535,1704809368,1704809636,268
frontier05537,1704809232,1704809293,61
frontier05538,1704809367,1704809607,240
frontier05539,1704809285,1704809328,43
frontier05540,1704809316,1704809575,259
frontier05542,1704809345,1704809605,260
frontier05544,1704809233,1704809276,43
frontier05545,1704809589,1704809655,66
frontier05546,1704809588,1704809654,66
frontier05547,1704809325,1704809594,269
frontier05548,1704809602,1704809656,54
frontier05549,1704809602,1704809656,54
frontier05550,1704809293,1704809328,35
frontier05551,1704809602,1704809656,54
frontier05552,1704809325,1704809593,268
frontier05553,1704809592,1704809657,65
frontier05554,1704809604,1704809657,53
frontier05555,1704809368,1704809606,238
frontier05556,1704809299,1704809389,90
frontier05557,1704809345,1704809606,261
frontier05558,1704809602,1704809657,55
frontier05559,1704809344,1704809580,236
frontier05560,1704809604,1704809656,52
frontier05561,1704809576,1704809649,73
frontier05562,1704809589,1704809654,65
frontier05563,1704809602,1704809656,54
frontier05566,1704809580,1704809650,70
frontier05567,1704809594,1704809656,62
frontier05568,1704809325,1704809581,256
frontier05569,1704809654,1704809659,5
frontier05570,1704809344,1704809606,262
frontier05571,1704809602,1704809656,54
frontier05572,1704809602,1704809657,55
frontier05573,1704809367,1704809582,215
frontier05574,1704809312,1704809412,100
frontier05575,1704809367,1704809413,46
frontier05576,1704809224,1704809277,53
frontier05578,1704809602,1704809656,54
frontier05579,1704809225,1704809296,71
frontier05580,1704809343,1704809588,245
frontier05581,1704809602,1704809657,55
frontier05582,1704809345,1704809580,235
frontier05583,1704809602,1704809656,54
frontier05584,1704809280,1704809328,48
frontier05585,1704809602,1704809657,55
frontier05586,1704809602,1704809656,54
frontier05587,1704809367,1704809605,238
frontier05588,1704809312,1704809589,277
frontier05589,1704809232,1704809266,34
frontier05591,1704809216,1704809271,55
frontier05592,1704809576,1704809653,77
frontier05593,1704809232,1704809295,63
frontier05594,1704809602,1704809657,55
frontier05595,1704809315,1704809594,279
frontier05596,1704809325,1704809582,257
frontier05597,1704809274,1704809325,51
frontier05598,1704809602,1704809656,54
frontier05599,1704809325,1704809594,269
frontier05600,1704809345,1704809607,262
frontier05601,1704809602,1704809656,54
frontier05602,1704809368,1704809580,212
frontier05603,1704809602,1704809656,54
frontier05604,1704809198,1704809222,24
frontier05605,1704809602,1704809657,55
frontier05606,1704809221,1704809269,48
frontier05607,1704809576,1704809650,74
frontier05608,1704809314,1704809624,310
frontier05609,1704809367,1704809606,239
frontier05610,1704809345,1704809413,68
frontier05611,1704809198,1704809224,26
frontier05612,1704809588,1704809654,66
frontier05614,1704809285,1704809328,43
frontier05615,1704809589,1704809654,65
frontier05616,1704809367,1704809579,212
frontier05617,1704809586,1704809654,68
frontier05618,1704809593,1704809656,63
frontier05619,1704809602,1704809657,55
frontier05620,1704809367,1704809606,239
frontier05621,1704809586,1704809653,67
frontier05622,1704809323,1704809570,247
frontier05623,1704809345,1704809592,247
frontier05624,1704809589,1704809655,66
frontier05625,1704809594,1704809657,63
frontier05628,1704809592,1704809656,64
frontier05629,1704809602,1704809657,55
frontier05630,1704809325,1704809390,65
frontier05631,1704809641,1704809658,17
frontier05632,1704809325,1704809588,263
frontier05634,1704809602,1704809656,54
frontier05635,1704809163,1704809178,15
frontier05636,1704809325,1704809593,268
frontier05637,1704809232,1704809277,45
frontier05638,1704809264,1704809323,59
frontier05639,1704809580,1704809650,70
frontier05640,1704809589,1704809654,65
frontier05641,1704809602,1704809656,54
frontier05642,1704809345,1704809606,261
frontier05643,1704809344,1704809580,236
frontier05644,1704809576,1704809653,77
frontier05645,1704809586,1704809655,69
frontier05646,1704809580,1704809653,73
frontier05647,1704809203,1704809262,59
frontier05648,1704809223,1704809267,44
frontier05652,1704809592,1704809656,64
frontier05653,1704809285,1704809328,43
frontier05654,1704809580,1704809649,69
frontier05657,1704809313,1704809551,238
frontier05658,1704809604,1704809657,53
frontier05659,1704809346,1704809589,243
frontier05661,1704809315,1704809625,310
frontier05662,1704809601,1704809656,55
frontier05663,1704809345,1704809606,261
frontier05664,1704809232,1704809274,42
frontier05665,1704809589,1704809655,66
frontier05666,1704809265,1704809323,58
frontier05667,1704809232,1704809277,45
frontier05668,1704809213,1704809271,58
frontier05669,1704809326,1704809593,267
frontier05670,1704809325,1704809636,311
frontier05671,1704809576,1704809653,77
frontier05672,1704809602,1704809657,55
frontier05673,1704809602,1704809656,54
frontier05674,1704809323,1704809411,88
frontier05675,1704809204,1704809264,60
frontier05676,1704809580,1704809650,70
frontier05677,1704809594,1704809657,63
frontier05678,1704809588,1704809654,66
frontier05680,1704809593,1704809656,63
frontier05681,1704809604,1704809656,52
frontier05682,1704809232,1704809277,45
frontier05683,1704809602,1704809657,55
frontier05684,1704809345,1704809586,241
frontier05686,1704809602,1704809656,54
frontier05687,1704809604,1704809656,52
frontier05688,1704809345,1704809601,256
frontier05689,1704809594,1704809656,62
frontier05690,1704809602,1704809657,55
frontier05691,1704809367,1704809580,213
frontier05692,1704809313,1704809606,293
frontier05693,1704809605,1704809659,54
frontier05694,1704809296,1704809328,32
frontier05695,1704809314,1704809604,290
frontier05696,1704809589,1704809654,65
frontier05697,1704809602,1704809657,55
frontier05698,1704809586,1704809653,67
frontier05699,1704809232,1704809296,64
frontier05700,1704809602,1704809656,54
frontier05701,1704809602,1704809656,54
frontier05702,1704809367,1704809607,240
frontier05703,1704809198,1704809222,24
frontier05704,1704809580,1704809653,73
frontier05705,1704809602,1704809657,55
frontier05706,1704809344,1704809605,261
frontier05707,1704809602,1704809656,54
frontier05708,1704809367,1704809605,238
frontier05709,1704809587,1704809653,66
frontier05710,1704809576,1704809653,77
frontier05711,1704809223,1704809263,40
frontier05712,1704809225,1704809296,71
frontier05713,1704809593,1704809656,63
frontier05714,1704809602,1704809656,54
frontier05715,1704809294,1704809328,34
frontier05716,1704809604,1704809657,53
frontier05717,1704809280,1704809315,35
frontier05718,1704809654,1704809659,5
frontier05719,1704809602,1704809656,54
frontier05720,1704809345,1704809606,261
frontier05721,1704809325,1704809592,267
frontier05722,1704809293,1704809328,35
frontier05723,1704809602,1704809656,54
frontier05724,1704809602,1704809656,54
frontier05725,1704809346,1704809571,225
frontier05726,1704809249,1704809299,50
frontier05727,1704809589,1704809655,66
frontier05728,1704809312,1704809605,293
frontier05729,1704809603,1704809658,55
frontier05730,1704809325,1704809413,88
frontier05731,1704809588,1704809655,67
frontier05732,1704809602,1704809656,54
frontier05733,1704809198,1704809222,24
frontier05734,1704809177,1704809198,21
frontier05735,1704809654,1704809659,5
frontier05736,1704809589,1704809654,65
frontier05737,1704809323,1704809411,88
frontier05742,1704809586,1704809653,67
frontier05743,1704809306,1704809588,282
frontier05744,1704809602,1704809657,55
frontier05745,1704809344,1704809581,237
frontier05746,1704809586,1704809653,67
frontier05747,1704809325,1704809588,263
frontier05748,1704809580,1704809653,73
frontier05749,1704809325,1704809593,268
frontier05750,1704809591,1704809657,66
frontier05752,1704809232,1704809277,45
frontier05753,1704809322,1704809605,283
frontier05754,1704809306,1704809593,287
frontier05755,1704809222,1704809263,41
frontier05756,1704809296,1704809315,19
frontier05757,1704809601,1704809657,56
frontier05758,1704809198,1704809221,23
frontier05760,1704809325,1704809594,269
frontier05761,1704809580,1704809653,73
frontier05762,1704809581,1704809654,73
frontier05763,1704809586,1704809654,68
frontier05764,1704809604,1704809656,52
frontier05765,1704809232,1704809277,45
frontier05766,1704809345,1704809581,236
frontier05767,1704809602,1704809656,54
frontier05768,1704809604,1704809656,52
frontier05769,1704809327,1704809606,279
frontier05770,1704809344,1704809581,237
frontier05771,1704809346,1704809636,290
frontier05772,1704809202,1704809263,61
frontier05774,1704809588,1704809654,66
frontier05778,1704809198,1704809223,25
frontier05779,1704809588,1704809653,65
frontier05780,1704809593,1704809656,63
frontier05781,1704809602,1704809656,54
frontier05782,1704809326,1704809602,276
frontier05783,1704809202,1704809266,64
frontier05784,1704809367,1704809593,226
frontier05785,1704809367,1704809605,238
frontier05787,1704809604,1704809657,53
frontier05790,1704809296,1704809316,20
frontier05791,1704809654,1704809659,5
frontier05792,1704809325,1704809585,260
frontier05794,1704809346,1704809607,261
frontier05796,1704809655,1704809659,4
frontier05797,1704809268,1704809324,56
frontier05798,1704809232,1704809296,64
frontier05799,1704809580,1704809649,69
frontier05800,1704809232,1704809277,45
frontier05801,1704809346,1704809580,234
frontier05802,1704809576,1704809653,77
frontier05803,1704809594,1704809656,62
frontier05804,1704809225,1704809267,42
frontier05805,1704809581,1704809654,73
frontier05806,1704809345,1704809570,225
frontier05807,1704809602,1704809656,54
frontier05808,1704809594,1704809656,62
frontier05809,1704809225,1704809270,45
frontier05810,1704809367,1704809589,222
frontier05811,1704809589,1704809655,66
frontier05814,1704809325,1704809593,268
frontier05815,1704809293,1704809328,35
frontier05816,1704809602,1704809657,55
frontier05817,1704809592,1704809657,65
frontier05818,1704809285,1704809328,43
frontier05819,1704809602,1704809656,54
frontier05820,1704809325,1704809593,268
frontier05821,1704809232,1704809266,34
frontier05824,1704809588,1704809654,66
frontier05825,1704809586,1704809653,67
frontier05826,1704809576,1704809652,76
frontier05827,1704809587,1704809654,67
frontier05828,1704809203,1704809268,65
frontier05829,1704809603,1704809656,53
frontier05830,1704809576,1704809650,74
frontier05831,1704809204,1704809263,59
frontier05835,1704809325,1704809586,261
frontier05836,1704809654,1704809659,5
frontier05837,1704809345,1704809413,68
frontier05838,1704809602,1704809656,54
frontier05839,1704809581,1704809652,71
frontier05840,1704809278,1704809328,50
frontier05841,1704809604,1704809656,52
frontier05842,1704809654,1704809659,5
frontier05843,1704809345,1704809591,246
frontier05844,1704809604,1704809657,53
frontier05845,1704809176,1704809198,22
frontier05846,1704809306,1704809587,281
frontier05847,1704809602,1704809657,55
frontier05848,1704809232,1704809296,64
frontier05849,1704809225,1704809275,50
frontier05850,1704809602,1704809657,55
frontier05851,1704809594,1704809656,62
frontier05852,1704809224,1704809266,42
frontier05853,1704809198,1704809232,34
frontier05854,1704809586,1704809653,67
frontier05855,1704809344,1704809571,227
frontier05856,1704809602,1704809656,54
frontier05857,1704809223,1704809262,39
frontier05858,1704809602,1704809656,54
frontier05859,1704809175,1704809197,22
frontier05860,1704809202,1704809262,60
frontier05861,1704809315,1704809593,278
frontier05862,1704809594,1704809656,62
frontier05863,1704809266,1704809323,57
frontier05864,1704809345,1704809605,260
frontier05865,1704809232,1704809275,43
frontier05867,1704809315,1704809593,278
frontier05868,1704809595,1704809656,61
frontier05869,1704809315,1704809586,271
frontier05870,1704809296,1704809346,50
frontier05871,1704809322,1704809390,68
frontier05872,1704809325,1704809583,258
frontier05873,1704809604,1704809657,53
frontier05874,1704809581,1704809654,73
frontier05875,1704809604,1704809657,53
frontier05876,1704809225,1704809296,71
frontier05877,1704809285,1704809328,43
frontier05879,1704809586,1704809653,67
frontier05881,1704809367,1704809607,240
frontier05882,1704809368,1704809637,269
frontier05883,1704809217,1704809274,57
frontier05884,1704809589,1704809655,66
frontier05885,1704809602,1704809656,54
frontier05886,1704809592,1704809656,64
frontier05887,1704809604,1704809657,53
frontier05888,1704809275,1704809324,49
frontier05889,1704809589,1704809654,65
frontier05890,1704809604,1704809657,53
frontier05891,1704809367,1704809413,46
frontier05892,1704809604,1704809657,53
frontier05893,1704809285,1704809328,43
frontier05894,1704809576,1704809652,76
frontier05895,1704809323,1704809582,259
frontier05896,1704809604,1704809658,54
frontier05897,1704809367,1704809580,213
frontier05898,1704809604,1704809657,53
frontier05899,1704809264,1704809306,42
frontier05900,1704809203,1704809263,60
frontier05901,1704809592,1704809656,64
frontier05902,1704809345,1704809592,247
frontier05907,1704809602,1704809657,55
frontier05908,1704809586,1704809650,64
frontier05909,1704809198,1704809223,25
frontier05912,1704809278,1704809325,47
frontier05913,1704809576,1704809652,76
frontier05914,1704809224,1704809272,48
frontier05916,1704809345,1704809414,69
frontier05917,1704809367,1704809594,227
frontier05918,1704809225,1704809270,45
frontier05919,1704809602,1704809656,54
frontier05920,1704809313,1704809413,100
frontier05921,1704809587,1704809653,66
frontier05922,1704809587,1704809650,63
frontier05923,1704809602,1704809656,54
frontier05926,1704809285,1704809328,43
frontier05927,1704809604,1704809657,53
frontier05928,1704809265,1704809323,58
frontier05929,1704809325,1704809412,87
frontier05930,1704809345,1704809589,244
frontier05931,1704809591,1704809656,65
frontier05932,1704809367,1704809601,234
frontier05933,1704809604,1704809658,54
frontier05934,1704809654,1704809659,5
frontier05935,1704809367,1704809606,239
frontier05938,1704809367,1704809607,240
frontier05939,1704809576,1704809649,73
frontier05940,1704809345,1704809607,262
frontier05941,1704809604,1704809658,54
frontier05942,1704809602,1704809656,54
frontier05943,1704809367,1704809594,227
frontier05944,1704809367,1704809606,239
frontier05945,1704809604,1704809656,52
frontier05946,1704809602,1704809656,54
frontier05947,1704809602,1704809656,54
frontier05948,1704809223,1704809265,42
frontier05949,1704809249,1704809297,48
frontier05950,1704809198,1704809223,25
frontier05953,1704809602,1704809657,55
frontier05954,1704809602,1704809656,54
frontier05955,1704809592,1704809656,64
frontier05956,1704809367,1704809606,239
frontier05957,1704809345,1704809582,237
frontier05958,1704809588,1704809655,67
frontier05959,1704809163,1704809178,15
frontier05960,1704809223,1704809264,41
frontier05961,1704809604,1704809657,53
frontier05962,1704809285,1704809328,43
frontier05963,1704809345,1704809605,260
frontier05964,1704809277,1704809326,49
frontier05965,1704809199,1704809263,64
frontier05966,1704809222,1704809262,40
frontier05967,1704809581,1704809653,72
frontier05968,1704809203,1704809272,69
frontier05969,1704809602,1704809656,54
frontier05970,1704809602,1704809656,54
frontier05971,1704809602,1704809656,54
frontier05972,1704809369,1704809636,267
frontier05973,1704809345,1704809607,262
frontier05974,1704809345,1704809594,249
frontier05975,1704809602,1704809656,54
frontier05976,1704809316,1704809581,265
frontier05977,1704809293,1704809328,35
frontier05978,1704809312,1704809583,271
frontier05979,1704809602,1704809656,54
frontier05980,1704809602,1704809657,55
frontier05981,1704809592,1704809657,65
frontier05982,1704809369,1704809625,256
frontier05983,1704809602,1704809656,54
frontier05984,1704809589,1704809655,66
frontier05985,1704809602,1704809657,55
frontier05986,1704809216,1704809272,56
frontier05987,1704809589,1704809654,65
frontier05988,1704809589,1704809655,66
frontier05990,1704809604,1704809657,53
frontier05991,1704809345,1704809592,247
frontier05992,1704809163,1704809198,35
frontier05993,1704809589,1704809656,67
frontier05994,1704809367,1704809607,240
frontier05995,1704809602,1704809656,54
frontier05996,1704809204,1704809263,59
frontier05997,1704809345,1704809605,260
frontier05998,1704809367,1704809571,204
frontier05999,1704809345,1704809412,67
frontier06000,1704809325,1704809605,280
frontier06001,1704809603,1704809657,54
frontier06002,1704809604,1704809656,52
frontier06003,1704809592,1704809656,64
frontier06004,1704809580,1704809653,73
frontier06005,1704809576,1704809653,77
frontier06006,1704809222,1704809267,45
frontier06007,1704809594,1704809656,62
frontier06010,1704809589,1704809655,66
frontier06011,1704809325,1704809413,88
frontier06012,1704809576,1704809650,74
frontier06013,1704809592,1704809656,64
frontier06014,1704809604,1704809657,53
frontier06015,1704809323,1704809576,253
frontier06016,1704809367,1704809606,239
frontier06017,1704809325,1704809413,88
frontier06018,1704809593,1704809657,64
frontier06019,1704809225,1704809286,61
frontier06020,1704809295,1704809328,33
frontier06021,1704809325,1704809567,242
frontier06022,1704809204,1704809270,66
frontier06023,1704809232,1704809266,34
frontier06024,1704809602,1704809656,54
frontier06025,1704809204,1704809263,59
frontier06026,1704809222,1704809263,41
frontier06028,1704809581,1704809654,73
frontier06029,1704809232,1704809296,64
frontier06030,1704809203,1704809272,69
frontier06035,1704809345,1704809575,230
frontier06036,1704809604,1704809656,52
frontier06037,1704809313,1704809571,258
frontier06038,1704809586,1704809653,67
frontier06039,1704809367,1704809606,239
frontier06040,1704809602,1704809657,55
frontier06041,1704809594,1704809657,63
frontier06042,1704809267,1704809324,57
frontier06043,1704809367,1704809605,238
frontier06044,1704809367,1704809606,239
frontier06045,1704809367,1704809607,240
frontier06046,1704809602,1704809657,55
frontier06047,1704809586,1704809653,67
frontier06048,1704809369,1704809635,266
frontier06049,1704809594,1704809656,62
frontier06050,1704809602,1704809657,55
frontier06051,1704809592,1704809657,65
frontier06053,1704809225,1704809324,99
frontier06054,1704809313,1704809625,312
frontier06055,1704809586,1704809650,64
frontier06057,1704809602,1704809657,55
frontier06058,1704809367,1704809607,240
frontier06059,1704809589,1704809655,66
frontier06060,1704809589,1704809655,66
frontier06061,1704809306,1704809593,287
frontier06064,1704809286,1704809328,42
frontier06065,1704809325,1704809583,258
frontier06066,1704809345,1704809605,260
frontier06067,1704809589,1704809655,66
frontier06068,1704809197,1704809262,65
frontier06069,1704809203,1704809272,69
frontier06070,1704809602,1704809656,54
frontier06072,1704809589,1704809655,66
frontier06073,1704809344,1704809588,244
frontier06074,1704809267,1704809323,56
frontier06075,1704809604,1704809658,54
frontier06076,1704809223,1704809266,43
frontier06077,1704809592,1704809656,64
frontier06078,1704809654,1704809659,5
frontier06079,1704809346,1704809607,261
frontier06080,1704809221,1704809234,13
frontier06081,1704809367,1704809606,239
frontier06082,1704809312,1704809588,276
frontier06083,1704809315,1704809606,291
frontier06084,1704809603,1704809657,54
frontier06085,1704809602,1704809657,55
frontier06086,1704809198,1704809223,25
frontier06087,1704809204,1704809272,68
frontier06088,1704809233,1704809285,52
frontier06089,1704809345,1704809605,260
frontier06090,1704809602,1704809657,55
frontier06091,1704809222,1704809266,44
frontier06092,1704809602,1704809656,54
frontier06093,1704809604,1704809656,52
frontier06094,1704809602,1704809657,55
frontier06095,1704809346,1704809606,260
frontier06096,1704809602,1704809656,54
frontier06097,1704809367,1704809607,240
frontier06098,1704809326,1704809604,278
frontier06099,1704809325,1704809412,87
frontier06100,1704809580,1704809650,70
frontier06101,1704809589,1704809655,66
frontier06102,1704809345,1704809606,261
frontier06103,1704809344,1704809587,243
frontier06104,1704809589,1704809655,66
frontier06105,1704809580,1704809650,70
frontier06106,1704809602,1704809657,55
frontier06107,1704809164,1704809177,13
frontier06108,1704809345,1704809411,66
frontier06109,1704809325,1704809592,267
frontier06110,1704809296,1704809316,20
frontier06111,1704809345,1704809607,262
frontier06112,1704809589,1704809655,66
frontier06113,1704809285,1704809328,43
frontier06114,1704809602,1704809656,54
frontier06115,1704809312,1704809606,294
frontier06116,1704809367,1704809607,240
frontier06117,1704809602,1704809657,55
frontier06118,1704809164,1704809183,19
frontier06119,1704809602,1704809657,55
frontier06120,1704809285,1704809328,43
frontier06121,1704809345,1704809585,240
frontier06122,1704809593,1704809656,63
frontier06123,1704809325,1704809593,268
frontier06128,1704809312,1704809593,281
frontier06129,1704809280,1704809583,303
frontier06130,1704809367,1704809607,240
frontier06131,1704809367,1704809607,240
frontier06132,1704809344,1704809580,236
frontier06133,1704809221,1704809261,40
frontier06134,1704809325,1704809593,268
frontier06135,1704809604,1704809657,53
frontier06136,1704809345,1704809607,262
frontier06137,1704809315,1704809603,288
frontier06138,1704809232,1704809275,43
frontier06139,1704809602,1704809657,55
frontier06140,1704809232,1704809266,34
frontier06141,1704809602,1704809657,55
frontier06142,1704809594,1704809656,62
frontier06144,1704809372,1704809646,274
frontier06145,1704809602,1704809656,54
frontier06146,1704809367,1704809594,227
frontier06147,1704809593,1704809656,63
frontier06148,1704809602,1704809656,54
frontier06150,1704809202,1704809261,59
frontier06151,1704809344,1704809576,232
frontier06152,1704809232,1704809276,44
frontier06153,1704809592,1704809656,64
frontier06154,1704809576,1704809652,76
frontier06155,1704809602,1704809656,54
frontier06156,1704809345,1704809605,260
frontier06157,1704809249,1704809299,50
frontier06158,1704809221,1704809262,41
frontier06162,1704809344,1704809589,245
frontier06163,1704809580,1704809652,72
frontier06164,1704809198,1704809223,25
frontier06165,1704809224,1704809267,43
frontier06167,1704809602,1704809656,54
frontier06168,1704809177,1704809198,21
frontier06170,1704809586,1704809650,64
frontier06171,1704809655,1704809659,4
frontier06172,1704809285,1704809328,43
frontier06173,1704809589,1704809655,66
frontier06174,1704809602,1704809656,54
frontier06175,1704809580,1704809649,69
frontier06176,1704809325,1704809592,267
frontier06177,1704809589,1704809655,66
frontier06178,1704809218,1704809273,55
frontier06180,1704809586,1704809653,67
frontier06181,1704809602,1704809656,54
frontier06182,1704809602,1704809656,54
frontier06183,1704809602,1704809656,54
frontier06184,1704809325,1704809587,262
frontier06185,1704809602,1704809656,54
frontier06186,1704809232,1704809264,32
frontier06187,1704809589,1704809655,66
frontier06188,1704809215,1704809273,58
frontier06189,1704809225,1704809269,44
frontier06190,1704809325,1704809599,274
frontier06191,1704809285,1704809328,43
frontier06192,1704809592,1704809657,65
frontier06193,1704809654,1704809659,5
frontier06194,1704809346,1704809582,236
frontier06195,1704809602,1704809657,55
frontier06198,1704809325,1704809582,257
frontier06199,1704809654,1704809658,4
frontier06200,1704809602,1704809656,54
frontier06201,1704809576,1704809649,73
frontier06202,1704809344,1704809573,229
frontier06203,1704809593,1704809656,63
frontier06209,1704809654,1704809659,5
frontier06210,1704809604,1704809656,52
frontier06212,1704809586,1704809653,67
frontier06214,1704809346,1704809602,256
frontier06215,1704809346,1704809585,239
frontier06216,1704809602,1704809657,55
frontier06217,1704809343,1704809579,236
frontier06218,1704809586,1704809654,68
frontier06219,1704809602,1704809656,54
frontier06220,1704809285,1704809328,43
frontier06221,1704809602,1704809656,54
frontier06222,1704809605,1704809657,52
frontier06223,1704809325,1704809593,268
frontier06224,1704809344,1704809413,69
frontier06227,1704809225,1704809277,52
frontier06229,1704809602,1704809657,55
frontier06231,1704809323,1704809579,256
frontier06232,1704809203,1704809272,69
frontier06233,1704809198,1704809223,25
frontier06234,1704809602,1704809656,54
frontier06235,1704809368,1704809606,238
frontier06236,1704809594,1704809656,62
frontier06237,1704809345,1704809414,69
frontier06238,1704809594,1704809656,62
frontier06239,1704809602,1704809657,55
frontier06240,1704809602,1704809656,54
frontier06241,1704809587,1704809654,67
frontier06242,1704809593,1704809656,63
frontier06243,1704809589,1704809655,66
frontier06245,1704809602,1704809656,54
frontier06246,1704809602,1704809656,54
frontier06247,1704809592,1704809656,64
frontier06248,1704809587,1704809656,69
frontier06249,1704809588,1704809654,66
frontier06251,1704809604,1704809657,53
frontier06252,1704809602,1704809656,54
frontier06253,1704809586,1704809652,66
frontier06254,1704809654,1704809659,5
frontier06255,1704809368,1704809606,238
frontier06256,1704809654,1704809659,5
frontier06257,1704809602,1704809656,54
frontier06258,1704809602,1704809656,54
frontier06259,1704809602,1704809656,54
frontier06260,1704809278,1704809328,50
frontier06261,1704809200,1704809275,75
frontier06262,1704809654,1704809659,5
frontier06263,1704809312,1704809593,281
frontier06264,1704809586,1704809652,66
frontier06265,1704809602,1704809656,54
frontier06266,1704809654,1704809659,5
frontier06267,1704809327,1704809568,241
frontier06268,1704809654,1704809659,5
frontier06269,1704809345,1704809607,262
frontier06270,1704809175,1704809197,22
frontier06271,1704809587,1704809654,67
frontier06272,1704809602,1704809657,55
frontier06274,1704809285,1704809328,43
frontier06275,1704809325,1704809391,66
frontier06276,1704809232,1704809296,64
frontier06277,1704809586,1704809653,67
frontier06278,1704809602,1704809656,54
frontier06279,1704809581,1704809653,72
frontier06280,1704809367,1704809606,239
frontier06281,1704809273,1704809325,52
frontier06282,1704809285,1704809328,43
frontier06283,1704809592,1704809657,65
frontier06284,1704809218,1704809273,55
frontier06285,1704809249,1704809294,45
frontier06286,1704809602,1704809656,54
frontier06291,1704809586,1704809653,67
frontier06292,1704809223,1704809268,45
frontier06293,1704809605,1704809658,53
frontier06294,1704809323,1704809410,87
frontier06295,1704809285,1704809328,43
frontier06296,1704809586,1704809654,68
frontier06299,1704809222,1704809267,45
frontier06300,1704809654,1704809659,5
frontier06302,1704809580,1704809653,73
frontier06303,1704809344,1704809580,236
frontier06304,1704809367,1704809594,227
frontier06305,1704809602,1704809656,54
frontier06306,1704809604,1704809657,53
frontier06307,1704809345,1704809607,262
frontier06309,1704809576,1704809653,77
frontier06310,1704809325,1704809591,266
frontier06312,1704809604,1704809656,52
frontier06313,1704809223,1704809272,49
frontier06314,1704809325,1704809390,65
frontier06315,1704809654,1704809659,5
frontier06316,1704809232,1704809275,43
frontier06317,1704809344,1704809606,262
frontier06318,1704809589,1704809655,66
frontier06319,1704809587,1704809653,66
frontier06320,1704809592,1704809656,64
frontier06321,1704809313,1704809348,35
frontier06322,1704809367,1704809605,238
frontier06323,1704809588,1704809653,65
frontier06325,1704809654,1704809659,5
frontier06326,1704809591,1704809656,65
frontier06327,1704809593,1704809656,63
frontier06328,1704809314,1704809373,59
frontier06329,1704809654,1704809659,5
frontier06331,1704809602,1704809657,55
frontier06332,1704809249,1704809298,49
frontier06333,1704809306,1704809593,287
frontier06334,1704809285,1704809328,43
frontier06335,1704809222,1704809262,40
frontier06336,1704809345,1704809607,262
frontier06337,1704809367,1704809605,238
frontier06338,1704809215,1704809271,56
frontier06339,1704809216,1704809271,55
frontier06340,1704809233,1704809276,43
frontier06341,1704809589,1704809656,67
frontier06342,1704809198,1704809223,25
frontier06343,1704809602,1704809657,55
frontier06344,1704809586,1704809653,67
frontier06345,1704809367,1704809605,238
frontier06346,1704809604,1704809656,52
frontier06347,1704809604,1704809657,53
frontier06348,1704809325,1704809586,261
frontier06349,1704809367,1704809600,233
frontier06350,1704809586,1704809653,67
frontier06351,1704809589,1704809654,65
frontier06352,1704809232,1704809265,33
frontier06353,1704809602,1704809657,55
frontier06354,1704809602,1704809656,54
frontier06355,1704809325,1704809594,269
frontier06356,1704809312,1704809413,101
frontier06357,1704809221,1704809267,46
frontier06358,1704809586,1704809653,67
frontier06359,1704809367,1704809579,212
frontier06360,1704809606,1704809659,53
frontier06361,1704809325,1704809413,88
frontier06362,1704809223,1704809271,48
frontier06363,1704809654,1704809659,5
frontier06364,1704809280,1704809328,48
frontier06365,1704809345,1704809605,260
frontier06366,1704809286,1704809328,42
frontier06367,1704809204,1704809272,68
frontier06368,1704809589,1704809656,67
frontier06369,1704809601,1704809656,55
frontier06370,1704809580,1704809649,69
frontier06371,1704809581,1704809653,72
frontier06372,1704809222,1704809263,41
frontier06373,1704809587,1704809653,66
frontier06374,1704809586,1704809653,67
frontier06378,1704809285,1704809328,43
frontier06379,1704809602,1704809656,54
frontier06380,1704809602,1704809656,54
frontier06381,1704809222,1704809263,41
frontier06382,1704809202,1704809261,59
frontier06383,1704809217,1704809271,54
frontier06384,1704809344,1704809587,243
frontier06385,1704809604,1704809656,52
frontier06386,1704809576,1704809653,77
frontier06387,1704809602,1704809657,55
frontier06388,1704809198,1704809223,25
frontier06389,1704809204,1704809272,68
frontier06390,1704809215,1704809273,58
frontier06391,1704809316,1704809582,266
frontier06392,1704809580,1704809653,73
frontier06393,1704809232,1704809296,64
frontier06394,1704809369,1704809637,268
frontier06395,1704809369,1704809637,268
frontier06396,1704809325,1704809602,277
frontier06402,1704809602,1704809656,54
frontier06403,1704809198,1704809223,25
frontier06404,1704809232,1704809274,42
frontier06405,1704809343,1704809588,245
frontier06406,1704809217,1704809271,54
frontier06407,1704809586,1704809653,67
frontier06408,1704809580,1704809653,73
frontier06409,1704809367,1704809413,46
frontier06410,1704809576,1704809649,73
frontier06413,1704809576,1704809650,74
frontier06414,1704809369,1704809607,238
frontier06415,1704809602,1704809657,55
frontier06416,1704809602,1704809657,55
frontier06420,1704809315,1704809594,279
frontier06421,1704809602,1704809657,55
frontier06422,1704809316,1704809593,277
frontier06423,1704809580,1704809649,69
frontier06424,1704809285,1704809328,43
frontier06425,1704809602,1704809656,54
frontier06427,1704809368,1704809636,268
frontier06430,1704809232,1704809258,26
frontier06433,1704809604,1704809658,54
frontier06434,1704809587,1704809653,66
frontier06435,1704809225,1704809297,72
frontier06436,1704809281,1704809328,47
frontier06437,1704809325,1704809593,268
frontier06438,1704809602,1704809656,54
frontier06439,1704809233,1704809296,63
frontier06440,1704809604,1704809657,53
frontier06441,1704809325,1704809413,88
frontier06442,1704809285,1704809329,44
frontier06443,1704809345,1704809606,261
frontier06444,1704809225,1704809271,46
frontier06445,1704809654,1704809659,5
frontier06446,1704809280,1704809328,48
frontier06447,1704809344,1704809592,248
frontier06448,1704809602,1704809656,54
frontier06449,1704809223,1704809270,47
frontier06450,1704809367,1704809413,46
frontier06451,1704809602,1704809656,54
frontier06452,1704809346,1704809612,266
frontier06454,1704809587,1704809653,66
frontier06455,1704809602,1704809656,54
frontier06456,1704809602,1704809657,55
frontier06457,1704809223,1704809272,49
frontier06458,1704809268,1704809324,56
frontier06459,1704809312,1704809592,280
frontier06460,1704809345,1704809594,249
frontier06461,1704809293,1704809328,35
frontier06462,1704809602,1704809657,55
frontier06463,1704809232,1704809275,43
frontier06464,1704809604,1704809656,52
frontier06465,1704809344,1704809589,245
frontier06466,1704809233,1704809274,41
frontier06467,1704809602,1704809657,55
frontier06468,1704809232,1704809296,64
frontier06469,1704809654,1704809659,5
frontier06470,1704809222,1704809269,47
frontier06471,1704809163,1704809198,35
frontier06472,1704809586,1704809653,67
frontier06473,1704809222,1704809262,40
frontier06474,1704809576,1704809653,77
frontier06475,1704809203,1704809271,68
frontier06476,1704809602,1704809656,54
frontier06477,1704809232,1704809277,45
frontier06478,1704809602,1704809656,54
frontier06479,1704809367,1704809605,238
frontier06481,1704809602,1704809656,54
frontier06482,1704809306,1704809592,286
frontier06483,1704809232,1704809275,43
frontier06484,1704809604,1704809656,52
frontier06485,1704809325,1704809576,251
frontier06486,1704809225,1704809296,71
frontier06487,1704809323,1704809583,260
frontier06488,1704809581,1704809653,72
frontier06489,1704809345,1704809605,260
frontier06490,1704809204,1704809272,68
frontier06491,1704809654,1704809659,5
frontier06492,1704809294,1704809328,34
frontier06493,1704809654,1704809659,5
frontier06494,1704809345,1704809607,262
frontier06495,1704809280,1704809328,48
frontier06496,1704809588,1704809653,65
frontier06497,1704809591,1704809656,65
frontier06498,1704809325,1704809589,264
frontier06499,1704809313,1704809593,280
frontier06500,1704809265,1704809323,58
frontier06501,1704809602,1704809656,54
frontier06502,1704809345,1704809606,261
frontier06503,1704809604,1704809657,53
frontier06507,1704809222,1704809266,44
frontier06508,1704809580,1704809650,70
frontier06509,1704809326,1704809586,260
frontier06510,1704809602,1704809657,55
frontier06511,1704809594,1704809656,62
frontier06512,1704809220,1704809274,54
frontier06513,1704809605,1704809658,53
frontier06514,1704809654,1704809659,5
frontier06515,1704809232,1704809296,64
frontier06516,1704809203,1704809277,74
frontier06517,1704809602,1704809656,54
frontier06518,1704809344,1704809588,244
frontier06519,1704809602,1704809657,55
frontier06520,1704809638,1704809658,20
frontier06521,1704809221,1704809262,41
frontier06522,1704809368,1704809613,245
frontier06523,1704809641,1704809658,17
frontier06524,1704809274,1704809324,50
frontier06527,1704809655,1704809659,4
frontier06530,1704809367,1704809594,227
frontier06531,1704809600,1704809656,56
frontier06532,1704809602,1704809657,55
frontier06533,1704809602,1704809656,54
frontier06534,1704809367,1704809592,225
frontier06535,1704809602,1704809656,54
frontier06536,1704809602,1704809657,55
frontier06537,1704809601,1704809656,55
frontier06538,1704809601,1704809657,56
frontier06539,1704809580,1704809653,73
frontier06540,1704809232,1704809275,43
frontier06541,1704809589,1704809655,66
frontier06542,1704809265,1704809324,59
frontier06547,1704809604,1704809657,53
frontier06548,1704809602,1704809656,54
frontier06550,1704809325,1704809594,269
frontier06551,1704809223,1704809276,53
frontier06552,1704809594,1704809657,63
frontier06556,1704809594,1704809656,62
frontier06557,1704809602,1704809656,54
frontier06559,1704809593,1704809656,63
frontier06560,1704809604,1704809657,53
frontier06561,1704809326,1704809605,279
frontier06562,1704809602,1704809656,54
frontier06563,1704809580,1704809653,73
frontier06564,1704809602,1704809657,55
frontier06565,1704809586,1704809653,67
frontier06566,1704809581,1704809654,73
frontier06567,1704809601,1704809656,55
frontier06568,1704809367,1704809606,239
frontier06569,1704809218,1704809272,54
frontier06570,1704809603,1704809657,54
frontier06571,1704809602,1704809656,54
frontier06572,1704809602,1704809657,55
frontier06573,1704809580,1704809653,73
frontier06574,1704809199,1704809222,23
frontier06575,1704809589,1704809655,66
frontier06576,1704809232,1704809266,34
frontier06577,1704809232,1704809297,65
frontier06578,1704809602,1704809656,54
frontier06580,1704809602,1704809657,55
frontier06581,1704809367,1704809570,203
frontier06582,1704809586,1704809653,67
frontier06583,1704809325,1704809411,86
frontier06584,1704809345,1704809607,262
frontier06585,1704809345,1704809593,248
frontier06586,1704809588,1704809653,65
frontier06587,1704809325,1704809594,269
frontier06588,1704809285,1704809328,43
frontier06589,1704809367,1704809577,210
frontier06590,1704809325,1704809583,258
frontier06591,1704809343,1704809605,262
frontier06592,1704809589,1704809655,66
frontier06593,1704809654,1704809659,5
frontier06594,1704809604,1704809657,53
frontier06597,1704809280,1704809316,36
frontier06598,1704809602,1704809656,54
frontier06599,1704809325,1704809582,257
frontier06600,1704809602,1704809657,55
frontier06601,1704809602,1704809656,54
frontier06602,1704809602,1704809656,54
frontier06603,1704809654,1704809659,5
frontier06605,1704809654,1704809659,5
frontier06606,1704809594,1704809657,63
frontier06607,1704809345,1704809607,262
frontier06608,1704809593,1704809656,63
frontier06611,1704809325,1704809589,264
frontier06612,1704809367,1704809607,240
frontier06613,1704809654,1704809659,5
frontier06614,1704809602,1704809656,54
frontier06615,1704809586,1704809650,64
frontier06616,1704809198,1704809222,24
frontier06617,1704809345,1704809607,262
frontier06618,1704809586,1704809654,68
frontier06619,1704809223,1704809266,43
frontier06620,1704809589,1704809655,66
frontier06621,1704809225,1704809269,44
frontier06622,1704809602,1704809656,54
frontier06623,1704809346,1704809625,279
frontier06624,1704809280,1704809328,48
frontier06625,1704809232,1704809264,32
frontier06626,1704809586,1704809649,63
frontier06627,1704809218,1704809273,55
frontier06628,1704809323,1704809587,264
frontier06629,1704809602,1704809657,55
frontier06630,1704809602,1704809657,55
frontier06631,1704809345,1704809592,247
frontier06632,1704809367,1704809593,226
frontier06636,1704809586,1704809653,67
frontier06637,1704809222,1704809262,40
frontier06638,1704809367,1704809606,239
frontier06639,1704809325,1704809589,264
frontier06640,1704809580,1704809650,70
frontier06641,1704809233,1704809284,51
frontier06642,1704809325,1704809412,87
frontier06643,1704809285,1704809328,43
frontier06644,1704809217,1704809271,54
frontier06645,1704809581,1704809654,73
frontier06646,1704809580,1704809650,70
frontier06647,1704809223,1704809274,51
frontier06648,1704809345,1704809607,262
frontier06649,1704809198,1704809226,28
frontier06650,1704809325,1704809582,257
frontier06651,1704809280,1704809328,48
frontier06652,1704809232,1704809262,30
frontier06653,1704809655,1704809659,4
frontier06654,1704809580,1704809650,70
frontier06655,1704809602,1704809656,54
frontier06656,1704809273,1704809325,52
frontier06657,1704809314,1704809372,58
frontier06658,1704809345,1704809606,261
frontier06659,1704809654,1704809659,5
frontier06660,1704809223,1704809273,50
frontier06661,1704809345,1704809568,223
frontier06662,1704809325,1704809602,277
frontier06663,1704809576,1704809652,76
frontier06664,1704809602,1704809657,55
frontier06665,1704809576,1704809653,77
frontier06666,1704809602,1704809656,54
frontier06667,1704809576,1704809650,74
frontier06668,1704809592,1704809656,64
frontier06669,1704809589,1704809654,65
frontier06670,1704809223,1704809267,44
frontier06673,1704809325,1704809586,261
frontier06674,1704809293,1704809328,35
frontier06675,1704809602,1704809657,55
frontier06676,1704809580,1704809653,73
frontier06677,1704809343,1704809577,234
frontier06679,1704809326,1704809592,266
frontier06680,1704809581,1704809653,72
frontier06682,1704809232,1704809276,44
frontier06685,1704809323,1704809571,248
frontier06686,1704809581,1704809653,72
frontier06687,1704809345,1704809605,260
frontier06688,1704809604,1704809657,53
frontier06689,1704809344,1704809607,263
frontier06690,1704809306,1704809591,285
frontier06691,1704809323,1704809606,283
frontier06692,1704809315,1704809592,277
frontier06693,1704809593,1704809656,63
frontier06695,1704809344,1704809581,237
frontier06696,1704809345,1704809607,262
frontier06699,1704809198,1704809223,25
frontier06700,1704809367,1704809605,238
frontier06701,1704809346,1704809589,243
frontier06702,1704809576,1704809652,76
frontier06703,1704809588,1704809654,66
frontier06704,1704809325,1704809601,276
frontier06705,1704809225,1704809269,44
frontier06706,1704809249,1704809295,46
frontier06707,1704809285,1704809328,43
frontier06710,1704809602,1704809657,55
frontier06711,1704809601,1704809657,56
frontier06712,1704809586,1704809650,64
frontier06713,1704809602,1704809656,54
frontier06714,1704809343,1704809605,262
frontier06715,1704809605,1704809658,53
frontier06716,1704809345,1704809607,262
frontier06717,1704809589,1704809656,67
frontier06718,1704809232,1704809294,62
frontier06719,1704809602,1704809657,55
frontier06720,1704809602,1704809656,54
frontier06721,1704809198,1704809222,24
frontier06722,1704809367,1704809607,240
frontier06723,1704809265,1704809323,58
frontier06724,1704809602,1704809656,54
frontier06725,1704809276,1704809327,51
frontier06726,1704809602,1704809656,54
frontier06727,1704809602,1704809656,54
frontier06728,1704809654,1704809659,5
frontier06729,1704809198,1704809222,24
frontier06730,1704809296,1704809315,19
frontier06731,1704809606,1704809658,52
frontier06732,1704809316,1704809605,289
frontier06733,1704809593,1704809656,63
frontier06735,1704809326,1704809576,250
frontier06736,1704809654,1704809659,5
frontier06737,1704809602,1704809656,54
frontier06738,1704809177,1704809198,21
frontier06739,1704809314,1704809605,291
frontier06740,1704809343,1704809592,249
frontier06741,1704809591,1704809657,66
frontier06742,1704809325,1704809594,269
frontier06743,1704809224,1704809263,39
frontier06744,1704809204,1704809272,68
frontier06745,1704809576,1704809649,73
frontier06746,1704809325,1704809592,267
frontier06747,1704809345,1704809605,260
frontier06748,1704809586,1704809653,67
frontier06749,1704809325,1704809587,262
frontier06750,1704809602,1704809656,54
frontier06751,1704809326,1704809414,88
frontier06752,1704809232,1704809264,32
frontier06753,1704809602,1704809656,54
frontier06754,1704809602,1704809656,54
frontier06755,1704809592,1704809656,64
frontier06756,1704809604,1704809657,53
frontier06757,1704809313,1704809605,292
frontier06758,1704809285,1704809328,43
frontier06759,1704809204,1704809276,72
frontier06760,1704809223,1704809274,51
frontier06761,1704809323,1704809579,256
frontier06764,1704809315,1704809373,58
frontier06765,1704809654,1704809659,5
frontier06767,1704809369,1704809636,267
frontier06768,1704809580,1704809650,70
frontier06769,1704809275,1704809326,51
frontier06770,1704809344,1704809587,243
frontier06772,1704809602,1704809656,54
frontier06773,1704809322,1704809570,248
frontier06774,1704809314,1704809593,279
frontier06775,1704809345,1704809607,262
frontier06776,1704809294,1704809328,34
frontier06777,1704809591,1704809657,66
frontier06778,1704809345,1704809587,242
frontier06779,1704809345,1704809605,260
frontier06780,1704809592,1704809656,64
frontier06781,1704809323,1704809581,258
frontier06782,1704809306,1704809328,22
frontier06783,1704809232,1704809297,65
frontier06784,1704809602,1704809657,55
frontier06785,1704809654,1704809659,5
frontier06786,1704809576,1704809650,74
frontier06787,1704809576,1704809652,76
frontier06788,1704809604,1704809657,53
frontier06789,1704809313,1704809605,292
frontier06790,1704809367,1704809606,239
frontier06791,1704809345,1704809591,246
frontier06792,1704809602,1704809656,54
frontier06793,1704809602,1704809656,54
frontier06794,1704809367,1704809607,240
frontier06796,1704809602,1704809656,54
frontier06797,1704809232,1704809265,33
frontier06798,1704809344,1704809591,247
frontier06801,1704809325,1704809570,245
frontier06802,1704809602,1704809656,54
frontier06803,1704809232,1704809277,45
frontier06804,1704809346,1704809605,259
frontier06805,1704809265,1704809324,59
frontier06806,1704809604,1704809656,52
frontier06809,1704809369,1704809606,237
frontier06810,1704809604,1704809658,54
frontier06811,1704809198,1704809223,25
frontier06812,1704809604,1704809657,53
frontier06813,1704809285,1704809328,43
frontier06814,1704809325,1704809593,268
frontier06816,1704809602,1704809656,54
frontier06817,1704809367,1704809592,225
frontier06818,1704809232,1704809274,42
frontier06819,1704809223,1704809266,43
frontier06820,1704809224,1704809266,42
frontier06821,1704809593,1704809657,64
frontier06822,1704809576,1704809650,74
frontier06823,1704809325,1704809570,245
frontier06824,1704809323,1704809576,253
frontier06825,1704809294,1704809328,34
frontier06826,1704809586,1704809653,67
frontier06827,1704809594,1704809656,62
frontier06828,1704809586,1704809653,67
frontier06829,1704809604,1704809656,52
frontier06830,1704809580,1704809653,73
frontier06832,1704809325,1704809593,268
frontier06833,1704809602,1704809656,54
frontier06834,1704809602,1704809657,55
frontier06835,1704809587,1704809654,67
frontier06838,1704809345,1704809606,261
frontier06839,1704809249,1704809299,50
frontier06840,1704809202,1704809260,58
frontier06841,1704809345,1704809607,262
frontier06842,1704809580,1704809654,74
frontier06843,1704809576,1704809653,77
frontier06844,1704809589,1704809655,66
frontier06845,1704809602,1704809656,54
frontier06846,1704809345,1704809605,260
frontier06847,1704809594,1704809656,62
frontier06848,1704809232,1704809265,33
frontier06849,1704809204,1704809272,68
frontier06850,1704809589,1704809654,65
frontier06851,1704809604,1704809657,53
frontier06852,1704809602,1704809656,54
frontier06853,1704809594,1704809657,63
frontier06854,1704809325,1704809587,262
frontier06855,1704809367,1704809580,213
frontier06856,1704809602,1704809657,55
frontier06857,1704809306,1704809583,277
frontier06858,1704809218,1704809272,54
frontier06859,1704809594,1704809656,62
frontier06861,1704809602,1704809657,55
frontier06862,1704809265,1704809323,58
frontier06863,1704809604,1704809656,52
frontier06864,1704809602,1704809656,54
frontier06865,1704809602,1704809656,54
frontier06866,1704809232,1704809266,34
frontier06867,1704809602,1704809657,55
frontier06868,1704809325,1704809586,261
frontier06869,1704809198,1704809223,25
frontier06870,1704809367,1704809606,239
frontier06871,1704809594,1704809656,62
frontier06872,1704809367,1704809607,240
frontier06873,1704809580,1704809653,73
frontier06874,1704809603,1704809657,54
frontier06875,1704809587,1704809654,67
frontier06876,1704809203,1704809271,68
frontier06877,1704809602,1704809656,54
frontier06878,1704809602,1704809656,54
frontier06879,1704809232,1704809295,63
frontier06880,1704809604,1704809656,52
frontier06881,1704809604,1704809657,53
frontier06883,1704809586,1704809652,66
frontier06884,1704809345,1704809580,235
frontier06890,1704809602,1704809656,54
frontier06891,1704809602,1704809656,54
frontier06892,1704809215,1704809268,53
frontier06893,1704809344,1704809582,238
frontier06894,1704809602,1704809657,55
frontier06895,1704809602,1704809656,54
frontier06901,1704809580,1704809649,69
frontier06903,1704809346,1704809613,267
frontier06904,1704809581,1704809653,72
frontier06905,1704809232,1704809296,64
frontier06906,1704809325,1704809601,276
frontier06907,1704809232,1704809276,44
frontier06908,1704809345,1704809607,262
frontier06909,1704809576,1704809652,76
frontier06910,1704809367,1704809606,239
frontier06911,1704809588,1704809653,65
frontier06912,1704809367,1704809570,203
frontier06914,1704809602,1704809656,54
frontier06915,1704809345,1704809587,242
frontier06917,1704809345,1704809570,225
frontier06918,1704809325,1704809594,269
frontier06919,1704809604,1704809657,53
frontier06920,1704809594,1704809657,63
frontier06921,1704809285,1704809328,43
frontier06923,1704809594,1704809656,62
frontier06924,1704809345,1704809412,67
frontier06925,1704809602,1704809656,54
frontier06926,1704809604,1704809656,52
frontier06927,1704809576,1704809652,76
frontier06930,1704809602,1704809656,54
frontier06931,1704809285,1704809328,43
frontier06932,1704809336,1704809587,251
frontier06933,1704809325,1704809414,89
frontier06934,1704809602,1704809656,54
frontier06935,1704809586,1704809653,67
frontier06938,1704809580,1704809650,70
frontier06939,1704809345,1704809607,262
frontier06940,1704809576,1704809653,77
frontier06941,1704809367,1704809592,225
frontier06942,1704809221,1704809270,49
frontier06943,1704809345,1704809588,243
frontier06944,1704809367,1704809570,203
frontier06945,1704809286,1704809580,294
frontier06946,1704809203,1704809272,69
frontier06947,1704809280,1704809328,48
frontier06948,1704809267,1704809324,57
frontier06949,1704809367,1704809592,225
frontier06950,1704809345,1704809580,235
frontier06951,1704809325,1704809586,261
frontier06952,1704809285,1704809328,43
frontier06953,1704809586,1704809653,67
frontier06954,1704809586,1704809653,67
frontier06955,1704809604,1704809657,53
frontier06957,1704809594,1704809656,62
frontier06958,1704809602,1704809656,54
frontier06959,1704809576,1704809650,74
frontier06961,1704809602,1704809656,54
frontier06962,1704809367,1704809606,239
frontier06963,1704809325,1704809583,258
frontier06964,1704809344,1704809606,262
frontier06965,1704809233,1704809274,41
frontier06967,1704809222,1704809262,40
frontier06968,1704809344,1704809587,243
frontier06969,1704809325,1704809571,246
frontier06970,1704809325,1704809582,257
frontier06971,1704809306,1704809582,276
frontier06972,1704809280,1704809315,35
frontier06973,1704809594,1704809656,62
frontier06974,1704809602,1704809657,55
frontier06975,1704809314,1704809581,267
frontier06976,1704809198,1704809223,25
frontier06977,1704809602,1704809657,55
frontier06978,1704809586,1704809653,67
frontier06979,1704809592,1704809656,64
frontier06980,1704809221,1704809266,45
frontier06981,1704809225,1704809269,44
frontier06982,1704809602,1704809656,54
frontier06983,1704809345,1704809579,234
frontier06984,1704809313,1704809606,293
frontier06985,1704809604,1704809656,52
frontier06986,1704809369,1704809612,243
frontier06987,1704809589,1704809656,67
frontier06988,1704809203,1704809267,64
frontier06989,1704809275,1704809325,50
frontier06990,1704809367,1704809605,238
frontier06992,1704809586,1704809650,64
frontier06993,1704809589,1704809656,67
frontier06994,1704809233,1704809286,53
frontier06995,1704809367,1704809605,238
frontier06996,1704809588,1704809654,66
frontier06997,1704809604,1704809657,53
frontier06998,1704809313,1704809326,13
frontier06999,1704809594,1704809657,63
frontier07000,1704809204,1704809276,72
frontier07001,1704809322,1704809576,254
frontier07002,1704809198,1704809223,25
frontier07003,1704809367,1704809606,239
frontier07004,1704809345,1704809594,249
frontier07005,1704809367,1704809594,227
frontier07006,1704809410,1704809593,183
frontier07007,1704809265,1704809323,58
frontier07008,1704809203,1704809270,67
frontier07009,1704809222,1704809262,40
frontier07011,1704809293,1704809328,35
frontier07014,1704809604,1704809656,52
frontier07015,1704809345,1704809605,260
frontier07016,1704809345,1704809602,257
frontier07017,1704809280,1704809328,48
frontier07019,1704809325,1704809580,255
frontier07020,1704809204,1704809262,58
frontier07021,1704809343,1704809413,70
frontier07022,1704809604,1704809657,53
frontier07026,1704809604,1704809658,54
frontier07028,1704809581,1704809653,72
frontier07029,1704809345,1704809581,236
frontier07030,1704809591,1704809656,65
frontier07032,1704809604,1704809656,52
frontier07034,1704809325,1704809593,268
frontier07035,1704809654,1704809659,5
frontier07036,1704809198,1704809223,25
frontier07037,1704809655,1704809659,4
frontier07038,1704809316,1704809602,286
frontier07039,1704809602,1704809656,54
frontier07040,1704809367,1704809589,222
frontier07042,1704809576,1704809652,76
frontier07043,1704809232,1704809275,43
frontier07044,1704809293,1704809328,35
frontier07045,1704809588,1704809653,65
frontier07046,1704809204,1704809269,65
frontier07048,1704809326,1704809605,279
frontier07050,1704809223,1704809268,45
frontier07051,1704809602,1704809656,54
frontier07052,1704809604,1704809656,52
frontier07053,1704809602,1704809656,54
frontier07054,1704809345,1704809587,242
frontier07057,1704809654,1704809659,5
frontier07058,1704809286,1704809328,42
frontier07059,1704809602,1704809657,55
frontier07060,1704809581,1704809652,71
frontier07063,1704809591,1704809656,65
frontier07064,1704809604,1704809656,52
frontier07065,1704809232,1704809275,43
frontier07066,1704809344,1704809580,236
frontier07067,1704809586,1704809653,67
frontier07068,1704809225,1704809296,71
frontier07069,1704809345,1704809589,244
frontier07070,1704809604,1704809657,53
frontier07071,1704809223,1704809273,50
frontier07072,1704809604,1704809657,53
frontier07073,1704809602,1704809656,54
frontier07074,1704809602,1704809656,54
frontier07075,1704809602,1704809656,54
frontier07076,1704809285,1704809588,303
frontier07077,1704809602,1704809657,55
frontier07078,1704809602,1704809657,55
frontier07079,1704809344,1704809587,243
frontier07082,1704809369,1704809625,256
frontier07083,1704809345,1704809606,261
frontier07084,1704809296,1704809315,19
frontier07085,1704809602,1704809656,54
frontier07086,1704809602,1704809657,55
frontier07087,1704809604,1704809657,53
frontier07089,1704809604,1704809656,52
frontier07091,1704809367,1704809607,240
frontier07092,1704809654,1704809659,5
frontier07093,1704809368,1704809587,219
frontier07094,1704809345,1704809568,223
frontier07095,1704809198,1704809226,28
frontier07096,1704809325,1704809594,269
frontier07097,1704809222,1704809268,46
frontier07098,1704809344,1704809593,249
frontier07099,1704809216,1704809272,56
frontier07101,1704809228,1704809271,43
frontier07102,1704809589,1704809655,66
frontier07103,1704809602,1704809656,54
frontier07104,1704809204,1704809272,68
frontier07105,1704809576,1704809649,73
frontier07106,1704809312,1704809325,13
frontier07107,1704809580,1704809650,70
frontier07108,1704809232,1704809274,42
frontier07109,1704809345,1704809581,236
frontier07110,1704809285,1704809328,43
frontier07111,1704809314,1704809576,262
frontier07112,1704809325,1704809583,258
frontier07114,1704809602,1704809656,54
frontier07115,1704809581,1704809653,72
frontier07116,1704809344,1704809580,236
frontier07120,1704809654,1704809659,5
frontier07121,1704809344,1704809580,236
frontier07122,1704809344,1704809601,257
frontier07124,1704809198,1704809222,24
frontier07125,1704809249,1704809298,49
frontier07126,1704809232,1704809296,64
frontier07127,1704809367,1704809579,212
frontier07128,1704809198,1704809222,24
frontier07129,1704809233,1704809278,45
frontier07130,1704809222,1704809262,40
frontier07131,1704809346,1704809579,233
frontier07132,1704809604,1704809658,54
frontier07133,1704809586,1704809654,68
frontier07134,1704809232,1704809286,54
frontier07135,1704809315,1704809389,74
frontier07136,1704809198,1704809223,25
frontier07137,1704809586,1704809654,68
frontier07138,1704809367,1704809605,238
frontier07139,1704809601,1704809656,55
frontier07140,1704809602,1704809657,55
frontier07141,1704809589,1704809654,65
frontier07142,1704809325,1704809593,268
frontier07143,1704809249,1704809297,48
frontier07144,1704809222,1704809265,43
frontier07145,1704809204,1704809272,68
frontier07146,1704809344,1704809587,243
frontier07147,1704809588,1704809653,65
frontier07149,1704809654,1704809659,5
frontier07150,1704809604,1704809656,52
frontier07151,1704809314,1704809602,288
frontier07155,1704809586,1704809655,69
frontier07156,1704809586,1704809654,68
frontier07157,1704809369,1704809636,267
frontier07159,1704809344,1704809588,244
frontier07160,1704809602,1704809656,54
frontier07161,1704809604,1704809657,53
frontier07162,1704809604,1704809656,52
frontier07163,1704809586,1704809653,67
frontier07164,1704809225,1704809296,71
frontier07165,1704809325,1704809588,263
frontier07166,1704809265,1704809324,59
frontier07167,1704809326,1704809576,250
frontier07168,1704809233,1704809285,52
frontier07170,1704809221,1704809263,42
frontier07171,1704809204,1704809263,59
frontier07172,1704809580,1704809653,73
frontier07173,1704809576,1704809650,74
frontier07174,1704809654,1704809659,5
frontier07175,1704809589,1704809656,67
frontier07176,1704809232,1704809276,44
frontier07177,1704809604,1704809657,53
frontier07178,1704809325,1704809586,261
frontier07179,1704809232,1704809296,64
frontier07180,1704809588,1704809653,65
frontier07181,1704809593,1704809656,63
frontier07182,1704809586,1704809653,67
frontier07185,1704809588,1704809653,65
frontier07186,1704809586,1704809655,69
frontier07187,1704809602,1704809656,54
frontier07188,1704809225,1704809296,71
frontier07191,1704809594,1704809656,62
frontier07192,1704809345,1704809413,68
frontier07193,1704809264,1704809324,60
frontier07194,1704809266,1704809324,58
frontier07195,1704809589,1704809655,66
frontier07196,1704809367,1704809601,234
frontier07197,1704809586,1704809653,67
frontier07198,1704809602,1704809657,55
frontier07199,1704809325,1704809575,250
frontier07200,1704809602,1704809657,55
frontier07201,1704809588,1704809653,65
frontier07202,1704809593,1704809657,64
frontier07203,1704809232,1704809263,31
frontier07204,1704809232,1704809296,64
frontier07205,1704809326,1704809413,87
frontier07206,1704809345,1704809606,261
frontier07207,1704809223,1704809270,47
frontier07208,1704809177,1704809198,21
frontier07212,1704809602,1704809656,54
frontier07213,1704809345,1704809579,234
frontier07214,1704809602,1704809656,54
frontier07216,1704809345,1704809576,231
frontier07217,1704809345,1704809593,248
frontier07218,1704809592,1704809656,64
frontier07219,1704809602,1704809656,54
frontier07221,1704809602,1704809656,54
frontier07222,1704809602,1704809657,55
frontier07223,1704809232,1704809274,42
frontier07224,1704809602,1704809656,54
frontier07225,1704809232,1704809276,44
frontier07226,1704809604,1704809657,53
frontier07227,1704809602,1704809657,55
frontier07228,1704809224,1704809273,49
frontier07229,1704809223,1704809268,45
frontier07230,1704809604,1704809657,53
frontier07231,1704809580,1704809654,74
frontier07232,1704809580,1704809650,70
frontier07233,1704809344,1704809589,245
frontier07234,1704809198,1704809222,24
frontier07235,1704809222,1704809267,45
frontier07236,1704809286,1704809328,42
frontier07237,1704809345,1704809606,261
frontier07238,1704809593,1704809656,63
frontier07239,1704809322,1704809593,271
frontier07240,1704809280,1704809328,48
frontier07241,1704809368,1704809606,238
frontier07242,1704809602,1704809657,55
frontier07243,1704809570,1704809653,83
frontier07244,1704809293,1704809328,35
frontier07245,1704809589,1704809654,65
frontier07246,1704809593,1704809656,63
frontier07248,1704809586,1704809652,66
frontier07249,1704809217,1704809271,54
frontier07250,1704809602,1704809656,54
frontier07251,1704809325,1704809412,87
frontier07252,1704809345,1704809413,68
frontier07253,1704809580,1704809650,70
frontier07254,1704809326,1704809586,260
frontier07255,1704809367,1704809607,240
frontier07256,1704809221,1704809263,42
frontier07257,1704809654,1704809659,5
frontier07258,1704809586,1704809653,67
frontier07259,1704809204,1704809272,68
frontier07260,1704809200,1704809276,76
frontier07261,1704809594,1704809656,62
frontier07262,1704809275,1704809325,50
frontier07263,1704809654,1704809659,5
frontier07264,1704809325,1704809413,88
frontier07265,1704809576,1704809650,74
frontier07266,1704809602,1704809656,54
frontier07267,1704809233,1704809286,53
frontier07268,1704809325,1704809594,269
frontier07269,1704809344,1704809588,244
frontier07270,1704809602,1704809656,54
frontier07271,1704809581,1704809653,72
frontier07272,1704809325,1704809592,267
frontier07273,1704809326,1704809594,268
frontier07274,1704809325,1704809601,276
frontier07275,1704809345,1704809592,247
frontier07276,1704809586,1704809654,68
frontier07277,1704809313,1704809604,291
frontier07278,1704809589,1704809655,66
frontier07280,1704809602,1704809656,54
frontier07284,1704809198,1704809225,27
frontier07286,1704809586,1704809653,67
frontier07287,1704809602,1704809656,54
frontier07288,1704809327,1704809577,250
frontier07289,1704809345,1704809592,247
frontier07290,1704809588,1704809654,66
frontier07291,1704809345,1704809588,243
frontier07292,1704809285,1704809328,43
frontier07293,1704809326,1704809579,253
frontier07294,1704809580,1704809652,72
frontier07295,1704809306,1704809570,264
frontier07296,1704809322,1704809390,68
frontier07298,1704809345,1704809586,241
frontier07299,1704809367,1704809594,227
frontier07300,1704809232,1704809277,45
frontier07301,1704809345,1704809607,262
frontier07302,1704809343,1704809570,227
frontier07303,1704809587,1704809654,67
frontier07304,1704809654,1704809659,5
frontier07305,1704809602,1704809656,54
frontier07306,1704809345,1704809607,262
frontier07307,1704809594,1704809656,62
frontier07308,1704809293,1704809328,35
frontier07309,1704809325,1704809602,277
frontier07310,1704809274,1704809324,50
frontier07313,1704809325,1704809597,272
frontier07314,1704809286,1704809328,42
frontier07315,1704809581,1704809654,73
frontier07316,1704809602,1704809656,54
frontier07317,1704809602,1704809656,54
frontier07320,1704809602,1704809657,55
frontier07321,1704809587,1704809653,66
frontier07322,1704809325,1704809584,259
frontier07323,1704809345,1704809607,262
frontier07324,1704809267,1704809324,57
frontier07325,1704809586,1704809652,66
frontier07326,1704809264,1704809323,59
frontier07327,1704809602,1704809656,54
frontier07328,1704809602,1704809656,54
frontier07329,1704809580,1704809653,73
frontier07330,1704809345,1704809582,237
frontier07331,1704809367,1704809413,46
frontier07332,1704809604,1704809657,53
frontier07333,1704809367,1704809607,240
frontier07334,1704809586,1704809653,67
frontier07335,1704809580,1704809652,72
frontier07336,1704809249,1704809296,47
frontier07337,1704809602,1704809656,54
frontier07339,1704809576,1704809650,74
frontier07340,1704809325,1704809592,267
frontier07342,1704809586,1704809654,68
frontier07343,1704809602,1704809657,55
frontier07344,1704809594,1704809656,62
frontier07345,1704809222,1704809262,40
frontier07346,1704809367,1704809607,240
frontier07347,1704809593,1704809657,64
frontier07348,1704809285,1704809328,43
frontier07349,1704809345,1704809605,260
frontier07350,1704809602,1704809656,54
frontier07351,1704809285,1704809328,43
frontier07352,1704809344,1704809600,256
frontier07353,1704809265,1704809323,58
frontier07354,1704809325,1704809593,268
frontier07355,1704809225,1704809266,41
frontier07357,1704809602,1704809657,55
frontier07358,1704809589,1704809655,66
frontier07359,1704809367,1704809605,238
frontier07360,1704809594,1704809656,62
frontier07362,1704809312,1704809589,277
frontier07363,1704809654,1704809659,5
frontier07364,1704809602,1704809656,54
frontier07365,1704809604,1704809657,53
frontier07366,1704809314,1704809413,99
frontier07367,1704809345,1704809581,236
frontier07369,1704809325,1704809588,263
frontier07370,1704809586,1704809649,63
frontier07371,1704809580,1704809649,69
frontier07372,1704809198,1704809222,24
frontier07373,1704809591,1704809655,64
frontier07374,1704809285,1704809328,43
frontier07375,1704809325,1704809586,261
frontier07376,1704809367,1704809607,240
frontier07377,1704809654,1704809659,5
frontier07378,1704809286,1704809328,42
frontier07379,1704809325,1704809586,261
frontier07380,1704809587,1704809653,66
frontier07381,1704809232,1704809297,65
frontier07382,1704809594,1704809656,62
frontier07383,1704809602,1704809656,54
frontier07384,1704809602,1704809656,54
frontier07385,1704809602,1704809656,54
frontier07386,1704809345,1704809607,262
frontier07387,1704809593,1704809656,63
frontier07388,1704809602,1704809657,55
frontier07389,1704809323,1704809583,260
frontier07390,1704809602,1704809656,54
frontier07391,1704809601,1704809656,55
frontier07392,1704809325,1704809593,268
frontier07393,1704809580,1704809653,73
frontier07394,1704809200,1704809263,63
frontier07395,1704809586,1704809652,66
frontier07396,1704809602,1704809656,54
frontier07397,1704809604,1704809656,52
frontier07398,1704809592,1704809656,64
frontier07399,1704809198,1704809222,24
frontier07400,1704809580,1704809653,73
frontier07401,1704809606,1704809658,52
frontier07402,1704809232,1704809276,44
frontier07403,1704809606,1704809657,51
frontier07404,1704809602,1704809656,54
frontier07405,1704809293,1704809328,35
frontier07406,1704809203,1704809263,60
frontier07407,1704809580,1704809653,73
frontier07408,1704809368,1704809581,213
frontier07409,1704809602,1704809656,54
frontier07411,1704809604,1704809657,53
frontier07412,1704809576,1704809653,77
frontier07414,1704809345,1704809593,248
frontier07415,1704809589,1704809655,66
frontier07416,1704809602,1704809656,54
frontier07417,1704809586,1704809652,66
frontier07418,1704809198,1704809222,24
frontier07419,1704809345,1704809582,237
frontier07420,1704809602,1704809656,54
frontier07424,1704809204,1704809273,69
frontier07426,1704809312,1704809593,281
frontier07427,1704809233,1704809286,53
frontier07428,1704809602,1704809656,54
frontier07429,1704809367,1704809606,239
frontier07430,1704809345,1704809606,261
frontier07431,1704809198,1704809222,24
frontier07432,1704809654,1704809659,5
frontier07433,1704809602,1704809656,54
frontier07434,1704809602,1704809657,55
frontier07435,1704809323,1704809390,67
frontier07436,1704809306,1704809592,286
frontier07437,1704809604,1704809656,52
frontier07438,1704809654,1704809659,5
frontier07441,1704809367,1704809604,237
frontier07442,1704809325,1704809593,268
frontier07443,1704809223,1704809268,45
frontier07444,1704809336,1704809594,258
frontier07447,1704809589,1704809656,67
frontier07448,1704809344,1704809580,236
frontier07449,1704809367,1704809605,238
frontier07450,1704809586,1704809649,63
frontier07451,1704809586,1704809649,63
frontier07452,1704809602,1704809656,54
frontier07453,1704809602,1704809656,54
frontier07454,1704809312,1704809580,268
frontier07455,1704809604,1704809657,53
frontier07456,1704809345,1704809580,235
frontier07457,1704809580,1704809650,70
frontier07458,1704809604,1704809657,53
frontier07459,1704809604,1704809657,53
frontier07460,1704809367,1704809580,213
frontier07461,1704809215,1704809272,57
frontier07462,1704809325,1704809576,251
frontier07463,1704809602,1704809656,54
frontier07465,1704809198,1704809222,24
frontier07467,1704809602,1704809657,55
frontier07468,1704809602,1704809656,54
frontier07469,1704809602,1704809656,54
frontier07470,1704809602,1704809656,54
frontier07471,1704809586,1704809653,67
frontier07472,1704809599,1704809656,57
frontier07473,1704809593,1704809656,63
frontier07474,1704809293,1704809328,35
frontier07475,1704809604,1704809658,54
frontier07476,1704809602,1704809657,55
frontier07477,1704809654,1704809659,5
frontier07478,1704809591,1704809657,66
frontier07479,1704809602,1704809657,55
frontier07480,1704809312,1704809582,270
frontier07481,1704809280,1704809328,48
frontier07482,1704809345,1704809570,225
frontier07483,1704809602,1704809656,54
frontier07484,1704809602,1704809656,54
frontier07485,1704809345,1704809605,260
frontier07486,1704809325,1704809587,262
frontier07487,1704809232,1704809272,40
frontier07488,1704809602,1704809657,55
frontier07489,1704809570,1704809653,83
frontier07490,1704809345,1704809607,262
frontier07491,1704809602,1704809657,55
frontier07492,1704809592,1704809656,64
frontier07493,1704809345,1704809570,225
frontier07494,1704809593,1704809656,63
frontier07495,1704809345,1704809606,261
frontier07496,1704809203,1704809272,69
frontier07497,1704809225,1704809270,45
frontier07498,1704809325,1704809587,262
frontier07499,1704809602,1704809656,54
frontier07501,1704809602,1704809657,55
frontier07503,1704809602,1704809657,55
frontier07504,1704809589,1704809655,66
frontier07505,1704809198,1704809222,24
frontier07506,1704809593,1704809656,63
frontier07507,1704809602,1704809656,54
frontier07508,1704809367,1704809606,239
frontier07509,1704809313,1704809586,273
frontier07510,1704809232,1704809295,63
frontier07511,1704809602,1704809656,54
frontier07512,1704809604,1704809657,53
frontier07513,1704809589,1704809655,66
frontier07514,1704809576,1704809650,74
frontier07515,1704809593,1704809656,63
frontier07517,1704809316,1704809594,278
frontier07518,1704809297,1704809316,19
frontier07519,1704809313,1704809607,294
frontier07520,1704809602,1704809657,55
frontier07521,1704809367,1704809608,241
frontier07522,1704809602,1704809656,54
frontier07523,1704809368,1704809636,268
frontier07524,1704809264,1704809323,59
frontier07525,1704809602,1704809657,55
frontier07526,1704809285,1704809329,44
frontier07527,1704809368,1704809635,267
frontier07528,1704809325,1704809587,262
frontier07529,1704809581,1704809653,72
frontier07530,1704809654,1704809659,5
frontier07531,1704809576,1704809649,73
frontier07532,1704809232,1704809296,64
frontier07533,1704809225,1704809271,46
frontier07534,1704809602,1704809656,54
frontier07535,1704809204,1704809263,59
frontier07536,1704809602,1704809656,54
frontier07537,1704809325,1704809587,262
frontier07538,1704809346,1704809625,279
frontier07539,1704809602,1704809656,54
frontier07540,1704809325,1704809586,261
frontier07541,1704809367,1704809592,225
frontier07542,1704809367,1704809606,239
frontier07544,1704809586,1704809653,67
frontier07548,1704809602,1704809656,54
frontier07549,1704809581,1704809653,72
frontier07550,1704809586,1704809653,67
frontier07552,1704809306,1704809587,281
frontier07553,1704809345,1704809605,260
frontier07554,1704809175,1704809178,3
frontier07555,1704809588,1704809654,66
frontier07556,1704809586,1704809653,67
frontier07557,1704809592,1704809657,65
frontier07559,1704809593,1704809657,64
frontier07560,1704809602,1704809656,54
frontier07561,1704809345,1704809575,230
frontier07562,1704809588,1704809654,66
frontier07563,1704809367,1704809606,239
frontier07564,1704809325,1704809586,261
frontier07565,1704809602,1704809656,54
frontier07566,1704809204,1704809271,67
frontier07569,1704809602,1704809656,54
frontier07570,1704809367,1704809577,210
frontier07571,1704809285,1704809328,43
frontier07572,1704809367,1704809577,210
frontier07573,1704809602,1704809656,54
frontier07574,1704809232,1704809258,26
frontier07577,1704809601,1704809657,56
frontier07578,1704809345,1704809592,247
frontier07579,1704809604,1704809657,53
frontier07580,1704809345,1704809606,261
frontier07581,1704809604,1704809656,52
frontier07582,1704809369,1704809625,256
frontier07583,1704809325,1704809592,267
frontier07584,1704809580,1704809650,70
frontier07585,1704809602,1704809656,54
frontier07586,1704809367,1704809575,208
frontier07588,1704809313,1704809604,291
frontier07589,1704809232,1704809277,45
frontier07590,1704809604,1704809658,54
frontier07591,1704809313,1704809592,279
frontier07592,1704809285,1704809328,43
frontier07593,1704809654,1704809659,5
frontier07594,1704809581,1704809653,72
frontier07595,1704809204,1704809272,68
frontier07596,1704809602,1704809656,54
frontier07597,1704809602,1704809656,54
frontier07598,1704809602,1704809657,55
frontier07599,1704809602,1704809657,55
frontier07600,1704809602,1704809656,54
frontier07601,1704809325,1704809570,245
frontier07603,1704809286,1704809328,42
frontier07604,1704809604,1704809657,53
frontier07605,1704809602,1704809656,54
frontier07606,1704809198,1704809235,37
frontier07607,1704809602,1704809656,54
frontier07608,1704809326,1704809594,268
frontier07609,1704809217,1704809271,54
frontier07610,1704809199,1704809263,64
frontier07611,1704809654,1704809659,5
frontier07614,1704809204,1704809272,68
frontier07615,1704809602,1704809656,54
frontier07616,1704809325,1704809594,269
frontier07617,1704809202,1704809261,59
frontier07618,1704809223,1704809272,49
frontier07619,1704809576,1704809649,73
frontier07620,1704809604,1704809658,54
frontier07621,1704809264,1704809323,59
frontier07622,1704809202,1704809263,61
frontier07623,1704809323,1704809411,88
frontier07624,1704809576,1704809653,77
frontier07625,1704809223,1704809266,43
frontier07626,1704809326,1704809413,87
frontier07627,1704809367,1704809580,213
frontier07628,1704809604,1704809657,53
frontier07629,1704809325,1704809593,268
frontier07630,1704809581,1704809654,73
frontier07631,1704809345,1704809607,262
frontier07632,1704809232,1704809273,41
frontier07633,1704809576,1704809650,74
frontier07634,1704809296,1704809315,19
frontier07635,1704809367,1704809577,210
frontier07636,1704809367,1704809606,239
frontier07637,1704809204,1704809270,66
frontier07638,1704809604,1704809657,53
frontier07639,1704809344,1704809581,237
frontier07640,1704809602,1704809656,54
frontier07641,1704809346,1704809625,279
frontier07642,1704809604,1704809658,54
frontier07643,1704809203,1704809263,60
frontier07644,1704809602,1704809656,54
frontier07645,1704809602,1704809657,55
frontier07647,1704809654,1704809659,5
frontier07648,1704809218,1704809273,55
frontier07649,1704809325,1704809390,65
frontier07650,1704809589,1704809655,66
frontier07651,1704809249,1704809298,49
frontier07652,1704809654,1704809659,5
frontier07653,1704809325,1704809592,267
frontier07654,1704809326,1704809607,281
frontier07655,1704809587,1704809654,67
frontier07656,1704809654,1704809659,5
frontier07657,1704809601,1704809656,55
frontier07658,1704809589,1704809656,67
frontier07660,1704809367,1704809606,239
frontier07661,1704809325,1704809592,267
frontier07662,1704809323,1704809583,260
frontier07663,1704809593,1704809656,63
frontier07664,1704809576,1704809653,77
frontier07665,1704809249,1704809295,46
frontier07666,1704809325,1704809413,88
frontier07669,1704809587,1704809653,66
frontier07672,1704809602,1704809656,54
frontier07674,1704809580,1704809650,70
frontier07675,1704809580,1704809649,69
frontier07676,1704809325,1704809593,268
frontier07677,1704809367,1704809579,212
frontier07678,1704809580,1704809654,74
frontier07679,1704809604,1704809657,53
frontier07680,1704809268,1704809325,57
frontier07681,1704809602,1704809657,55
frontier07682,1704809325,1704809593,268
frontier07683,1704809285,1704809328,43
frontier07684,1704809591,1704809656,65
frontier07685,1704809602,1704809657,55
frontier07687,1704809203,1704809264,61
frontier07688,1704809344,1704809581,237
frontier07689,1704809325,1704809586,261
frontier07690,1704809602,1704809657,55
frontier07691,1704809343,1704809607,264
frontier07692,1704809591,1704809656,65
frontier07693,1704809602,1704809656,54
frontier07694,1704809248,1704809293,45
frontier07697,1704809654,1704809659,5
frontier07698,1704809602,1704809656,54
frontier07699,1704809602,1704809657,55
frontier07700,1704809345,1704809592,247
frontier07701,1704809345,1704809602,257
frontier07704,1704809589,1704809654,65
frontier07705,1704809325,1704809593,268
frontier07706,1704809594,1704809656,62
frontier07707,1704809233,1704809286,53
frontier07708,1704809223,1704809277,54
frontier07709,1704809346,1704809613,267
frontier07711,1704809602,1704809656,54
frontier07712,1704809232,1704809275,43
frontier07713,1704809602,1704809656,54
frontier07714,1704809580,1704809650,70
frontier07715,1704809602,1704809656,54
frontier07716,1704809367,1704809592,225
frontier07717,1704809249,1704809298,49
frontier07718,1704809367,1704809605,238
frontier07719,1704809367,1704809593,226
frontier07720,1704809586,1704809654,68
frontier07721,1704809601,1704809657,56
frontier07722,1704809232,1704809275,43
frontier07723,1704809602,1704809656,54
frontier07724,1704809602,1704809657,55
frontier07725,1704809586,1704809654,68
frontier07728,1704809602,1704809656,54
frontier07729,1704809344,1704809583,239
frontier07730,1704809601,1704809656,55
frontier07731,1704809204,1704809266,62
frontier07732,1704809264,1704809323,59
frontier07733,1704809602,1704809656,54
frontier07734,1704809325,1704809594,269
frontier07735,1704809594,1704809656,62
frontier07736,1704809602,1704809657,55
frontier07737,1704809331,1704809606,275
frontier07738,1704809199,1704809263,64
frontier07739,1704809589,1704809655,66
frontier07740,1704809232,1704809276,44
frontier07741,1704809586,1704809653,67
frontier07742,1704809602,1704809656,54
frontier07743,1704809589,1704809655,66
frontier07744,1704809576,1704809653,77
frontier07746,1704809592,1704809656,64
frontier07748,1704809654,1704809659,5
frontier07749,1704809325,1704809585,260
frontier07750,1704809204,1704809270,66
frontier07751,1704809603,1704809657,54
frontier07752,1704809602,1704809656,54
frontier07753,1704809576,1704809650,74
frontier07754,1704809602,1704809656,54
frontier07755,1704809576,1704809652,76
frontier07756,1704809602,1704809657,55
frontier07757,1704809576,1704809653,77
frontier07758,1704809654,1704809658,4
frontier07759,1704809602,1704809656,54
frontier07760,1704809586,1704809650,64
frontier07761,1704809586,1704809653,67
frontier07762,1704809344,1704809580,236
frontier07763,1704809367,1704809605,238
frontier07765,1704809581,1704809653,72
frontier07766,1704809580,1704809653,73
frontier07767,1704809602,1704809657,55
frontier07768,1704809602,1704809657,55
frontier07769,1704809222,1704809265,43
frontier07770,1704809580,1704809652,72
frontier07771,1704809602,1704809656,54
frontier07772,1704809602,1704809656,54
frontier07773,1704809602,1704809656,54
frontier07774,1704809367,1704809607,240
frontier07775,1704809602,1704809656,54
frontier07776,1704809345,1704809594,249
frontier07777,1704809654,1704809658,4
frontier07778,1704809203,1704809274,71
frontier07779,1704809198,1704809222,24
frontier07780,1704809602,1704809656,54
frontier07781,1704809602,1704809657,55
frontier07782,1704809286,1704809328,42
frontier07783,1704809345,1704809606,261
frontier07784,1704809591,1704809657,66
frontier07785,1704809580,1704809650,70
frontier07786,1704809345,1704809606,261
frontier07787,1704809203,1704809265,62
frontier07788,1704809345,1704809581,236
frontier07789,1704809602,1704809656,54
frontier07790,1704809602,1704809657,55
frontier07791,1704809240,1704809296,56
frontier07792,1704809581,1704809653,72
frontier07793,1704809367,1704809602,235
frontier07794,1704809325,1704809411,86
frontier07795,1704809369,1704809636,267
frontier07796,1704809345,1704809592,247
frontier07797,1704809346,1704809624,278
frontier07798,1704809586,1704809653,67
frontier07799,1704809325,1704809571,246
frontier07800,1704809580,1704809650,70
frontier07801,1704809654,1704809659,5
frontier07802,1704809604,1704809657,53
frontier07803,1704809345,1704809592,247
frontier07807,1704809368,1704809607,239
frontier07810,1704809602,1704809656,54
frontier07811,1704809602,1704809656,54
frontier07812,1704809200,1704809275,75
frontier07813,1704809604,1704809657,53
frontier07814,1704809588,1704809653,65
frontier07815,1704809580,1704809653,73
frontier07816,1704809587,1704809653,66
frontier07817,1704809198,1704809223,25
frontier07820,1704809580,1704809650,70
frontier07821,1704809586,1704809653,67
frontier07822,1704809580,1704809653,73
frontier07823,1704809278,1704809326,48
frontier07824,1704809592,1704809656,64
frontier07825,1704809325,1704809577,252
frontier07826,1704809325,1704809593,268
frontier07827,1704809202,1704809263,61
frontier07828,1704809367,1704809606,239
frontier07829,1704809367,1704809606,239
frontier07830,1704809345,1704809582,237
frontier07831,1704809576,1704809649,73
frontier07832,1704809274,1704809324,50
frontier07833,1704809654,1704809659,5
frontier07834,1704809249,1704809296,47
frontier07835,1704809602,1704809657,55
frontier07836,1704809580,1704809650,70
frontier07837,1704809345,1704809593,248
frontier07838,1704809249,1704809295,46
frontier07839,1704809602,1704809656,54
frontier07842,1704809594,1704809656,62
frontier07843,1704809249,1704809299,50
frontier07844,1704809602,1704809656,54
frontier07845,1704809325,1704809588,263
frontier07846,1704809325,1704809601,276
frontier07847,1704809592,1704809657,65
frontier07848,1704809591,1704809657,66
frontier07849,1704809285,1704809328,43
frontier07850,1704809586,1704809653,67
frontier07851,1704809604,1704809656,52
frontier07852,1704809249,1704809296,47
frontier07853,1704809325,1704809593,268
frontier07854,1704809232,1704809274,42
frontier07855,1704809346,1704809603,257
frontier07856,1704809367,1704809581,214
frontier07857,1704809367,1704809594,227
frontier07858,1704809285,1704809328,43
frontier07859,1704809345,1704809607,262
frontier07860,1704809586,1704809655,69
frontier07861,1704809258,1704809296,38
frontier07862,1704809198,1704809223,25
frontier07866,1704809312,1704809583,271
frontier07867,1704809233,1704809294,61
frontier07868,1704809306,1704809583,277
frontier07869,1704809367,1704809607,240
frontier07870,1704809367,1704809594,227
frontier07871,1704809218,1704809273,55
frontier07872,1704809654,1704809658,4
frontier07873,1704809589,1704809656,67
frontier07874,1704809232,1704809296,64
frontier07876,1704809594,1704809656,62
frontier07877,1704809593,1704809656,63
frontier07878,1704809654,1704809659,5
frontier07879,1704809345,1704809607,262
frontier07880,1704809602,1704809657,55
frontier07881,1704809325,1704809587,262
frontier07882,1704809654,1704809659,5
frontier07883,1704809232,1704809265,33
frontier07884,1704809286,1704809328,42
frontier07885,1704809233,1704809286,53
frontier07886,1704809580,1704809650,70
frontier07887,1704809316,1704809588,272
frontier07888,1704809325,1704809602,277
frontier07889,1704809604,1704809657,53
frontier07890,1704809325,1704809412,87
frontier07891,1704809593,1704809656,63
frontier07892,1704809369,1704809636,267
frontier07893,1704809602,1704809657,55
frontier07894,1704809601,1704809656,55
frontier07895,1704809345,1704809413,68
frontier07896,1704809272,1704809325,53
frontier07897,1704809325,1704809593,268
frontier07898,1704809344,1704809588,244
frontier07899,1704809593,1704809656,63
frontier07900,1704809203,1704809272,69
frontier07901,1704809345,1704809607,262
frontier07902,1704809325,1704809582,257
frontier07903,1704809345,1704809414,69
frontier07904,1704809604,1704809656,52
frontier07905,1704809367,1704809570,203
frontier07906,1704809325,1704809592,267
frontier07907,1704809603,1704809657,54
frontier07908,1704809345,1704809606,261
frontier07909,1704809602,1704809656,54
frontier07910,1704809604,1704809656,52
frontier07911,1704809343,1704809592,249
frontier07912,1704809233,1704809286,53
frontier07913,1704809249,1704809298,49
frontier07914,1704809603,1704809656,53
frontier07915,1704809345,1704809606,261
frontier07916,1704809605,1704809658,53
frontier07917,1704809367,1704809607,240
frontier07918,1704809286,1704809328,42
frontier07919,1704809602,1704809656,54
frontier07920,1704809232,1704809295,63
frontier07921,1704809594,1704809656,62
frontier07922,1704809604,1704809656,52
frontier07923,1704809285,1704809328,43
frontier07924,1704809345,1704809577,232
frontier07925,1704809223,1704809276,53
frontier07926,1704809346,1704809607,261
frontier07928,1704809593,1704809656,63
frontier07929,1704809602,1704809656,54
frontier07930,1704809602,1704809657,55
frontier07935,1704809367,1704809607,240
frontier07936,1704809367,1704809605,238
frontier07938,1704809602,1704809657,55
frontier07939,1704809312,1704809608,296
frontier07940,1704809345,1704809591,246
frontier07941,1704809602,1704809657,55
frontier07942,1704809367,1704809579,212
frontier07943,1704809602,1704809656,54
frontier07944,1704809326,1704809593,267
frontier07946,1704809586,1704809653,67
frontier07949,1704809589,1704809654,65
frontier07950,1704809604,1704809657,53
frontier07951,1704809265,1704809306,41
frontier07952,1704809280,1704809328,48
frontier07953,1704809589,1704809655,66
frontier07955,1704809580,1704809650,70
frontier07956,1704809367,1704809606,239
frontier07957,1704809604,1704809657,53
frontier07958,1704809325,1704809593,268
frontier07959,1704809325,1704809576,251
frontier07960,1704809325,1704809576,251
frontier07961,1704809604,1704809657,53
frontier07962,1704809344,1704809587,243
frontier07963,1704809232,1704809260,28
frontier07964,1704809345,1704809583,238
frontier07965,1704809232,1704809274,42
frontier07966,1704809285,1704809328,43
frontier07967,1704809233,1704809285,52
frontier07968,1704809222,1704809262,40
frontier07969,1704809604,1704809656,52
frontier07970,1704809654,1704809659,5
frontier07971,1704809325,1704809601,276
frontier07972,1704809586,1704809653,67
frontier07974,1704809602,1704809656,54
frontier07975,1704809604,1704809657,53
frontier07976,1704809233,1704809284,51
frontier07977,1704809602,1704809656,54
frontier07978,1704809325,1704809390,65
frontier07979,1704809602,1704809656,54
frontier07980,1704809602,1704809656,54
frontier07981,1704809586,1704809654,68
frontier07982,1704809602,1704809656,54
frontier07983,1704809204,1704809272,68
frontier07984,1704809325,1704809576,251
frontier07985,1704809325,1704809390,65
frontier07986,1704809326,1704809581,255
frontier07988,1704809589,1704809654,65
frontier07990,1704809198,1704809222,24
frontier07991,1704809604,1704809658,54
frontier07994,1704809325,1704809582,257
frontier07995,1704809602,1704809657,55
frontier07996,1704809589,1704809655,66
frontier07997,1704809325,1704809586,261
frontier07999,1704809344,1704809591,247
frontier08000,1704809344,1704809583,239
frontier08001,1704809306,1704809328,22
frontier08002,1704809593,1704809656,63
frontier08003,1704809580,1704809650,70
frontier08004,1704809345,1704809607,262
frontier08009,1704809285,1704809582,297
frontier08010,1704809654,1704809659,5
frontier08011,1704809325,1704809594,269
frontier08012,1704809346,1704809613,267
frontier08013,1704809346,1704809581,235
frontier08014,1704809249,1704809298,49
frontier08015,1704809285,1704809328,43
frontier08016,1704809589,1704809655,66
frontier08017,1704809581,1704809654,73
frontier08018,1704809347,1704809636,289
frontier08019,1704809232,1704809265,33
frontier08020,1704809602,1704809656,54
frontier08021,1704809602,1704809656,54
frontier08022,1704809604,1704809657,53
frontier08023,1704809367,1704809576,209
frontier08024,1704809654,1704809659,5
frontier08025,1704809367,1704809607,240
frontier08026,1704809204,1704809272,68
frontier08027,1704809602,1704809657,55
frontier08028,1704809345,1704809605,260
frontier08029,1704809344,1704809413,69
frontier08030,1704809367,1704809606,239
frontier08031,1704809345,1704809587,242
frontier08032,1704809222,1704809266,44
frontier08033,1704809602,1704809656,54
frontier08034,1704809586,1704809652,66
frontier08035,1704809294,1704809328,34
frontier08036,1704809224,1704809263,39
frontier08037,1704809323,1704809635,312
frontier08038,1704809580,1704809653,73
frontier08039,1704809601,1704809657,56
frontier08040,1704809367,1704809605,238
frontier08041,1704809654,1704809659,5
frontier08042,1704809581,1704809653,72
frontier08043,1704809602,1704809657,55
frontier08044,1704809589,1704809655,66
frontier08045,1704809177,1704809198,21
frontier08046,1704809306,1704809327,21
frontier08047,1704809602,1704809657,55
frontier08048,1704809368,1704809635,267
frontier08049,1704809603,1704809657,54
frontier08050,1704809602,1704809656,54
frontier08051,1704809249,1704809295,46
frontier08052,1704809223,1704809273,50
frontier08053,1704809264,1704809323,59
frontier08054,1704809325,1704809592,267
frontier08055,1704809654,1704809659,5
frontier08056,1704809367,1704809607,240
frontier08057,1704809280,1704809328,48
frontier08058,1704809203,1704809263,60
frontier08059,1704809325,1704809413,88
frontier08060,1704809576,1704809653,77
frontier08061,1704809249,1704809295,46
frontier08062,1704809588,1704809654,66
frontier08063,1704809586,1704809653,67
frontier08064,1704809315,1704809592,277
frontier08066,1704809293,1704809328,35
frontier08067,1704809654,1704809659,5
frontier08068,1704809602,1704809656,54
frontier08069,1704809654,1704809659,5
frontier08071,1704809327,1704809587,260
frontier08072,1704809312,1704809579,267
frontier08074,1704809602,1704809657,55
frontier08077,1704809232,1704809268,36
frontier08078,1704809233,1704809274,41
frontier08079,1704809369,1704809586,217
frontier08080,1704809315,1704809606,291
frontier08081,1704809197,1704809264,67
frontier08082,1704809367,1704809581,214
frontier08083,1704809602,1704809656,54
frontier08084,1704809587,1704809654,67
frontier08085,1704809367,1704809580,213
frontier08086,1704809580,1704809650,70
frontier08087,1704809604,1704809657,53
frontier08088,1704809215,1704809269,54
frontier08089,1704809345,1704809605,260
frontier08090,1704809586,1704809653,67
frontier08091,1704809346,1704809625,279
frontier08092,1704809285,1704809328,43
frontier08093,1704809602,1704809657,55
frontier08094,1704809367,1704809605,238
frontier08098,1704809589,1704809655,66
frontier08099,1704809345,1704809608,263
frontier08100,1704809580,1704809649,69
frontier08101,1704809223,1704809268,45
frontier08102,1704809602,1704809656,54
frontier08103,1704809602,1704809656,54
frontier08104,1704809345,1704809606,261
frontier08105,1704809604,1704809657,53
frontier08107,1704809367,1704809589,222
frontier08108,1704809589,1704809655,66
frontier08109,1704809232,1704809276,44
frontier08110,1704809312,1704809412,100
frontier08111,1704809602,1704809656,54
frontier08112,1704809345,1704809606,261
frontier08113,1704809604,1704809657,53
frontier08114,1704809325,1704809594,269
frontier08115,1704809312,1704809593,281
frontier08116,1704809586,1704809656,70
frontier08117,1704809588,1704809654,66
frontier08118,1704809367,1704809606,239
frontier08119,1704809602,1704809656,54
frontier08120,1704809323,1704809390,67
frontier08121,1704809232,1704809294,62
frontier08122,1704809325,1704809594,269
frontier08123,1704809240,1704809296,56
frontier08124,1704809345,1704809607,262
frontier08125,1704809602,1704809657,55
frontier08126,1704809589,1704809656,67
frontier08127,1704809589,1704809655,66
frontier08128,1704809604,1704809657,53
frontier08129,1704809345,1704809411,66
frontier08130,1704809285,1704809328,43
frontier08132,1704809325,1704809586,261
frontier08133,1704809604,1704809657,53
frontier08134,1704809316,1704809605,289
frontier08135,1704809202,1704809263,61
frontier08136,1704809325,1704809413,88
frontier08137,1704809601,1704809657,56
frontier08138,1704809589,1704809654,65
frontier08139,1704809600,1704809657,57
frontier08140,1704809315,1704809570,255
frontier08141,1704809586,1704809653,67
frontier08142,1704809602,1704809657,55
frontier08143,1704809203,1704809272,69
frontier08144,1704809602,1704809656,54
frontier08145,1704809164,1704809177,13
frontier08146,1704809163,1704809198,35
frontier08147,1704809198,1704809222,24
frontier08148,1704809602,1704809656,54
frontier08149,1704809223,1704809277,54
frontier08150,1704809654,1704809659,5
frontier08151,1704809225,1704809296,71
frontier08152,1704809602,1704809656,54
frontier08153,1704809604,1704809656,52
frontier08154,1704809345,1704809606,261
frontier08155,1704809325,1704809593,268
frontier08156,1704809225,1704809293,68
frontier08157,1704809280,1704809328,48
frontier08158,1704809586,1704809654,68
frontier08159,1704809604,1704809657,53
frontier08160,1704809367,1704809605,238
frontier08161,1704809325,1704809594,269
frontier08162,1704809604,1704809657,53
frontier08163,1704809285,1704809328,43
frontier08164,1704809593,1704809657,64
frontier08165,1704809345,1704809581,236
frontier08166,1704809602,1704809656,54
frontier08167,1704809588,1704809653,65
frontier08168,1704809602,1704809656,54
frontier08169,1704809306,1704809328,22
frontier08170,1704809312,1704809326,14
frontier08171,1704809345,1704809607,262
frontier08172,1704809285,1704809328,43
frontier08173,1704809656,1704809659,3
frontier08174,1704809655,1704809658,3
frontier08175,1704809367,1704809605,238
frontier08176,1704809325,1704809593,268
frontier08177,1704809602,1704809656,54
frontier08178,1704809602,1704809656,54
frontier08179,1704809654,1704809659,5
frontier08180,1704809602,1704809656,54
frontier08181,1704809576,1704809650,74
frontier08183,1704809602,1704809657,55
frontier08190,1704809602,1704809657,55
frontier08192,1704809325,1704809586,261
frontier08194,1704809368,1704809614,246
frontier08195,1704809600,1704809657,57
frontier08196,1704809345,1704809413,68
frontier08197,1704809204,1704809272,68
frontier08198,1704809654,1704809659,5
frontier08199,1704809602,1704809656,54
frontier08200,1704809576,1704809650,74
frontier08202,1704809654,1704809659,5
frontier08205,1704809233,1704809275,42
frontier08206,1704809602,1704809656,54
frontier08207,1704809604,1704809656,52
frontier08208,1704809589,1704809654,65
frontier08209,1704809367,1704809605,238
frontier08210,1704809606,1704809658,52
frontier08211,1704809223,1704809273,50
frontier08212,1704809580,1704809650,70
frontier08213,1704809316,1704809413,97
frontier08214,1704809344,1704809584,240
frontier08215,1704809326,1704809606,280
frontier08216,1704809345,1704809580,235
frontier08217,1704809344,1704809580,236
frontier08218,1704809367,1704809592,225
frontier08219,1704809600,1704809656,56
frontier08220,1704809602,1704809656,54
frontier08221,1704809345,1704809606,261
frontier08223,1704809367,1704809607,240
frontier08226,1704809325,1704809570,245
frontier08227,1704809232,1704809296,64
frontier08228,1704809325,1704809413,88
frontier08229,1704809343,1704809587,244
frontier08230,1704809286,1704809328,42
frontier08231,1704809602,1704809656,54
frontier08232,1704809345,1704809580,235
frontier08233,1704809345,1704809606,261
frontier08236,1704809604,1704809657,53
frontier08237,1704809306,1704809580,274
frontier08238,1704809602,1704809657,55
frontier08239,1704809280,1704809328,48
frontier08240,1704809602,1704809656,54
frontier08241,1704809654,1704809659,5
frontier08242,1704809593,1704809657,64
frontier08243,1704809593,1704809656,63
frontier08244,1704809293,1704809371,78
frontier08245,1704809325,1704809581,256
frontier08246,1704809345,1704809588,243
frontier08247,1704809592,1704809656,64
frontier08248,1704809593,1704809657,64
frontier08250,1704809217,1704809271,54
frontier08251,1704809591,1704809656,65
frontier08252,1704809576,1704809649,73
frontier08253,1704809369,1704809608,239
frontier08254,1704809605,1704809659,54
frontier08255,1704809580,1704809653,73
frontier08256,1704809225,1704809270,45
frontier08257,1704809588,1704809653,65
frontier08259,1704809325,1704809412,87
frontier08260,1704809604,1704809657,53
frontier08261,1704809285,1704809328,43
frontier08262,1704809344,1704809587,243
frontier08263,1704809602,1704809657,55
frontier08264,1704809580,1704809649,69
frontier08265,1704809202,1704809263,61
frontier08266,1704809345,1704809583,238
frontier08267,1704809325,1704809583,258
frontier08270,1704809202,1704809263,61
frontier08271,1704809249,1704809298,49
frontier08274,1704809232,1704809275,43
frontier08275,1704809325,1704809592,267
frontier08276,1704809232,1704809266,34
frontier08277,1704809367,1704809605,238
frontier08278,1704809580,1704809652,72
frontier08279,1704809343,1704809606,263
frontier08280,1704809163,1704809177,14
frontier08281,1704809323,1704809390,67
frontier08282,1704809581,1704809654,73
frontier08283,1704809586,1704809654,68
frontier08284,1704809367,1704809580,213
frontier08286,1704809314,1704809413,99
frontier08287,1704809367,1704809605,238
frontier08288,1704809602,1704809656,54
frontier08290,1704809602,1704809657,55
frontier08291,1704809367,1704809601,234
frontier08292,1704809325,1704809413,88
frontier08293,1704809198,1704809222,24
frontier08294,1704809326,1704809586,260
frontier08295,1704809604,1704809657,53
frontier08296,1704809654,1704809659,5
frontier08297,1704809602,1704809656,54
frontier08298,1704809589,1704809655,66
frontier08299,1704809592,1704809656,64
frontier08300,1704809367,1704809607,240
frontier08301,1704809604,1704809656,52
frontier08302,1704809293,1704809328,35
frontier08303,1704809325,1704809413,88
frontier08304,1704809591,1704809656,65
frontier08305,1704809296,1704809315,19
frontier08306,1704809306,1704809606,300
frontier08307,1704809325,1704809602,277
frontier08308,1704809602,1704809657,55
frontier08309,1704809586,1704809650,64
frontier08310,1704809312,1704809592,280
frontier08311,1704809604,1704809657,53
frontier08312,1704809602,1704809656,54
frontier08313,1704809367,1704809607,240
frontier08314,1704809325,1704809593,268
frontier08315,1704809233,1704809274,41
frontier08316,1704809345,1704809413,68
frontier08319,1704809589,1704809655,66
frontier08320,1704809589,1704809654,65
frontier08321,1704809589,1704809656,67
frontier08322,1704809233,1704809293,60
frontier08323,1704809367,1704809589,222
frontier08324,1704809594,1704809656,62
frontier08325,1704809204,1704809271,67
frontier08326,1704809343,1704809593,250
frontier08327,1704809602,1704809656,54
frontier08328,1704809602,1704809657,55
frontier08329,1704809249,1704809298,49
frontier08330,1704809221,1704809264,43
frontier08331,1704809218,1704809272,54
frontier08332,1704809589,1704809654,65
frontier08333,1704809604,1704809657,53
frontier08334,1704809602,1704809657,55
frontier08335,1704809602,1704809657,55
frontier08336,1704809654,1704809659,5
frontier08337,1704809602,1704809656,54
frontier08339,1704809586,1704809653,67
frontier08340,1704809203,1704809262,59
frontier08341,1704809285,1704809390,105
frontier08342,1704809223,1704809276,53
frontier08344,1704809586,1704809650,64
frontier08345,1704809198,1704809226,28
frontier08346,1704809602,1704809656,54
frontier08347,1704809602,1704809656,54
frontier08348,1704809654,1704809659,5
frontier08349,1704809586,1704809653,67
frontier08350,1704809232,1704809293,61
frontier08352,1704809225,1704809269,44
frontier08354,1704809581,1704809653,72
frontier08356,1704809232,1704809276,44
frontier08357,1704809602,1704809656,54
frontier08358,1704809232,1704809276,44
frontier08359,1704809232,1704809296,64
frontier08360,1704809602,1704809657,55
frontier08363,1704809345,1704809581,236
frontier08364,1704809249,1704809298,49
frontier08365,1704809323,1704809585,262
frontier08368,1704809586,1704809652,66
frontier08369,1704809601,1704809656,55
frontier08370,1704809602,1704809656,54
frontier08371,1704809326,1704809579,253
frontier08372,1704809602,1704809657,55
frontier08373,1704809601,1704809657,56
frontier08374,1704809228,1704809274,46
frontier08375,1704809345,1704809606,261
frontier08376,1704809345,1704809586,241
frontier08377,1704809589,1704809654,65
frontier08379,1704809232,1704809277,45
frontier08380,1704809603,1704809656,53
frontier08381,1704809325,1704809584,259
frontier08382,1704809367,1704809592,225
frontier08383,1704809602,1704809657,55
frontier08384,1704809232,1704809277,45
frontier08385,1704809278,1704809328,50
frontier08386,1704809286,1704809328,42
frontier08387,1704809249,1704809298,49
frontier08389,1704809346,1704809635,289
frontier08394,1704809602,1704809657,55
frontier08395,1704809285,1704809328,43
frontier08396,1704809204,1704809273,69
frontier08397,1704809204,1704809272,68
frontier08398,1704809285,1704809328,43
frontier08399,1704809602,1704809656,54
frontier08400,1704809602,1704809656,54
frontier08401,1704809345,1704809605,260
frontier08402,1704809581,1704809653,72
frontier08403,1704809249,1704809298,49
frontier08404,1704809604,1704809657,53
frontier08405,1704809345,1704809607,262
frontier08406,1704809222,1704809264,42
frontier08407,1704809654,1704809658,4
frontier08408,1704809203,1704809273,70
frontier08409,1704809325,1704809605,280
frontier08410,1704809322,1704809390,68
frontier08411,1704809588,1704809653,65
frontier08412,1704809345,1704809607,262
frontier08413,1704809177,1704809198,21
frontier08414,1704809604,1704809657,53
frontier08415,1704809325,1704809601,276
frontier08416,1704809367,1704809606,239
frontier08417,1704809346,1704809594,248
frontier08418,1704809604,1704809657,53
frontier08419,1704809603,1704809657,54
frontier08420,1704809204,1704809273,69
frontier08421,1704809367,1704809579,212
frontier08422,1704809367,1704809608,241
frontier08423,1704809602,1704809657,55
frontier08424,1704809345,1704809607,262
frontier08425,1704809592,1704809656,64
frontier08426,1704809602,1704809657,55
frontier08427,1704809367,1704809582,215
frontier08428,1704809325,1704809581,256
frontier08429,1704809293,1704809328,35
frontier08432,1704809344,1704809587,243
frontier08433,1704809593,1704809656,63
frontier08434,1704809223,1704809272,49
frontier08435,1704809232,1704809274,42
frontier08436,1704809198,1704809235,37
frontier08437,1704809367,1704809607,240
frontier08438,1704809602,1704809657,55
frontier08439,1704809604,1704809657,53
frontier08440,1704809602,1704809656,54
frontier08441,1704809602,1704809656,54
frontier08442,1704809286,1704809328,42
frontier08445,1704809198,1704809222,24
frontier08446,1704809278,1704809327,49
frontier08447,1704809344,1704809581,237
frontier08448,1704809285,1704809328,43
frontier08449,1704809605,1704809657,52
frontier08450,1704809580,1704809650,70
frontier08451,1704809204,1704809270,66
frontier08452,1704809232,1704809265,33
frontier08453,1704809602,1704809656,54
frontier08454,1704809586,1704809652,66
frontier08455,1704809593,1704809656,63
frontier08456,1704809602,1704809656,54
frontier08457,1704809175,1704809198,23
frontier08458,1704809602,1704809657,55
frontier08459,1704809604,1704809657,53
frontier08461,1704809587,1704809654,67
frontier08462,1704809588,1704809653,65
frontier08463,1704809325,1704809579,254
frontier08464,1704809345,1704809606,261
frontier08465,1704809593,1704809657,64
frontier08467,1704809601,1704809656,55
frontier08469,1704809581,1704809653,72
frontier08470,1704809655,1704809659,4
frontier08471,1704809285,1704809328,43
frontier08472,1704809576,1704809653,77
frontier08473,1704809367,1704809607,240
frontier08476,1704809602,1704809656,54
frontier08477,1704809177,1704809198,21
frontier08481,1704809345,1704809594,249
frontier08482,1704809604,1704809656,52
frontier08483,1704809225,1704809266,41
frontier08484,1704809602,1704809657,55
frontier08485,1704809589,1704809655,66
frontier08486,1704809306,1704809586,280
frontier08487,1704809654,1704809659,5
frontier08488,1704809221,1704809263,42
frontier08491,1704809580,1704809650,70
frontier08492,1704809325,1704809390,65
frontier08493,1704809345,1704809593,248
frontier08494,1704809604,1704809658,54
frontier08495,1704809602,1704809656,54
frontier08496,1704809602,1704809656,54
frontier08497,1704809602,1704809657,55
frontier08498,1704809576,1704809650,74
frontier08499,1704809654,1704809659,5
frontier08500,1704809602,1704809657,55
frontier08501,1704809580,1704809649,69
frontier08502,1704809604,1704809657,53
frontier08504,1704809313,1704809593,280
frontier08505,1704809346,1704809579,233
frontier08506,1704809602,1704809656,54
frontier08507,1704809345,1704809605,260
frontier08508,1704809594,1704809656,62
frontier08509,1704809602,1704809656,54
frontier08510,1704809344,1704809587,243
frontier08511,1704809285,1704809328,43
frontier08512,1704809587,1704809654,67
frontier08513,1704809602,1704809656,54
frontier08514,1704809266,1704809324,58
frontier08515,1704809588,1704809654,66
frontier08517,1704809232,1704809276,44
frontier08522,1704809591,1704809655,64
frontier08523,1704809285,1704809328,43
frontier08524,1704809249,1704809298,49
frontier08525,1704809222,1704809265,43
frontier08526,1704809222,1704809265,43
frontier08527,1704809654,1704809659,5
frontier08529,1704809232,1704809296,64
frontier08530,1704809591,1704809656,65
frontier08531,1704809326,1704809606,280
frontier08532,1704809602,1704809656,54
frontier08533,1704809312,1704809347,35
frontier08534,1704809225,1704809268,43
frontier08535,1704809654,1704809659,5
frontier08536,1704809325,1704809592,267
frontier08537,1704809325,1704809412,87
frontier08539,1704809222,1704809269,47
frontier08540,1704809602,1704809656,54
frontier08541,1704809325,1704809576,251
frontier08542,1704809345,1704809605,260
frontier08543,1704809218,1704809272,54
frontier08545,1704809232,1704809297,65
frontier08546,1704809232,1704809276,44
frontier08547,1704809655,1704809659,4
frontier08548,1704809203,1704809271,68
frontier08549,1704809604,1704809657,53
frontier08550,1704809602,1704809657,55
frontier08551,1704809326,1704809575,249
frontier08552,1704809218,1704809272,54
frontier08554,1704809325,1704809412,87
frontier08555,1704809367,1704809605,238
frontier08557,1704809580,1704809650,70
frontier08558,1704809602,1704809657,55
frontier08559,1704809325,1704809601,276
frontier08560,1704809222,1704809267,45
frontier08561,1704809586,1704809653,67
frontier08562,1704809586,1704809654,68
frontier08563,1704809222,1704809268,46
frontier08564,1704809346,1704809625,279
frontier08565,1704809602,1704809656,54
frontier08566,1704809602,1704809656,54
frontier08567,1704809602,1704809656,54
frontier08568,1704809604,1704809657,53
frontier08569,1704809602,1704809656,54
frontier08570,1704809325,1704809602,277
frontier08571,1704809323,1704809412,89
frontier08572,1704809602,1704809657,55
frontier08574,1704809345,1704809582,237
frontier08575,1704809204,1704809272,68
frontier08576,1704809325,1704809593,268
frontier08577,1704809325,1704809592,267
frontier08580,1704809325,1704809593,268
frontier08581,1704809586,1704809652,66
frontier08582,1704809594,1704809657,63
frontier08583,1704809265,1704809324,59
frontier08584,1704809345,1704809606,261
frontier08585,1704809204,1704809262,58
frontier08586,1704809325,1704809585,260
frontier08588,1704809223,1704809266,43
frontier08589,1704809312,1704809582,270
frontier08590,1704809203,1704809263,60
frontier08591,1704809602,1704809656,54
frontier08592,1704809285,1704809328,43
frontier08593,1704809581,1704809652,71
frontier08594,1704809602,1704809657,55
frontier08595,1704809325,1704809594,269
frontier08596,1704809286,1704809328,42
frontier08597,1704809602,1704809657,55
frontier08598,1704809367,1704809571,204
frontier08600,1704809588,1704809654,66
frontier08601,1704809602,1704809656,54
frontier08603,1704809604,1704809656,52
frontier08605,1704809344,1704809588,244
frontier08606,1704809325,1704809592,267
frontier08607,1704809593,1704809657,64
frontier08608,1704809592,1704809656,64
frontier08609,1704809589,1704809656,67
frontier08615,1704809325,1704809390,65
frontier08617,1704809588,1704809654,66
frontier08618,1704809602,1704809657,55
frontier08619,1704809286,1704809328,42
frontier08620,1704809587,1704809652,65
frontier08621,1704809602,1704809656,54
frontier08622,1704809223,1704809263,40
frontier08623,1704809654,1704809659,5
frontier08624,1704809602,1704809657,55
frontier08625,1704809325,1704809410,85
frontier08626,1704809345,1704809588,243
frontier08627,1704809325,1704809589,264
frontier08628,1704809576,1704809653,77
frontier08629,1704809602,1704809656,54
frontier08630,1704809602,1704809657,55
frontier08631,1704809232,1704809276,44
frontier08632,1704809581,1704809653,72
frontier08633,1704809602,1704809656,54
frontier08634,1704809314,1704809592,278
frontier08635,1704809654,1704809659,5
frontier08636,1704809222,1704809263,41
frontier08637,1704809232,1704809277,45
frontier08638,1704809604,1704809657,53
frontier08639,1704809345,1704809607,262
frontier08640,1704809285,1704809328,43
frontier08641,1704809654,1704809659,5
frontier08642,1704809604,1704809657,53
frontier08643,1704809602,1704809657,55
frontier08644,1704809587,1704809653,66
frontier08645,1704809325,1704809568,243
frontier08646,1704809345,1704809606,261
frontier08649,1704809576,1704809650,74
frontier08650,1704809204,1704809272,68
frontier08651,1704809602,1704809657,55
frontier08652,1704809218,1704809268,50
frontier08653,1704809345,1704809606,261
frontier08654,1704809586,1704809654,68
frontier08655,1704809204,1704809263,59
frontier08656,1704809367,1704809607,240
frontier08657,1704809589,1704809655,66
frontier08658,1704809325,1704809594,269
frontier08659,1704809223,1704809267,44
frontier08660,1704809313,1704809587,274
frontier08661,1704809576,1704809653,77
frontier08662,1704809576,1704809653,77
frontier08663,1704809602,1704809656,54
frontier08664,1704809602,1704809657,55
frontier08665,1704809346,1704809413,67
frontier08666,1704809589,1704809655,66
frontier08667,1704809367,1704809605,238
frontier08668,1704809367,1704809607,240
frontier08669,1704809326,1704809413,87
frontier08671,1704809654,1704809659,5
frontier08674,1704809602,1704809656,54
frontier08675,1704809325,1704809594,269
frontier08676,1704809604,1704809657,53
frontier08677,1704809293,1704809328,35
frontier08678,1704809285,1704809328,43
frontier08679,1704809593,1704809656,63
frontier08680,1704809285,1704809328,43
frontier08682,1704809217,1704809271,54
frontier08683,1704809586,1704809654,68
frontier08684,1704809325,1704809602,277
frontier08685,1704809589,1704809655,66
frontier08686,1704809602,1704809656,54
frontier08687,1704809226,1704809296,70
frontier08688,1704809602,1704809656,54
frontier08690,1704809367,1704809605,238
frontier08691,1704809267,1704809323,56
frontier08692,1704809367,1704809594,227
frontier08693,1704809602,1704809656,54
frontier08694,1704809605,1704809657,52
frontier08696,1704809345,1704809607,262
frontier08698,1704809602,1704809656,54
frontier08699,1704809345,1704809604,259
frontier08700,1704809323,1704809383,60
frontier08701,1704809306,1704809345,39
frontier08702,1704809198,1704809222,24
frontier08703,1704809222,1704809263,41
frontier08704,1704809602,1704809656,54
frontier08707,1704809576,1704809650,74
frontier08708,1704809589,1704809655,66
frontier08709,1704809602,1704809657,55
frontier08710,1704809344,1704809605,261
frontier08711,1704809232,1704809276,44
frontier08712,1704809232,1704809276,44
frontier08713,1704809315,1704809625,310
frontier08714,1704809345,1704809607,262
frontier08715,1704809586,1704809653,67
frontier08717,1704809204,1704809272,68
frontier08718,1704809602,1704809656,54
frontier08719,1704809593,1704809656,63
frontier08720,1704809368,1704809626,258
frontier08721,1704809654,1704809659,5
frontier08722,1704809602,1704809656,54
frontier08723,1704809589,1704809654,65
frontier08726,1704809222,1704809263,41
frontier08731,1704809293,1704809328,35
frontier08733,1704809367,1704809579,212
frontier08736,1704809221,1704809262,41
frontier08745,1704809602,1704809657,55
frontier08746,1704809232,1704809274,42
frontier08747,1704809325,1704809593,268
frontier08748,1704809345,1704809607,262
frontier08749,1704809589,1704809654,65
frontier08750,1704809343,1704809594,251
frontier08751,1704809602,1704809657,55
frontier08752,1704809586,1704809652,66
frontier08753,1704809602,1704809656,54
frontier08754,1704809576,1704809653,77
frontier08755,1704809602,1704809657,55
frontier08756,1704809232,1704809296,64
frontier08757,1704809345,1704809587,242
frontier08759,1704809592,1704809656,64
frontier08760,1704809654,1704809659,5
frontier08761,1704809198,1704809221,23
frontier08762,1704809202,1704809262,60
frontier08763,1704809233,1704809276,43
frontier08764,1704809344,1704809580,236
frontier08765,1704809232,1704809296,64
frontier08766,1704809223,1704809276,53
frontier08767,1704809345,1704809580,235
frontier08768,1704809602,1704809656,54
frontier08769,1704809232,1704809275,43
frontier08770,1704809232,1704809273,41
frontier08771,1704809249,1704809296,47
frontier08772,1704809225,1704809271,46
frontier08773,1704809367,1704809593,226
frontier08774,1704809601,1704809656,55
frontier08775,1704809345,1704809413,68
frontier08776,1704809369,1704809635,266
frontier08777,1704809576,1704809652,76
frontier08778,1704809602,1704809657,55
frontier08779,1704809602,1704809657,55
frontier08780,1704809285,1704809328,43
frontier08781,1704809345,1704809607,262
frontier08782,1704809372,1704809647,275
frontier08783,1704809638,1704809658,20
frontier08785,1704809369,1704809592,223
frontier08786,1704809367,1704809607,240
frontier08787,1704809204,1704809271,67
frontier08790,1704809325,1704809588,263
frontier08791,1704809223,1704809269,46
frontier08792,1704809602,1704809656,54
frontier08793,1704809602,1704809656,54
frontier08794,1704809602,1704809657,55
frontier08795,1704809586,1704809653,67
frontier08796,1704809325,1704809583,258
frontier08797,1704809589,1704809655,66
frontier08798,1704809345,1704809580,235
frontier08799,1704809602,1704809657,55
frontier08800,1704809203,1704809264,61
frontier08801,1704809367,1704809594,227
frontier08802,1704809367,1704809594,227
frontier08803,1704809285,1704809328,43
frontier08804,1704809602,1704809656,54
frontier08805,1704809593,1704809656,63
frontier08806,1704809589,1704809656,67
frontier08807,1704809345,1704809606,261
frontier08808,1704809345,1704809606,261
frontier08809,1704809586,1704809653,67
frontier08810,1704809586,1704809653,67
frontier08811,1704809637,1704809658,21
frontier08812,1704809223,1704809270,47
frontier08813,1704809232,1704809297,65
frontier08814,1704809604,1704809657,53
frontier08815,1704809367,1704809581,214
frontier08816,1704809367,1704809593,226
frontier08817,1704809589,1704809655,66
frontier08818,1704809602,1704809656,54
frontier08819,1704809580,1704809650,70
frontier08820,1704809325,1704809602,277
frontier08821,1704809345,1704809592,247
frontier08822,1704809345,1704809606,261
frontier08823,1704809285,1704809328,43
frontier08824,1704809285,1704809328,43
frontier08825,1704809265,1704809307,42
frontier08826,1704809325,1704809586,261
frontier08827,1704809367,1704809607,240
frontier08828,1704809325,1704809594,269
frontier08829,1704809314,1704809593,279
frontier08830,1704809221,1704809263,42
frontier08831,1704809602,1704809656,54
frontier08832,1704809586,1704809653,67
frontier08835,1704809204,1704809272,68
frontier08836,1704809586,1704809653,67
frontier08837,1704809602,1704809656,54
frontier08838,1704809198,1704809222,24
frontier08839,1704809602,1704809656,54
frontier08840,1704809604,1704809657,53
frontier08841,1704809367,1704809593,226
frontier08842,1704809604,1704809657,53
frontier08843,1704809580,1704809650,70
frontier08844,1704809367,1704809605,238
frontier08845,1704809654,1704809659,5
frontier08846,1704809604,1704809657,53
frontier08847,1704809602,1704809656,54
frontier08848,1704809604,1704809658,54
frontier08849,1704809325,1704809583,258
frontier08850,1704809602,1704809657,55
frontier08851,1704809654,1704809659,5
frontier08852,1704809232,1704809296,64
frontier08853,1704809654,1704809659,5
frontier08855,1704809326,1704809594,268
frontier08856,1704809602,1704809656,54
frontier08857,1704809313,1704809604,291
frontier08859,1704809345,1704809580,235
frontier08861,1704809325,1704809580,255
frontier08863,1704809313,1704809592,279
frontier08864,1704809296,1704809316,20
frontier08871,1704809594,1704809657,63
frontier08872,1704809346,1704809637,291
frontier08873,1704809602,1704809657,55
frontier08874,1704809367,1704809593,226
frontier08875,1704809602,1704809656,54
frontier08876,1704809602,1704809656,54
frontier08877,1704809367,1704809579,212
frontier08878,1704809323,1704809579,256
frontier08879,1704809326,1704809593,267
frontier08881,1704809232,1704809297,65
frontier08882,1704809164,1704809177,13
frontier08883,1704809367,1704809571,204
frontier08884,1704809312,1704809589,277
frontier08885,1704809604,1704809658,54
frontier08886,1704809594,1704809656,62
frontier08887,1704809203,1704809272,69
frontier08888,1704809218,1704809271,53
frontier08889,1704809228,1704809271,43
frontier08890,1704809346,1704809624,278
frontier08891,1704809367,1704809606,239
frontier08892,1704809325,1704809600,275
frontier08893,1704809602,1704809656,54
frontier08894,1704809315,1704809576,261
frontier08895,1704809604,1704809657,53
frontier08896,1704809604,1704809657,53
frontier08897,1704809232,1704809296,64
frontier08898,1704809215,1704809272,57
frontier08899,1704809344,1704809588,244
frontier08900,1704809602,1704809656,54
frontier08901,1704809581,1704809653,72
frontier08902,1704809346,1704809625,279
frontier08903,1704809285,1704809328,43
frontier08904,1704809367,1704809577,210
frontier08905,1704809286,1704809583,297
frontier08906,1704809604,1704809657,53
frontier08907,1704809198,1704809222,24
frontier08908,1704809232,1704809275,43
frontier08909,1704809285,1704809328,43
frontier08910,1704809296,1704809316,20
frontier08911,1704809367,1704809571,204
frontier08912,1704809285,1704809328,43
frontier08913,1704809586,1704809653,67
frontier08914,1704809602,1704809656,54
frontier08915,1704809325,1704809580,255
frontier08916,1704809345,1704809583,238
frontier08917,1704809325,1704809594,269
frontier08920,1704809296,1704809316,20
frontier08921,1704809232,1704809265,33
frontier08922,1704809327,1704809585,258
frontier08923,1704809602,1704809656,54
frontier08924,1704809367,1704809602,235
frontier08925,1704809604,1704809656,52
frontier08926,1704809593,1704809657,64
frontier08931,1704809604,1704809657,53
frontier08932,1704809346,1704809607,261
frontier08933,1704809232,1704809275,43
frontier08934,1704809203,1704809264,61
frontier08935,1704809203,1704809273,70
frontier08936,1704809345,1704809594,249
frontier08937,1704809346,1704809635,289
frontier08938,1704809266,1704809323,57
frontier08939,1704809325,1704809413,88
frontier08940,1704809581,1704809653,72
frontier08941,1704809580,1704809652,72
frontier08943,1704809232,1704809276,44
frontier08944,1704809602,1704809656,54
frontier08945,1704809204,1704809262,58
frontier08946,1704809325,1704809577,252
frontier08947,1704809367,1704809606,239
frontier08948,1704809249,1704809298,49
frontier08949,1704809325,1704809594,269
frontier08950,1704809604,1704809657,53
frontier08951,1704809232,1704809276,44
frontier08952,1704809604,1704809657,53
frontier08953,1704809576,1704809653,77
frontier08954,1704809602,1704809656,54
frontier08955,1704809367,1704809606,239
frontier08957,1704809344,1704809588,244
frontier08958,1704809603,1704809657,54
frontier08959,1704809316,1704809597,281
frontier08960,1704809315,1704809592,277
frontier08963,1704809315,1704809607,292
frontier08964,1704809326,1704809581,255
frontier08965,1704809593,1704809657,64
frontier08967,1704809296,1704809315,19
frontier08968,1704809323,1704809568,245
frontier08969,1704809175,1704809178,3
frontier08970,1704809602,1704809656,54
frontier08971,1704809580,1704809653,73
frontier08977,1704809344,1704809570,226
frontier08981,1704809285,1704809328,43
frontier08988,1704809581,1704809653,72
frontier09003,1704809345,1704809605,260
frontier09005,1704809576,1704809649,73
frontier09025,1704809367,1704809606,239
frontier09030,1704809325,1704809594,269
frontier09031,1704809580,1704809653,73
frontier09047,1704809593,1704809656,63
frontier09049,1704809602,1704809656,54
frontier09052,1704809602,1704809657,55
frontier09053,1704809604,1704809657,53
frontier09054,1704809280,1704809328,48
frontier09055,1704809345,1704809601,256
frontier09056,1704809592,1704809656,64
frontier09057,1704809602,1704809657,55
frontier09058,1704809325,1704809592,267
frontier09059,1704809369,1704809625,256
frontier09060,1704809306,1704809328,22
frontier09061,1704809215,1704809270,55
frontier09062,1704809345,1704809593,248
frontier09063,1704809325,1704809568,243
frontier09064,1704809296,1704809315,19
frontier09065,1704809655,1704809658,3
frontier09066,1704809325,1704809593,268
frontier09067,1704809601,1704809656,55
frontier09068,1704809602,1704809656,54
frontier09075,1704809306,1704809593,287
frontier09076,1704809367,1704809593,226
frontier09077,1704809367,1704809607,240
frontier09080,1704809604,1704809656,52
frontier09081,1704809345,1704809586,241
frontier09082,1704809604,1704809657,53
frontier09083,1704809602,1704809656,54
frontier09085,1704809602,1704809657,55
frontier10116,1704809221,1704809262,41
frontier10118,1704809198,1704809225,27
frontier10120,1704809203,1704809262,59
frontier10121,1704809654,1704809659,5
frontier10123,1704809586,1704809653,67
frontier10124,1704809589,1704809655,66
frontier10125,1704809602,1704809657,55
frontier10126,1704809580,1704809649,69
frontier10129,1704809593,1704809656,63
frontier10130,1704809203,1704809273,70
frontier10131,1704809586,1704809653,67
frontier10133,1704809602,1704809657,55
frontier10134,1704809367,1704809606,239
frontier10138,1704809593,1704809656,63
frontier10139,1704809367,1704809591,224
frontier10141,1704809314,1704809593,279
frontier10142,1704809345,1704809601,256
frontier10143,1704809604,1704809657,53
frontier10144,1704809346,1704809624,278
frontier10145,1704809367,1704809606,239
frontier10146,1704809284,1704809328,44
frontier10152,1704809580,1704809653,73
frontier10153,1704809604,1704809656,52
frontier10155,1704809345,1704809588,243
frontier10156,1704809587,1704809653,66
frontier10157,1704809367,1704809606,239
frontier10158,1704809249,1704809295,46
frontier10164,1704809586,1704809654,68
frontier10168,1704809589,1704809654,65
frontier10170,1704809285,1704809328,43
frontier10172,1704809343,1704809607,264
frontier10173,1704809604,1704809656,52
frontier10174,1704809654,1704809659,5
frontier10175,1704809222,1704809267,45
frontier10176,1704809222,1704809267,45
frontier10179,1704809315,1704809592,277
frontier10180,1704809367,1704809606,239
frontier10184,1704809656,1704809659,3
frontier10191,1704809367,1704809608,241
frontier10193,1704809222,1704809265,43
frontier10228,1704809225,1704809271,46
frontier10240,1704809367,1704809592,225
frontier10244,1704809204,1704809269,65
frontier10245,1704809367,1704809593,226
frontier10248,1704809221,1704809268,47
frontier10249,1704809586,1704809649,63
frontier10251,1704809367,1704809608,241
frontier10252,1704809325,1704809601,276
frontier10253,1704809602,1704809657,55
frontier10254,1704809586,1704809653,67
frontier10255,1704809233,1704809277,44
frontier10256,1704809586,1704809650,64
frontier10257,1704809345,1704809606,261
frontier10259,1704809580,1704809652,72
frontier10260,1704809296,1704809316,20
frontier10261,1704809602,1704809656,54
frontier10262,1704809285,1704809328,43
frontier10269,1704809367,1704809606,239
frontier10271,1704809604,1704809657,53
frontier10272,1704809605,1704809658,53
frontier10273,1704809345,1704809606,261
frontier10279,1704809367,1704809414,47
frontier10281,1704809326,1704809586,260
frontier10282,1704809586,1704809650,64
frontier10283,1704809198,1704809223,25
frontier10284,1704809344,1704809585,241
frontier10288,1704809222,1704809262,40
frontier10289,1704809346,1704809580,234
frontier10292,1704809587,1704809655,68
frontier10296,1704809602,1704809656,54
frontier10299,1704809602,1704809658,56
frontier10300,1704809344,1704809586,242
frontier10301,1704809654,1704809659,5
frontier10302,1704809232,1704809296,64
frontier10303,1704809367,1704809605,238
frontier10338,1704809221,1704809263,42
frontier10339,1704809325,1704809593,268
frontier10340,1704809602,1704809656,54
frontier10343,1704809604,1704809657,53
frontier10345,1704809602,1704809657,55
frontier10356,1704809232,1704809275,43
frontier10372,1704809345,1704809606,261
frontier10376,1704809286,1704809328,42
frontier10377,1704809233,1704809286,53
frontier10379,1704809285,1704809576,291
frontier10382,1704809346,1704809605,259
frontier10388,1704809367,1704809607,240
frontier10390,1704809654,1704809658,4
frontier10450,1704809367,1704809606,239
frontier10451,1704809580,1704809653,73
frontier10452,1704809232,1704809276,44
frontier10453,1704809249,1704809294,45
frontier10454,1704809282,1704809328,46
frontier10455,1704809586,1704809653,67
frontier10456,1704809589,1704809655,66
frontier10457,1704809602,1704809656,54
frontier10458,1704809367,1704809606,239
frontier10459,1704809369,1704809635,266
frontier10462,1704809604,1704809657,53
frontier10463,1704809312,1704809606,294
frontier10464,1704809592,1704809656,64
frontier10468,1704809576,1704809654,78
frontier10472,1704809314,1704809605,291
frontier10473,1704809576,1704809649,73
frontier10474,1704809602,1704809656,54
frontier10478,1704809200,1704809261,61
frontier10479,1704809576,1704809650,74
frontier10480,1704809602,1704809657,55
frontier10482,1704809367,1704809593,226
frontier10483,1704809589,1704809654,65
frontier10484,1704809285,1704809328,43
frontier10485,1704809249,1704809298,49
frontier10486,1704809264,1704809323,59
frontier10488,1704809232,1704809277,45
frontier10490,1704809602,1704809656,54
frontier10493,1704809367,1704809592,225
frontier10495,1704809367,1704809606,239
frontier10496,1704809602,1704809657,55
