frontier00004,1702236837,1702236845,8
frontier00005,1702236837,1702236845,8
frontier00006,1702236838,1702236846,8
frontier00007,1702236897,1702236925,28
frontier00008,1702236841,1702236847,6
frontier00009,1702236884,1702236892,8
frontier00010,1702236897,1702236927,30
frontier00011,1702236930,1702236987,57
frontier00012,1702236884,1702236892,8
frontier00013,1702236847,1702236861,14
frontier00014,1702236950,1702237010,60
frontier00015,1702236884,1702236892,8
frontier00016,1702236838,1702236846,8
frontier00017,1702237020,1702237025,5
frontier00018,1702236985,1702237023,38
frontier00019,1702236991,1702237023,32
frontier00020,1702236991,1702237024,33
frontier00021,1702236972,1702237021,49
frontier00022,1702236924,1702236966,42
frontier00023,1702236838,1702236846,8
frontier00024,1702236983,1702237022,39
frontier00025,1702236930,1702236987,57
frontier00026,1702236872,1702236891,19
frontier00027,1702237026,1702237028,2
frontier00028,1702236864,1702236885,21
frontier00029,1702236907,1702236930,23
frontier00030,1702236930,1702236989,59
frontier00031,1702236981,1702237022,41
frontier00032,1702236930,1702236987,57
frontier00033,1702236950,1702237010,60
frontier00034,1702236858,1702236864,6
frontier00035,1702236961,1702237022,61
frontier00036,1702236897,1702236926,29
frontier00037,1702236847,1702236864,17
frontier00038,1702236965,1702237020,55
frontier00039,1702236897,1702236927,30
frontier00040,1702236884,1702236892,8
frontier00041,1702236897,1702236923,26
frontier00042,1702237013,1702237025,12
frontier00043,1702236844,1702236852,8
frontier00044,1702236857,1702236865,8
frontier00045,1702236857,1702236864,7
frontier00046,1702236895,1702236911,16
frontier00047,1702236982,1702237021,39
frontier00048,1702236972,1702237020,48
frontier00049,1702236929,1702236973,44
frontier00050,1702236965,1702237020,55
frontier00051,1702236864,1702236866,2
frontier00052,1702237025,1702237028,3
frontier00053,1702236851,1702236863,12
frontier00054,1702236930,1702236987,57
frontier00055,1702236961,1702237020,59
frontier00056,1702236981,1702237022,41
frontier00057,1702236981,1702237022,41
frontier00058,1702236982,1702237021,39
frontier00059,1702236857,1702236864,7
frontier00060,1702236982,1702237021,39
frontier00061,1702236982,1702237021,39
frontier00062,1702237012,1702237025,13
frontier00063,1702236895,1702236922,27
frontier00064,1702236982,1702237022,40
frontier00065,1702236884,1702236892,8
frontier00066,1702236900,1702236920,20
frontier00067,1702237012,1702237025,13
frontier00068,1702236973,1702237021,48
frontier00069,1702236965,1702237021,56
frontier00070,1702236981,1702237021,40
frontier00071,1702236897,1702236923,26
frontier00072,1702237025,1702237027,2
frontier00129,1702236872,1702236891,19
frontier00130,1702236928,1702236983,55
frontier00131,1702236965,1702237020,55
frontier00132,1702236982,1702237022,40
frontier00133,1702236922,1702236966,44
frontier00134,1702236931,1702236988,57
frontier00135,1702236973,1702237021,48
frontier00136,1702236895,1702236910,15
frontier00137,1702236991,1702237023,32
frontier00138,1702236951,1702237010,59
frontier00139,1702236895,1702236921,26
frontier00140,1702236982,1702237022,40
frontier00141,1702236884,1702236892,8
frontier00142,1702236897,1702236924,27
frontier00143,1702236973,1702237021,48
frontier00144,1702237025,1702237027,2
frontier00145,1702236973,1702237021,48
frontier00146,1702236922,1702236960,38
frontier00149,1702236984,1702237023,39
frontier00150,1702237013,1702237025,12
frontier00151,1702236982,1702237021,39
frontier00152,1702236973,1702237021,48
frontier00153,1702237026,1702237028,2
frontier00154,1702236982,1702237022,40
frontier00155,1702236982,1702237022,40
frontier00156,1702236960,1702237010,50
frontier00157,1702236972,1702237020,48
frontier00158,1702236965,1702237021,56
frontier00159,1702237025,1702237027,2
frontier00160,1702236965,1702237020,55
frontier00161,1702236884,1702236892,8
frontier00162,1702236982,1702237022,40
frontier00163,1702236976,1702237021,45
frontier00164,1702237013,1702237025,12
frontier00165,1702236973,1702237021,48
frontier00166,1702236965,1702237021,56
frontier00167,1702236897,1702236926,29
frontier00168,1702236836,1702236843,7
frontier00169,1702236836,1702236839,3
frontier00170,1702236838,1702236846,8
frontier00171,1702236960,1702237021,61
frontier00172,1702236844,1702236852,8
frontier00173,1702236858,1702236861,3
frontier00174,1702236836,1702236841,5
frontier00175,1702236836,1702236843,7
frontier00176,1702236930,1702236987,57
frontier00177,1702236895,1702236923,28
frontier00178,1702236900,1702236920,20
frontier00179,1702236884,1702236892,8
frontier00180,1702236897,1702236926,29
frontier00181,1702236981,1702237021,40
frontier00182,1702236884,1702236892,8
frontier00183,1702236872,1702236888,16
frontier00184,1702236947,1702237021,74
frontier00185,1702237013,1702237025,12
frontier00186,1702236884,1702236892,8
frontier00187,1702236895,1702236911,16
frontier00188,1702236973,1702237021,48
frontier00189,1702236982,1702237022,40
frontier00190,1702236900,1702236926,26
frontier00191,1702236981,1702237021,40
frontier00192,1702236897,1702236926,29
frontier00193,1702236966,1702237021,55
frontier00194,1702236941,1702237010,69
frontier00195,1702236872,1702236890,18
frontier00196,1702236928,1702236983,55
frontier00197,1702236872,1702236891,19
frontier00198,1702237026,1702237028,2
frontier00199,1702236924,1702236983,59
frontier00257,1702236973,1702237021,48
frontier00258,1702236965,1702237021,56
frontier00259,1702236951,1702237010,59
frontier00260,1702236982,1702237021,39
frontier00261,1702236897,1702236925,28
frontier00262,1702236847,1702236864,17
frontier00263,1702236851,1702236863,12
frontier00264,1702236930,1702236987,57
frontier00265,1702236847,1702236860,13
frontier00266,1702236982,1702237022,40
frontier00267,1702236981,1702237022,41
frontier00268,1702236897,1702236920,23
frontier00269,1702236982,1702237022,40
frontier00270,1702236918,1702236961,43
frontier00271,1702236951,1702237010,59
frontier00272,1702236951,1702237010,59
frontier00273,1702236979,1702237022,43
frontier00274,1702236973,1702237020,47
frontier00275,1702236921,1702236966,45
frontier00276,1702236960,1702237021,61
frontier00277,1702236884,1702236892,8
frontier00278,1702236961,1702237010,49
frontier00279,1702236982,1702237022,40
frontier00281,1702236982,1702237022,40
frontier00282,1702236884,1702236893,9
frontier00283,1702236965,1702237020,55
frontier00284,1702236861,1702236865,4
frontier00285,1702236897,1702236919,22
frontier00286,1702236931,1702236988,57
frontier00287,1702237026,1702237028,2
frontier00288,1702236897,1702236926,29
frontier00289,1702236981,1702237022,41
frontier00290,1702236884,1702236892,8
frontier00291,1702236884,1702236892,8
frontier00292,1702236928,1702236987,59
frontier00293,1702236931,1702236989,58
frontier00294,1702236929,1702236973,44
frontier00295,1702236981,1702237021,40
frontier00296,1702236965,1702237021,56
frontier00298,1702236951,1702237010,59
frontier00299,1702237013,1702237026,13
frontier00300,1702236884,1702236892,8
frontier00301,1702236897,1702236926,29
frontier00302,1702236884,1702236895,11
frontier00303,1702236931,1702236988,57
frontier00305,1702236923,1702236965,42
frontier00306,1702236973,1702237020,47
frontier00307,1702236895,1702236911,16
frontier00308,1702236972,1702237020,48
frontier00309,1702236924,1702236965,41
frontier00310,1702236985,1702237023,38
frontier00311,1702236884,1702236892,8
frontier00312,1702236914,1702236966,52
frontier00313,1702236884,1702236893,9
frontier00314,1702236960,1702237010,50
frontier00315,1702236895,1702236912,17
frontier00316,1702236930,1702236985,55
frontier00317,1702236930,1702236986,56
frontier00318,1702236965,1702237021,56
frontier00319,1702237013,1702237026,13
frontier00320,1702236927,1702236987,60
frontier00321,1702236972,1702237021,49
frontier00322,1702236960,1702237021,61
frontier00323,1702236965,1702237021,56
frontier00324,1702236951,1702237010,59
frontier00325,1702236929,1702236986,57
frontier00326,1702236897,1702236928,31
frontier00327,1702236951,1702237010,59
frontier00328,1702236939,1702236998,59
frontier00385,1702236883,1702236892,9
frontier00386,1702236976,1702237021,45
frontier00387,1702236981,1702237022,41
frontier00388,1702236851,1702236860,9
frontier00389,1702236927,1702236982,55
frontier00390,1702236890,1702236919,29
frontier00391,1702236838,1702236846,8
frontier00392,1702236930,1702236986,56
frontier00393,1702236973,1702237020,47
frontier00394,1702236950,1702237010,60
frontier00396,1702236840,1702236847,7
frontier00397,1702236837,1702236844,7
frontier00398,1702236854,1702236864,10
frontier00399,1702236931,1702236987,56
frontier00400,1702236834,1702236837,3
frontier00401,1702236884,1702236892,8
frontier00402,1702236895,1702236921,26
frontier00403,1702236982,1702237022,40
frontier00404,1702236976,1702237022,46
frontier00405,1702236906,1702236929,23
frontier00406,1702236997,1702237024,27
frontier00407,1702236907,1702236932,25
frontier00408,1702236841,1702236847,6
frontier00409,1702236982,1702237021,39
frontier00410,1702236932,1702236989,57
frontier00411,1702236965,1702237021,56
frontier00412,1702236931,1702236987,56
frontier00413,1702237004,1702237025,21
frontier00414,1702237013,1702237025,12
frontier00415,1702236972,1702237020,48
frontier00416,1702236897,1702236924,27
frontier00417,1702236982,1702237022,40
frontier00418,1702236951,1702237010,59
frontier00419,1702236932,1702236988,56
frontier00420,1702236982,1702237021,39
frontier00421,1702236884,1702236892,8
frontier00422,1702236984,1702237024,40
frontier00423,1702236897,1702236918,21
frontier00424,1702236895,1702236911,16
frontier00425,1702236982,1702237022,40
frontier00426,1702236857,1702236864,7
frontier00427,1702236965,1702237020,55
frontier00428,1702236973,1702237021,48
frontier00429,1702236897,1702236922,25
frontier00430,1702236901,1702236921,20
frontier00431,1702236895,1702236921,26
frontier00432,1702236965,1702237021,56
frontier00433,1702236951,1702237010,59
frontier00434,1702236981,1702237022,41
frontier00435,1702236960,1702237021,61
frontier00436,1702236982,1702237022,40
frontier00437,1702236982,1702237021,39
frontier00438,1702236960,1702237014,54
frontier00439,1702236930,1702236986,56
frontier00440,1702236951,1702237010,59
frontier00441,1702236847,1702236864,17
frontier00442,1702236965,1702237021,56
frontier00443,1702236930,1702236987,57
frontier00444,1702236965,1702237021,56
frontier00445,1702237013,1702237026,13
frontier00446,1702236981,1702237021,40
frontier00447,1702236928,1702236983,55
frontier00448,1702236965,1702237021,56
frontier00449,1702236982,1702237022,40
frontier00450,1702236884,1702236895,11
frontier00451,1702236928,1702236973,45
frontier00452,1702236972,1702237021,49
frontier00453,1702236897,1702236924,27
frontier00454,1702236884,1702236892,8
frontier00521,1702236930,1702236987,57
frontier00524,1702237026,1702237028,2
frontier00527,1702236997,1702237024,27
frontier00528,1702236998,1702237024,26
frontier00529,1702236983,1702237022,39
frontier00530,1702236931,1702236987,56
frontier00531,1702236897,1702236925,28
frontier00533,1702236895,1702236911,16
frontier00534,1702236982,1702237022,40
frontier00535,1702236983,1702237023,40
frontier00536,1702236924,1702236972,48
frontier00537,1702236858,1702236864,6
frontier00538,1702236884,1702236892,8
frontier00539,1702236983,1702237022,39
frontier00540,1702236930,1702236986,56
frontier00541,1702237013,1702237025,12
frontier00542,1702236982,1702237022,40
frontier00543,1702236884,1702236892,8
frontier00544,1702236965,1702237021,56
frontier00545,1702236943,1702237020,77
frontier00546,1702236972,1702237021,49
frontier00547,1702237026,1702237028,2
frontier00548,1702236872,1702236891,19
frontier00549,1702236973,1702237021,48
frontier00550,1702236982,1702237021,39
frontier00551,1702236973,1702237020,47
frontier00552,1702236884,1702236895,11
frontier00553,1702236884,1702236892,8
frontier00554,1702236989,1702237024,35
frontier00555,1702236930,1702236987,57
frontier00556,1702236930,1702236987,57
frontier00557,1702236911,1702236947,36
frontier00558,1702236946,1702237020,74
frontier00566,1702236918,1702236965,47
frontier00568,1702237013,1702237026,13
frontier00574,1702236932,1702236988,56
frontier00581,1702236884,1702236893,9
frontier00582,1702236991,1702237024,33
frontier00583,1702236897,1702236926,29
frontier00584,1702236988,1702237023,35
frontier00585,1702236837,1702236845,8
frontier00586,1702236836,1702236844,8
frontier00587,1702236834,1702236838,4
frontier00588,1702236857,1702236864,7
frontier00589,1702236834,1702236838,4
frontier00590,1702236837,1702236845,8
frontier00591,1702236837,1702236844,7
frontier00592,1702236901,1702236923,22
frontier00594,1702236843,1702236851,8
frontier00595,1702237026,1702237028,2
frontier00596,1702236839,1702236847,8
frontier00597,1702236982,1702237021,39
frontier00598,1702236884,1702236892,8
frontier00599,1702236858,1702236864,6
frontier00600,1702236982,1702237022,40
frontier00601,1702236981,1702237022,41
frontier00602,1702236960,1702237021,61
frontier00603,1702236972,1702237021,49
frontier00604,1702236839,1702236851,12
frontier00605,1702236929,1702236982,53
frontier00606,1702236928,1702236984,56
frontier00607,1702237025,1702237027,2
frontier00608,1702236931,1702236989,58
frontier00609,1702236929,1702236983,54
frontier00610,1702236931,1702236988,57
frontier00611,1702236897,1702236925,28
frontier00612,1702237026,1702237028,2
frontier00613,1702236965,1702237021,56
frontier00614,1702236973,1702237021,48
frontier00641,1702236989,1702237024,35
frontier00653,1702236961,1702237022,61
frontier00654,1702236981,1702237022,41
frontier00655,1702236951,1702237010,59
frontier00656,1702236982,1702237022,40
frontier00657,1702236930,1702236985,55
frontier00658,1702236872,1702236890,18
frontier00659,1702236982,1702237022,40
frontier00660,1702236884,1702236893,9
frontier00661,1702236972,1702237021,49
frontier00662,1702236965,1702237021,56
frontier00663,1702236926,1702236966,40
frontier00664,1702236884,1702236892,8
frontier00665,1702236997,1702237024,27
frontier00666,1702236982,1702237022,40
frontier00667,1702236895,1702236911,16
frontier00668,1702236931,1702236988,57
frontier00669,1702236858,1702236864,6
frontier00670,1702236960,1702237020,60
frontier00671,1702236951,1702237010,59
frontier00672,1702236973,1702237021,48
frontier00673,1702237026,1702237028,2
frontier00674,1702236983,1702237022,39
frontier00675,1702236965,1702237021,56
frontier00676,1702236965,1702237020,55
frontier00677,1702236939,1702236993,54
frontier00690,1702236895,1702236921,26
frontier00698,1702237013,1702237025,12
frontier00699,1702236931,1702236988,57
frontier00700,1702236961,1702237010,49
frontier00701,1702236857,1702236864,7
frontier00702,1702236897,1702236926,29
frontier00703,1702236931,1702236987,56
frontier00704,1702236951,1702237010,59
frontier00705,1702236951,1702237020,69
frontier00706,1702236858,1702236864,6
frontier00707,1702236900,1702236919,19
frontier00708,1702236985,1702237023,38
frontier00709,1702236929,1702236982,53
frontier00710,1702236895,1702236911,16
frontier00711,1702236950,1702237010,60
frontier00712,1702236973,1702237021,48
frontier00713,1702236984,1702237022,38
frontier00720,1702236884,1702236892,8
frontier00721,1702237026,1702237028,2
frontier00722,1702236960,1702237020,60
frontier00723,1702236951,1702237010,59
frontier00724,1702236997,1702237024,27
frontier00726,1702236911,1702236947,36
frontier00727,1702236997,1702237024,27
frontier00728,1702236931,1702236987,56
frontier00729,1702236951,1702237010,59
frontier00730,1702236922,1702236961,39
frontier00731,1702236965,1702237020,55
frontier00732,1702236982,1702237022,40
frontier00733,1702236973,1702237021,48
frontier00734,1702236951,1702237010,59
frontier00735,1702236965,1702237021,56
frontier00736,1702237012,1702237025,13
frontier00737,1702236895,1702236921,26
frontier00740,1702236982,1702237021,39
frontier00741,1702237013,1702237025,12
frontier00742,1702236984,1702237023,39
frontier00743,1702236951,1702237010,59
frontier00744,1702236884,1702236892,8
frontier00745,1702236960,1702237010,50
frontier00746,1702236965,1702237022,57
frontier00747,1702236932,1702236991,59
frontier00748,1702236950,1702237010,60
frontier00780,1702236973,1702237021,48
frontier00781,1702236895,1702236911,16
frontier00782,1702237025,1702237027,2
frontier00783,1702236872,1702236891,19
frontier00784,1702236960,1702237020,60
frontier00785,1702236960,1702237021,61
frontier00786,1702236895,1702236920,25
frontier00787,1702236836,1702236841,5
frontier00788,1702236841,1702236847,6
frontier00789,1702236839,1702236846,7
frontier00790,1702236907,1702236930,23
frontier00791,1702236844,1702236857,13
frontier00792,1702236857,1702236864,7
frontier00793,1702237004,1702237025,21
frontier00794,1702236844,1702236852,8
frontier00795,1702236891,1702236894,3
frontier00796,1702236839,1702236847,8
frontier00797,1702236870,1702236887,17
frontier00798,1702236864,1702236867,3
frontier00799,1702236930,1702236988,58
frontier00800,1702236928,1702236986,58
frontier00801,1702236960,1702237020,60
frontier00802,1702236872,1702236888,16
frontier00803,1702236982,1702237022,40
frontier00804,1702236982,1702237022,40
frontier00805,1702236884,1702236893,9
frontier00807,1702236951,1702237010,59
frontier00819,1702236941,1702236993,52
frontier00822,1702236895,1702236919,24
frontier00828,1702236872,1702236890,18
frontier00829,1702236884,1702236893,9
frontier00830,1702236897,1702236924,27
frontier00831,1702236884,1702236892,8
frontier00832,1702236932,1702236988,56
frontier00833,1702236930,1702236986,56
frontier00834,1702236931,1702236987,56
frontier00835,1702236973,1702237020,47
frontier00836,1702236982,1702237022,40
frontier00837,1702236884,1702236893,9
frontier00838,1702236857,1702236864,7
frontier00839,1702236857,1702236864,7
frontier00840,1702236897,1702236926,29
frontier00841,1702236836,1702236840,4
frontier00843,1702236846,1702236863,17
frontier00844,1702236983,1702237022,39
frontier00845,1702236919,1702236966,47
frontier00846,1702236857,1702236864,7
frontier00847,1702236907,1702236930,23
frontier00848,1702236857,1702236863,6
frontier00849,1702236910,1702236942,32
frontier00850,1702236884,1702236895,11
frontier00851,1702236884,1702236897,13
frontier00852,1702236901,1702236928,27
frontier00853,1702236991,1702237024,33
frontier00854,1702236930,1702236987,57
frontier00855,1702236973,1702237021,48
frontier00856,1702237004,1702237025,21
frontier00857,1702236930,1702236987,57
frontier00858,1702236872,1702236887,15
frontier00859,1702236897,1702236923,26
frontier00861,1702236982,1702237021,39
frontier00862,1702236932,1702236987,55
frontier00863,1702237004,1702237024,20
frontier00866,1702236965,1702237020,55
frontier00867,1702236928,1702236983,55
frontier00868,1702236960,1702237021,61
frontier00869,1702236960,1702237021,61
frontier00871,1702236965,1702237021,56
frontier00872,1702236930,1702236984,54
frontier00904,1702236895,1702236914,19
frontier00910,1702236857,1702236863,6
frontier00911,1702236973,1702237022,49
frontier00912,1702236931,1702236988,57
frontier00913,1702236897,1702236924,27
frontier00914,1702236973,1702237021,48
frontier00915,1702236839,1702236847,8
frontier00916,1702237004,1702237025,21
frontier00917,1702236931,1702236988,57
frontier00918,1702236966,1702237021,55
frontier00919,1702237013,1702237025,12
frontier00920,1702237012,1702237025,13
frontier00921,1702236864,1702236878,14
frontier00922,1702236884,1702236892,8
frontier00923,1702236897,1702236925,28
frontier00924,1702236966,1702237021,55
frontier00925,1702236884,1702236892,8
frontier00926,1702236895,1702236924,29
frontier00927,1702236919,1702236966,47
frontier00928,1702236931,1702236987,56
frontier00929,1702236951,1702237010,59
frontier00930,1702236951,1702237010,59
frontier00931,1702236965,1702237022,57
frontier00932,1702236855,1702236861,6
frontier00933,1702236973,1702237021,48
frontier00934,1702236960,1702237020,60
frontier00935,1702236929,1702236983,54
frontier00936,1702236976,1702237021,45
frontier00945,1702236928,1702236982,54
frontier00946,1702236895,1702236919,24
frontier00954,1702236973,1702237020,47
frontier00959,1702236981,1702237022,41
frontier00960,1702236982,1702237021,39
frontier00961,1702236965,1702237021,56
frontier00962,1702236951,1702237010,59
frontier00965,1702236960,1702237013,53
frontier00966,1702236884,1702236892,8
frontier00967,1702236924,1702236972,48
frontier00968,1702236965,1702237021,56
frontier00970,1702236884,1702236893,9
frontier00971,1702237003,1702237025,22
frontier00973,1702236997,1702237024,27
frontier00974,1702236960,1702237010,50
frontier00977,1702236838,1702236846,8
frontier00978,1702236836,1702236844,8
frontier00979,1702236835,1702236839,4
frontier00980,1702236831,1702236836,5
frontier00981,1702236837,1702236844,7
frontier00982,1702236884,1702236892,8
frontier00983,1702236839,1702236847,8
frontier00984,1702236857,1702236864,7
frontier00985,1702236844,1702236852,8
frontier00986,1702236924,1702236972,48
frontier00987,1702236909,1702236932,23
frontier00988,1702236965,1702237020,55
frontier00989,1702236872,1702236887,15
frontier00990,1702236983,1702237023,40
frontier00991,1702237020,1702237026,6
frontier00992,1702236965,1702237021,56
frontier00993,1702236895,1702236923,28
frontier00994,1702236998,1702237025,27
frontier00995,1702236838,1702236845,7
frontier00996,1702236981,1702237022,41
frontier00997,1702236950,1702237010,60
frontier00998,1702236982,1702237022,40
frontier00999,1702236901,1702236927,26
frontier01000,1702237013,1702237025,12
frontier01001,1702236930,1702236987,57
frontier01002,1702236931,1702236987,56
frontier01027,1702237025,1702237028,3
frontier01034,1702236989,1702237023,34
frontier01035,1702236947,1702237021,74
frontier01037,1702236951,1702237010,59
frontier01040,1702236930,1702236987,57
frontier01041,1702236972,1702237021,49
frontier01042,1702236992,1702237023,31
frontier01043,1702236929,1702236982,53
frontier01044,1702236858,1702236864,6
frontier01045,1702236910,1702236947,37
frontier01046,1702236895,1702236911,16
frontier01047,1702236847,1702236860,13
frontier01048,1702236983,1702237023,40
frontier01049,1702236997,1702237025,28
frontier01050,1702236983,1702237022,39
frontier01051,1702236930,1702236984,54
frontier01052,1702236857,1702236864,7
frontier01053,1702236900,1702236927,27
frontier01054,1702236982,1702237021,39
frontier01055,1702236872,1702236891,19
frontier01056,1702236966,1702237020,54
frontier01057,1702236922,1702236965,43
frontier01058,1702236895,1702236911,16
frontier01059,1702236972,1702237020,48
frontier01060,1702236884,1702236892,8
frontier01061,1702236929,1702236973,44
frontier01062,1702237025,1702237028,3
frontier01063,1702236929,1702236981,52
frontier01064,1702236951,1702237010,59
frontier01065,1702237013,1702237025,12
frontier01066,1702236836,1702236839,3
frontier01067,1702236929,1702236982,53
frontier01068,1702236973,1702237021,48
frontier01069,1702236857,1702236864,7
frontier01070,1702236982,1702237022,40
frontier01084,1702236982,1702237021,39
frontier01088,1702236930,1702236987,57
frontier01089,1702236976,1702237021,45
frontier01090,1702236931,1702236987,56
frontier01094,1702236913,1702236951,38
frontier01101,1702236882,1702236892,10
frontier01102,1702236951,1702237010,59
frontier01103,1702236998,1702237025,27
frontier01104,1702236884,1702236892,8
frontier01105,1702236973,1702237021,48
frontier01106,1702236960,1702237021,61
frontier01107,1702236982,1702237022,40
frontier01108,1702236910,1702236943,33
frontier01109,1702236951,1702237010,59
frontier01110,1702237025,1702237027,2
frontier01111,1702236897,1702236926,29
frontier01112,1702236910,1702236950,40
frontier01113,1702236928,1702236985,57
frontier01114,1702236984,1702237024,40
frontier01115,1702236897,1702236926,29
frontier01116,1702236891,1702236894,3
frontier01117,1702236929,1702236973,44
frontier01118,1702236857,1702236864,7
frontier01119,1702236982,1702237021,39
frontier01120,1702236851,1702236859,8
frontier01121,1702236973,1702237020,47
frontier01122,1702236930,1702236987,57
frontier01123,1702236914,1702236971,57
frontier01124,1702236965,1702237020,55
frontier01125,1702236966,1702237021,55
frontier01126,1702236960,1702237021,61
frontier01127,1702237026,1702237028,2
frontier01128,1702236951,1702237010,59
frontier01129,1702236923,1702236972,49
frontier01156,1702236931,1702236985,54
frontier01159,1702236997,1702237024,27
frontier01161,1702236973,1702237021,48
frontier01165,1702236982,1702237021,39
frontier01168,1702236982,1702237022,40
frontier01169,1702236901,1702236919,18
frontier01170,1702236965,1702237021,56
frontier01171,1702236982,1702237022,40
frontier01172,1702236930,1702236987,57
frontier01173,1702237027,1702237028,1
frontier01174,1702236841,1702236852,11
frontier01175,1702236835,1702236839,4
frontier01176,1702236845,1702236861,16
frontier01177,1702236960,1702237010,50
frontier01178,1702236897,1702236924,27
frontier01179,1702236930,1702236987,57
frontier01180,1702236911,1702236943,32
frontier01181,1702236857,1702236864,7
frontier01182,1702236838,1702236845,7
frontier01183,1702236982,1702237022,40
frontier01184,1702236930,1702236985,55
frontier01185,1702236950,1702237010,60
frontier01186,1702237026,1702237028,2
frontier01187,1702236928,1702236983,55
frontier01188,1702237025,1702237028,3
frontier01189,1702236928,1702236983,55
frontier01190,1702236861,1702236880,19
frontier01191,1702236982,1702237022,40
frontier01192,1702236923,1702236966,43
frontier01193,1702236884,1702236892,8
frontier01194,1702236982,1702237022,40
frontier01195,1702236973,1702237021,48
frontier01196,1702236976,1702237021,45
frontier01197,1702236982,1702237021,39
frontier01204,1702236947,1702237021,74
frontier01224,1702236930,1702236987,57
frontier01225,1702236998,1702237024,26
frontier01226,1702236984,1702237022,38
frontier01227,1702236985,1702237023,38
frontier01228,1702236924,1702236972,48
frontier01229,1702236897,1702236925,28
frontier01230,1702236929,1702236976,47
frontier01231,1702237014,1702237025,11
frontier01232,1702236951,1702237010,59
frontier01233,1702236857,1702236864,7
frontier01234,1702236960,1702237010,50
frontier01235,1702236989,1702237023,34
frontier01236,1702236965,1702237021,56
frontier01237,1702236889,1702236924,35
frontier01238,1702236873,1702236891,18
frontier01239,1702236884,1702236892,8
frontier01240,1702236857,1702236864,7
frontier01241,1702236901,1702236924,23
frontier01242,1702236897,1702236918,21
frontier01244,1702236851,1702236864,13
frontier01245,1702236897,1702236927,30
frontier01246,1702236931,1702236988,57
frontier01247,1702236922,1702236965,43
frontier01248,1702236982,1702237022,40
frontier01249,1702237003,1702237025,22
frontier01250,1702236981,1702237022,41
frontier01251,1702236909,1702236932,23
frontier01252,1702236884,1702236892,8
frontier01253,1702236984,1702237022,38
frontier01254,1702236884,1702236893,9
frontier01255,1702236943,1702237020,77
frontier01256,1702236902,1702236928,26
frontier01257,1702236901,1702236927,26
frontier01258,1702236950,1702237010,60
frontier01281,1702236884,1702236893,9
frontier01292,1702236863,1702236886,23
frontier01294,1702236884,1702236893,9
frontier01295,1702236884,1702236893,9
frontier01296,1702236950,1702237010,60
frontier01297,1702236884,1702236892,8
frontier01298,1702236924,1702236983,59
frontier01299,1702237025,1702237027,2
frontier01300,1702237003,1702237024,21
frontier01301,1702236965,1702237021,56
frontier01302,1702236982,1702237022,40
frontier01303,1702236983,1702237023,40
frontier01304,1702236857,1702236864,7
frontier01305,1702236982,1702237022,40
frontier01306,1702236895,1702236911,16
frontier01309,1702236884,1702236893,9
frontier01310,1702236895,1702236923,28
frontier01311,1702236930,1702236986,56
frontier01312,1702236930,1702236987,57
frontier01313,1702236891,1702236894,3
frontier01314,1702236966,1702237020,54
frontier01315,1702236860,1702236864,4
frontier01316,1702236973,1702237021,48
frontier01317,1702236851,1702236863,12
frontier01318,1702236965,1702237021,56
frontier01319,1702236884,1702236893,9
frontier01320,1702236930,1702236984,54
frontier01321,1702236930,1702236987,57
frontier01322,1702236870,1702236887,17
frontier01323,1702236895,1702236920,25
frontier01328,1702236927,1702236982,55
frontier01329,1702236951,1702237010,59
frontier01332,1702236884,1702236892,8
frontier01336,1702236897,1702236925,28
frontier01342,1702236965,1702237020,55
frontier01354,1702236897,1702236924,27
frontier01355,1702236991,1702237024,33
frontier01356,1702236972,1702237020,48
frontier01357,1702236972,1702237020,48
frontier01358,1702236973,1702237021,48
frontier01359,1702236897,1702236926,29
frontier01360,1702236997,1702237025,28
frontier01361,1702236895,1702236921,26
frontier01362,1702236926,1702236986,60
frontier01363,1702236847,1702236861,14
frontier01364,1702236906,1702236929,23
frontier01365,1702236836,1702236840,4
frontier01366,1702236834,1702236837,3
frontier01367,1702236837,1702236846,9
frontier01368,1702236897,1702236924,27
frontier01369,1702236861,1702236886,25
frontier01370,1702236951,1702237010,59
frontier01371,1702236924,1702236965,41
frontier01372,1702236857,1702236864,7
frontier01373,1702236930,1702236987,57
frontier01374,1702236836,1702236841,5
frontier01375,1702236930,1702236986,56
frontier01376,1702236965,1702237020,55
frontier01377,1702236973,1702237021,48
frontier01378,1702236922,1702236970,48
frontier01379,1702236929,1702236982,53
frontier01380,1702236951,1702237010,59
frontier01381,1702236895,1702236923,28
frontier01382,1702236960,1702237010,50
frontier01383,1702236839,1702236846,7
frontier01384,1702236973,1702237021,48
frontier01385,1702236972,1702237021,49
frontier01386,1702236930,1702236987,57
frontier01387,1702236930,1702236983,53
frontier01412,1702236976,1702237021,45
frontier01414,1702237004,1702237024,20
frontier01415,1702236900,1702236912,12
frontier01422,1702236985,1702237023,38
frontier01423,1702236882,1702236892,10
frontier01424,1702236884,1702236892,8
frontier01425,1702236930,1702236992,62
frontier01426,1702236884,1702236892,8
frontier01427,1702236891,1702236894,3
frontier01428,1702236911,1702236947,36
frontier01429,1702236965,1702237021,56
frontier01430,1702236839,1702236846,7
frontier01431,1702236837,1702236845,8
frontier01432,1702236988,1702237023,35
frontier01433,1702236857,1702236864,7
frontier01434,1702236847,1702236860,13
frontier01435,1702236929,1702236982,53
frontier01436,1702236914,1702236966,52
frontier01437,1702236982,1702237022,40
frontier01438,1702236961,1702237022,61
frontier01439,1702236983,1702237022,39
frontier01440,1702237020,1702237025,5
frontier01441,1702236931,1702236988,57
frontier01442,1702236930,1702236988,58
frontier01443,1702236884,1702236897,13
frontier01444,1702236930,1702236986,56
frontier01445,1702236895,1702236910,15
frontier01446,1702236930,1702236986,56
frontier01447,1702236930,1702236986,56
frontier01448,1702236930,1702236987,57
frontier01449,1702236872,1702236891,19
frontier01450,1702236929,1702236991,62
frontier01451,1702236930,1702236987,57
frontier01452,1702237025,1702237028,3
frontier01453,1702236897,1702236923,26
frontier01471,1702236930,1702236988,58
frontier01472,1702236965,1702237020,55
frontier01478,1702236929,1702236973,44
frontier01483,1702237021,1702237026,5
frontier01484,1702236907,1702236930,23
frontier01485,1702237021,1702237026,5
frontier01486,1702237025,1702237028,3
frontier01487,1702236960,1702237021,61
frontier01488,1702236998,1702237024,26
frontier01489,1702236928,1702236984,56
frontier01490,1702236929,1702236982,53
frontier01491,1702236872,1702236891,19
frontier01492,1702236877,1702236892,15
frontier01493,1702236931,1702236989,58
frontier01494,1702236930,1702236987,57
frontier01495,1702236895,1702236922,27
frontier01496,1702236951,1702237010,59
frontier01497,1702236870,1702236891,21
frontier01498,1702236914,1702236966,52
frontier01499,1702236973,1702237020,47
frontier01500,1702236897,1702236927,30
frontier01501,1702236847,1702236860,13
frontier01502,1702236882,1702236892,10
frontier01503,1702236951,1702237010,59
frontier01504,1702236930,1702236987,57
frontier01505,1702236927,1702236985,58
frontier01506,1702237013,1702237026,13
frontier01507,1702236897,1702236920,23
frontier01508,1702236965,1702237021,56
frontier01509,1702236951,1702237010,59
frontier01510,1702236930,1702236986,56
frontier01511,1702236966,1702237021,55
frontier01512,1702237013,1702237025,12
frontier01513,1702236960,1702237020,60
frontier01542,1702236973,1702237021,48
frontier01548,1702236982,1702237022,40
frontier01549,1702236951,1702237010,59
frontier01550,1702236973,1702237021,48
frontier01551,1702236857,1702236864,7
frontier01552,1702236930,1702236987,57
frontier01553,1702236872,1702236891,19
frontier01554,1702236930,1702236987,57
frontier01555,1702236951,1702237010,59
frontier01556,1702236884,1702236895,11
frontier01557,1702236847,1702236864,17
frontier01558,1702236884,1702236895,11
frontier01559,1702236897,1702236926,29
frontier01560,1702236832,1702236836,4
frontier01561,1702236836,1702236841,5
frontier01562,1702236982,1702237022,40
frontier01563,1702236858,1702236864,6
frontier01564,1702236837,1702236845,8
frontier01565,1702236843,1702236857,14
frontier01566,1702236930,1702236986,56
frontier01567,1702236832,1702236836,4
frontier01568,1702236839,1702236846,7
frontier01569,1702236837,1702236845,8
frontier01570,1702236884,1702236892,8
frontier01571,1702236834,1702236837,3
frontier01572,1702236930,1702236987,57
frontier01573,1702236982,1702237022,40
frontier01574,1702236982,1702237022,40
frontier01575,1702236884,1702236893,9
frontier01578,1702236931,1702236989,58
frontier01582,1702236895,1702236911,16
frontier01592,1702236839,1702236846,7
frontier01593,1702236950,1702237010,60
frontier01596,1702236900,1702236924,24
frontier01603,1702236929,1702236982,53
frontier01604,1702237013,1702237025,12
frontier01605,1702236981,1702237021,40
frontier01613,1702236998,1702237024,26
frontier01616,1702236960,1702237021,61
frontier01617,1702236984,1702237022,38
frontier01618,1702237013,1702237026,13
frontier01619,1702237013,1702237026,13
frontier01620,1702236984,1702237023,39
frontier01621,1702236965,1702237022,57
frontier01622,1702237013,1702237025,12
frontier01623,1702236890,1702236911,21
frontier01624,1702236991,1702237023,32
frontier01625,1702236841,1702236847,6
frontier01626,1702236897,1702236924,27
frontier01627,1702236857,1702236863,6
frontier01628,1702236984,1702237023,39
frontier01629,1702236897,1702236925,28
frontier01630,1702236983,1702237022,39
frontier01631,1702236997,1702237024,27
frontier01632,1702236907,1702236931,24
frontier01633,1702236895,1702236913,18
frontier01634,1702237025,1702237028,3
frontier01635,1702236863,1702236870,7
frontier01636,1702236982,1702237021,39
frontier01637,1702236932,1702236988,56
frontier01638,1702236982,1702237022,40
frontier01639,1702236965,1702237021,56
frontier01640,1702236897,1702236926,29
frontier01641,1702236997,1702237024,27
frontier01642,1702236982,1702237021,39
frontier01643,1702236950,1702237010,60
frontier01644,1702236857,1702236863,6
frontier01645,1702236924,1702236967,43
frontier01646,1702236982,1702237021,39
frontier01675,1702236903,1702236930,27
frontier01676,1702236983,1702237022,39
frontier01677,1702236991,1702237024,33
frontier01678,1702236991,1702237023,32
frontier01679,1702237003,1702237024,21
frontier01680,1702236984,1702237023,39
frontier01681,1702236998,1702237024,26
frontier01682,1702236996,1702237024,28
frontier01683,1702236997,1702237024,27
frontier01684,1702237003,1702237025,22
frontier01685,1702237013,1702237026,13
frontier01686,1702237020,1702237026,6
frontier01687,1702236997,1702237025,28
frontier01688,1702237003,1702237024,21
frontier01689,1702236924,1702236967,43
frontier01690,1702237024,1702237027,3
frontier01691,1702236857,1702236863,6
frontier01692,1702237013,1702237026,13
frontier01693,1702236960,1702237014,54
frontier01694,1702236966,1702237021,55
frontier01695,1702236965,1702237021,56
frontier01696,1702236857,1702236864,7
frontier01697,1702236960,1702237021,61
frontier01698,1702236981,1702237022,41
frontier01699,1702236901,1702236923,22
frontier01700,1702236960,1702237020,60
frontier01701,1702236929,1702236983,54
frontier01702,1702236982,1702237021,39
frontier01703,1702236982,1702237021,39
frontier01704,1702236931,1702236992,61
frontier01709,1702236914,1702236966,52
frontier01713,1702236930,1702236986,56
frontier01718,1702236931,1702236988,57
frontier01722,1702236884,1702236897,13
frontier01729,1702236973,1702237021,48
frontier01730,1702236965,1702237021,56
frontier01731,1702236960,1702237021,61
frontier01740,1702236997,1702237025,28
frontier01742,1702236929,1702236982,53
frontier01743,1702236991,1702237023,32
frontier01744,1702236884,1702236892,8
frontier01745,1702237026,1702237028,2
frontier01746,1702237013,1702237025,12
frontier01747,1702236991,1702237023,32
frontier01748,1702236965,1702237020,55
frontier01749,1702236882,1702236892,10
frontier01750,1702236997,1702237025,28
frontier01751,1702236982,1702237022,40
frontier01752,1702236884,1702236897,13
frontier01753,1702236839,1702236851,12
frontier01754,1702236837,1702236845,8
frontier01755,1702236897,1702236926,29
frontier01756,1702236835,1702236838,3
frontier01757,1702236828,1702236831,3
frontier01758,1702236991,1702237024,33
frontier01759,1702236863,1702236866,3
frontier01760,1702236960,1702237010,50
frontier01761,1702236972,1702237020,48
frontier01762,1702236857,1702236863,6
frontier01763,1702236844,1702236851,7
frontier01764,1702236897,1702236920,23
frontier01765,1702236912,1702236947,35
frontier01766,1702236897,1702236919,22
frontier01767,1702236870,1702236885,15
frontier01768,1702236965,1702237021,56
frontier01769,1702236930,1702236986,56
frontier01770,1702237003,1702237024,21
frontier01771,1702236863,1702236885,22
frontier01772,1702236981,1702237022,41
frontier01794,1702237012,1702237025,13
frontier01804,1702236895,1702236911,16
frontier01805,1702236982,1702237022,40
frontier01806,1702236973,1702237022,49
frontier01807,1702236960,1702237021,61
frontier01808,1702237025,1702237028,3
frontier01809,1702236951,1702237010,59
frontier01810,1702236922,1702236971,49
frontier01811,1702236984,1702237023,39
frontier01812,1702236982,1702237021,39
frontier01813,1702236973,1702237021,48
frontier01814,1702237025,1702237027,2
frontier01815,1702236901,1702236923,22
frontier01816,1702236901,1702236924,23
frontier01817,1702236982,1702237022,40
frontier01818,1702236932,1702236989,57
frontier01819,1702236914,1702236965,51
frontier01820,1702236888,1702236895,7
frontier01821,1702236838,1702236846,8
frontier01822,1702236892,1702236894,2
frontier01823,1702236901,1702236927,26
frontier01824,1702236981,1702237022,41
frontier01825,1702236845,1702236863,18
frontier01826,1702236928,1702236973,45
frontier01827,1702236941,1702236993,52
frontier01828,1702236982,1702237022,40
frontier01829,1702236928,1702236985,57
frontier01830,1702236928,1702236973,45
frontier01831,1702236930,1702236987,57
frontier01837,1702236930,1702236987,57
frontier01841,1702236931,1702236988,57
frontier01850,1702236932,1702236991,59
frontier01852,1702236951,1702237010,59
frontier01854,1702236965,1702237020,55
frontier01857,1702236973,1702237021,48
frontier01858,1702236950,1702237010,60
frontier01868,1702236895,1702236923,28
frontier01870,1702236972,1702237022,50
frontier01871,1702236984,1702237022,38
frontier01872,1702236951,1702237010,59
frontier01873,1702236982,1702237021,39
frontier01874,1702236982,1702237022,40
frontier01875,1702237012,1702237025,13
frontier01876,1702236983,1702237022,39
frontier01877,1702236973,1702237021,48
frontier01878,1702236951,1702237010,59
frontier01879,1702236929,1702236984,55
frontier01880,1702237013,1702237025,12
frontier01881,1702236931,1702236987,56
frontier01882,1702236965,1702237021,56
frontier01883,1702236883,1702236892,9
frontier01884,1702236863,1702236866,3
frontier01886,1702236930,1702236983,53
frontier01887,1702236973,1702237021,48
frontier01888,1702237024,1702237027,3
frontier01889,1702236973,1702237022,49
frontier01890,1702236884,1702236897,13
frontier01891,1702236982,1702237021,39
frontier01892,1702236982,1702237021,39
frontier01893,1702236895,1702236923,28
frontier01894,1702236897,1702236929,32
frontier01895,1702236882,1702236891,9
frontier01896,1702237003,1702237025,22
frontier01897,1702236950,1702237010,60
frontier01898,1702236982,1702237022,40
frontier01899,1702236937,1702236992,55
frontier01900,1702237026,1702237028,2
frontier01901,1702236857,1702236861,4
frontier01902,1702236900,1702236920,20
frontier01922,1702236982,1702237021,39
frontier01931,1702236982,1702237022,40
frontier01933,1702236882,1702236892,10
frontier01934,1702236884,1702236895,11
frontier01935,1702236930,1702236986,56
frontier01936,1702236922,1702236965,43
frontier01937,1702236960,1702237020,60
frontier01938,1702236933,1702237010,77
frontier01939,1702236930,1702236986,56
frontier01940,1702236965,1702237021,56
frontier01941,1702236973,1702237021,48
frontier01942,1702236982,1702237022,40
frontier01943,1702236965,1702237021,56
frontier01944,1702236897,1702236912,15
frontier01945,1702236973,1702237021,48
frontier01946,1702236857,1702236864,7
frontier01947,1702236858,1702236864,6
frontier01948,1702236836,1702236840,4
frontier01949,1702236835,1702236838,3
frontier01950,1702236897,1702236925,28
frontier01951,1702236841,1702236847,6
frontier01952,1702236872,1702236891,19
frontier01953,1702236839,1702236847,8
frontier01954,1702236857,1702236864,7
frontier01955,1702236839,1702236847,8
frontier01956,1702236908,1702236931,23
frontier01957,1702236836,1702236844,8
frontier01958,1702236843,1702236851,8
frontier01959,1702236841,1702236851,10
frontier01960,1702236857,1702236863,6
frontier01961,1702236870,1702236887,17
frontier01962,1702236983,1702237022,39
frontier01963,1702236931,1702236987,56
frontier01964,1702237013,1702237026,13
frontier01965,1702236972,1702237021,49
frontier01966,1702236951,1702237010,59
frontier01967,1702236911,1702236942,31
frontier01994,1702236965,1702237021,56
frontier01995,1702236933,1702236992,59
frontier01996,1702236930,1702236987,57
frontier02000,1702236897,1702236918,21
frontier02001,1702236982,1702237022,40
frontier02002,1702236882,1702236892,10
frontier02003,1702236982,1702237021,39
frontier02004,1702236928,1702236985,57
frontier02005,1702236884,1702236892,8
frontier02006,1702237013,1702237026,13
frontier02007,1702236973,1702237022,49
frontier02008,1702236973,1702237022,49
frontier02009,1702237013,1702237025,12
frontier02010,1702236895,1702236919,24
frontier02011,1702236960,1702237014,54
frontier02012,1702236951,1702237010,59
frontier02013,1702236846,1702236864,18
frontier02014,1702236846,1702236860,14
frontier02015,1702236831,1702236836,5
frontier02016,1702236845,1702236864,19
frontier02017,1702236982,1702237022,40
frontier02018,1702236897,1702236927,30
frontier02019,1702236897,1702236919,22
frontier02020,1702236858,1702236864,6
frontier02021,1702236965,1702237021,56
frontier02022,1702236857,1702236864,7
frontier02023,1702236981,1702237021,40
frontier02024,1702236951,1702237010,59
frontier02025,1702236984,1702237022,38
frontier02026,1702236914,1702236971,57
frontier02027,1702236897,1702236925,28
frontier02028,1702237012,1702237026,14
frontier02049,1702236965,1702237020,55
frontier02060,1702236983,1702237022,39
frontier02061,1702236930,1702236987,57
frontier02062,1702236960,1702237021,61
frontier02063,1702237013,1702237026,13
frontier02064,1702236930,1702236986,56
frontier02065,1702236926,1702236967,41
frontier02066,1702236951,1702237010,59
frontier02067,1702236922,1702236969,47
frontier02077,1702236960,1702237010,50
frontier02079,1702236884,1702236893,9
frontier02080,1702236984,1702237023,39
frontier02082,1702236965,1702237020,55
frontier02083,1702236930,1702236987,57
frontier02096,1702236997,1702237025,28
frontier02101,1702236928,1702236983,55
frontier02102,1702236965,1702237020,55
frontier02103,1702236884,1702236895,11
frontier02104,1702236872,1702236890,18
frontier02105,1702236924,1702236965,41
frontier02106,1702236895,1702236911,16
frontier02107,1702236884,1702236892,8
frontier02108,1702236951,1702237010,59
frontier02109,1702236897,1702236926,29
frontier02110,1702236926,1702236983,57
frontier02111,1702236895,1702236911,16
frontier02112,1702236951,1702237010,59
frontier02114,1702236951,1702237010,59
frontier02115,1702236926,1702236966,40
frontier02116,1702236973,1702237021,48
frontier02117,1702236982,1702237021,39
frontier02118,1702236951,1702237010,59
frontier02119,1702236960,1702237021,61
frontier02120,1702236965,1702237021,56
frontier02123,1702236895,1702236921,26
frontier02124,1702236900,1702236922,22
frontier02125,1702236981,1702237021,40
frontier02126,1702236983,1702237022,39
frontier02127,1702236914,1702236970,56
frontier02128,1702236960,1702237010,50
frontier02129,1702236884,1702236895,11
frontier02130,1702236973,1702237021,48
frontier02131,1702236872,1702236891,19
frontier02132,1702236847,1702236859,12
frontier02133,1702237014,1702237026,12
frontier02134,1702236984,1702237023,39
frontier02135,1702236895,1702236911,16
frontier02136,1702236930,1702236982,52
frontier02137,1702236950,1702237010,60
frontier02138,1702237025,1702237028,3
frontier02139,1702236965,1702237021,56
frontier02140,1702236857,1702236864,7
frontier02144,1702236836,1702236844,8
frontier02146,1702236847,1702236864,17
frontier02147,1702236906,1702236928,22
frontier02148,1702236844,1702236852,8
frontier02149,1702236991,1702237023,32
frontier02150,1702236890,1702236919,29
frontier02151,1702236839,1702236847,8
frontier02152,1702236924,1702236966,42
frontier02153,1702236983,1702237023,40
frontier02154,1702236884,1702236892,8
frontier02155,1702236884,1702236897,13
frontier02156,1702236851,1702236864,13
frontier02157,1702236897,1702236926,29
frontier02158,1702236982,1702237021,39
frontier02159,1702236976,1702237021,45
frontier02160,1702236973,1702237022,49
frontier02161,1702236982,1702237021,39
frontier02184,1702236997,1702237024,27
frontier02185,1702236908,1702236932,24
frontier02186,1702236998,1702237025,27
frontier02188,1702236924,1702236972,48
frontier02189,1702236908,1702236932,24
frontier02190,1702236985,1702237023,38
frontier02191,1702236924,1702236967,43
frontier02192,1702237004,1702237025,21
frontier02196,1702236924,1702236972,48
frontier02200,1702237003,1702237024,21
frontier02203,1702236997,1702237024,27
frontier02204,1702236997,1702237024,27
frontier02207,1702236973,1702237022,49
frontier02211,1702236930,1702236987,57
frontier02212,1702237012,1702237025,13
frontier02216,1702236931,1702236988,57
frontier02217,1702236884,1702236892,8
frontier02218,1702236931,1702236988,57
frontier02220,1702236973,1702237021,48
frontier02221,1702236872,1702236891,19
frontier02225,1702236872,1702236888,16
frontier02236,1702236884,1702236892,8
frontier02237,1702236857,1702236861,4
frontier02238,1702236931,1702236987,56
frontier02239,1702236930,1702236987,57
frontier02240,1702236901,1702236929,28
frontier02241,1702236847,1702236861,14
frontier02242,1702236930,1702236986,56
frontier02243,1702236982,1702237022,40
frontier02246,1702236897,1702236924,27
frontier02247,1702236864,1702236866,2
frontier02248,1702236966,1702237021,55
frontier02249,1702236897,1702236926,29
frontier02250,1702236939,1702237010,71
frontier02251,1702236922,1702236961,39
frontier02252,1702236984,1702237023,39
frontier02253,1702236870,1702236887,17
frontier02255,1702237013,1702237026,13
frontier02257,1702236951,1702237010,59
frontier02258,1702236985,1702237023,38
frontier02259,1702236985,1702237023,38
frontier02260,1702236965,1702237020,55
frontier02261,1702236973,1702237021,48
frontier02263,1702236950,1702237010,60
frontier02264,1702237012,1702237026,14
frontier02265,1702236884,1702236892,8
frontier02268,1702236973,1702237021,48
frontier02269,1702236950,1702237010,60
frontier02272,1702236951,1702237010,59
frontier02275,1702236938,1702236992,54
frontier02277,1702236965,1702237021,56
frontier02278,1702236930,1702236987,57
frontier02279,1702236983,1702237023,40
frontier02280,1702236965,1702237020,55
frontier02281,1702236872,1702236888,16
frontier02282,1702236950,1702237010,60
frontier02283,1702236884,1702236892,8
frontier02284,1702236907,1702236931,24
frontier02285,1702236884,1702236892,8
frontier02287,1702237026,1702237028,2
frontier02288,1702236897,1702236924,27
frontier02289,1702236972,1702237021,49
frontier02291,1702236983,1702237022,39
frontier02292,1702236884,1702236895,11
frontier02293,1702236897,1702236925,28
frontier02294,1702236911,1702236947,36
frontier02295,1702236924,1702236973,49
frontier02296,1702236947,1702237021,74
frontier02297,1702236951,1702237010,59
frontier02313,1702236931,1702236987,56
frontier02315,1702236932,1702236988,56
frontier02316,1702236960,1702237020,60
frontier02317,1702237026,1702237028,2
frontier02318,1702236884,1702236892,8
frontier02319,1702236857,1702236864,7
frontier02320,1702236983,1702237022,39
frontier02322,1702236884,1702236893,9
frontier02323,1702236965,1702237021,56
frontier02328,1702236929,1702236983,54
frontier02336,1702236870,1702236889,19
frontier02337,1702237013,1702237026,13
frontier02338,1702237026,1702237029,3
frontier02339,1702236965,1702237020,55
frontier02340,1702236951,1702237010,59
frontier02342,1702236918,1702236972,54
frontier02343,1702236960,1702237021,61
frontier02344,1702237020,1702237026,6
frontier02345,1702236897,1702236927,30
frontier02361,1702236845,1702236859,14
frontier02364,1702236829,1702236834,5
frontier02365,1702236836,1702236841,5
frontier02366,1702236930,1702236983,53
frontier02368,1702236857,1702236863,6
frontier02369,1702236847,1702236864,17
frontier02370,1702236845,1702236859,14
frontier02371,1702236836,1702236841,5
frontier02372,1702236851,1702236864,13
frontier02373,1702236895,1702236911,16
frontier02375,1702236857,1702236863,6
frontier02376,1702236982,1702237022,40
frontier02377,1702236872,1702236890,18
frontier02378,1702236965,1702237020,55
frontier02379,1702236930,1702236985,55
frontier02381,1702236951,1702237010,59
frontier02382,1702236897,1702236924,27
frontier02383,1702236982,1702237021,39
frontier02385,1702236897,1702236925,28
frontier02386,1702236973,1702237020,47
frontier02387,1702236965,1702237020,55
frontier02388,1702236973,1702237021,48
frontier02390,1702236965,1702237020,55
frontier02394,1702236895,1702236911,16
frontier02395,1702236965,1702237020,55
frontier02396,1702236965,1702237021,56
frontier02397,1702236951,1702237010,59
frontier02399,1702236914,1702236961,47
frontier02400,1702236930,1702236986,56
frontier02402,1702236982,1702237022,40
frontier02403,1702236931,1702236988,57
frontier02404,1702236965,1702237021,56
frontier02405,1702237026,1702237028,2
frontier02406,1702236930,1702236987,57
frontier02407,1702236951,1702237010,59
frontier02408,1702236884,1702236892,8
frontier02409,1702236836,1702236844,8
frontier02410,1702236897,1702236926,29
frontier02411,1702236884,1702236892,8
frontier02412,1702236972,1702237020,48
frontier02413,1702236930,1702236983,53
frontier02414,1702236965,1702237020,55
frontier02415,1702236973,1702237020,47
frontier02416,1702236872,1702236888,16
frontier02417,1702236897,1702236926,29
frontier02418,1702236951,1702237010,59
frontier02419,1702236972,1702237020,48
frontier02420,1702236897,1702236927,30
frontier02421,1702236982,1702237022,40
frontier02422,1702236991,1702237024,33
frontier02436,1702236924,1702236972,48
frontier02441,1702236924,1702236965,41
frontier02442,1702236997,1702237025,28
frontier02444,1702236988,1702237023,35
frontier02445,1702236993,1702237023,30
frontier02446,1702236911,1702236942,31
frontier02447,1702236930,1702236987,57
frontier02448,1702236884,1702236892,8
frontier02449,1702237026,1702237028,2
frontier02450,1702236895,1702236910,15
frontier02451,1702236900,1702236927,27
frontier02452,1702236950,1702237010,60
frontier02453,1702236951,1702237010,59
frontier02454,1702236997,1702237025,28
frontier02456,1702236897,1702236926,29
frontier02457,1702236870,1702236884,14
frontier02458,1702236929,1702236973,44
frontier02459,1702236983,1702237022,39
frontier02460,1702236988,1702237023,35
frontier02461,1702236907,1702236930,23
frontier02462,1702236972,1702237021,49
frontier02463,1702236931,1702236987,56
frontier02464,1702236982,1702237022,40
frontier02465,1702236895,1702236911,16
frontier02466,1702236929,1702236982,53
frontier02467,1702236922,1702236972,50
frontier02468,1702236965,1702237021,56
frontier02469,1702236972,1702237020,48
frontier02470,1702236931,1702236983,52
frontier02471,1702236982,1702237021,39
frontier02472,1702236960,1702237020,60
frontier02482,1702237025,1702237027,2
frontier02486,1702236914,1702236970,56
frontier02497,1702237013,1702237025,12
frontier02508,1702237003,1702237025,22
frontier02509,1702236897,1702236926,29
frontier02510,1702236981,1702237022,41
frontier02511,1702236929,1702236984,55
frontier02512,1702237020,1702237025,5
frontier02513,1702236982,1702237022,40
frontier02514,1702236982,1702237022,40
frontier02515,1702236951,1702237010,59
frontier02516,1702236950,1702237010,60
frontier02517,1702236924,1702236972,48
frontier02518,1702236951,1702237010,59
frontier02519,1702236930,1702236987,57
frontier02520,1702236947,1702237021,74
frontier02521,1702236973,1702237022,49
frontier02522,1702237026,1702237028,2
frontier02523,1702236982,1702237022,40
frontier02524,1702236982,1702237021,39
frontier02525,1702236928,1702236985,57
frontier02526,1702236930,1702236987,57
frontier02527,1702236951,1702237010,59
frontier02528,1702236965,1702237022,57
frontier02529,1702236832,1702236836,4
frontier02530,1702236844,1702236852,8
frontier02531,1702236835,1702236839,4
frontier02532,1702236838,1702236846,8
frontier02533,1702236845,1702236859,14
frontier02534,1702236897,1702236924,27
frontier02535,1702236847,1702236861,14
frontier02536,1702236847,1702236863,16
frontier02537,1702236884,1702236892,8
frontier02538,1702236932,1702236988,56
frontier02539,1702236884,1702236892,8
frontier02540,1702236897,1702236920,23
frontier02541,1702236973,1702237021,48
frontier02542,1702237013,1702237026,13
frontier02568,1702236930,1702236987,57
frontier02569,1702237014,1702237026,12
frontier02571,1702236907,1702236929,22
frontier02572,1702237013,1702237025,12
frontier02573,1702236991,1702237023,32
frontier02574,1702237004,1702237025,21
frontier02575,1702236972,1702237020,48
frontier02576,1702237003,1702237025,22
frontier02577,1702236991,1702237024,33
frontier02578,1702236997,1702237025,28
frontier02579,1702236906,1702236930,24
frontier02580,1702236982,1702237022,40
frontier02581,1702236951,1702237010,59
frontier02582,1702236984,1702237023,39
frontier02583,1702236893,1702236897,4
frontier02584,1702236973,1702237021,48
frontier02585,1702236965,1702237020,55
frontier02586,1702236966,1702237021,55
frontier02587,1702236918,1702236965,47
frontier02588,1702236926,1702236973,47
frontier02589,1702236960,1702237021,61
frontier02590,1702236838,1702236846,8
frontier02591,1702236838,1702236846,8
frontier02592,1702236863,1702236872,9
frontier02594,1702236844,1702236852,8
frontier02595,1702236836,1702236844,8
frontier02597,1702236919,1702236963,44
frontier02598,1702236981,1702237022,41
frontier02599,1702236884,1702236893,9
frontier02600,1702236858,1702236864,6
frontier02601,1702236935,1702236989,54
frontier02602,1702237013,1702237025,12
frontier02603,1702236951,1702237014,63
frontier02634,1702236960,1702237021,61
frontier02635,1702237012,1702237026,14
frontier02636,1702236906,1702236929,23
frontier02641,1702236897,1702236926,29
frontier02644,1702236901,1702236928,27
frontier02645,1702236984,1702237023,39
frontier02646,1702236930,1702236991,61
frontier02647,1702236893,1702236897,4
frontier02649,1702236931,1702236987,56
frontier02650,1702236892,1702236897,5
frontier02651,1702236884,1702236892,8
frontier02653,1702236873,1702236890,17
frontier02654,1702236914,1702236965,51
frontier02655,1702236984,1702237022,38
frontier02656,1702236950,1702237010,60
frontier02657,1702236997,1702237024,27
frontier02658,1702236924,1702236966,42
frontier02659,1702236982,1702237022,40
frontier02660,1702236993,1702237024,31
frontier02661,1702236997,1702237024,27
frontier02662,1702236972,1702237020,48
frontier02663,1702236907,1702236930,23
frontier02664,1702236984,1702237023,39
frontier02665,1702236984,1702237023,39
frontier02666,1702236985,1702237023,38
frontier02667,1702236965,1702237022,57
frontier02668,1702236901,1702236920,19
frontier02669,1702236950,1702237010,60
frontier02670,1702237025,1702237027,2
frontier02671,1702236864,1702236867,3
frontier02672,1702236923,1702236982,59
frontier02673,1702236930,1702236986,56
frontier02674,1702236951,1702237014,63
frontier02675,1702236897,1702236926,29
frontier02676,1702236884,1702236892,8
frontier02678,1702236951,1702237010,59
frontier02696,1702237026,1702237028,2
frontier02699,1702236982,1702237022,40
frontier02701,1702236893,1702236897,4
frontier02702,1702236882,1702236892,10
frontier02703,1702236950,1702237010,60
frontier02704,1702236897,1702236927,30
frontier02705,1702236907,1702236930,23
frontier02706,1702236973,1702237021,48
frontier02707,1702236984,1702237022,38
frontier02708,1702236973,1702237020,47
frontier02709,1702236884,1702236892,8
frontier02710,1702236943,1702237021,78
frontier02711,1702236930,1702236987,57
frontier02712,1702236928,1702236985,57
frontier02713,1702236972,1702237021,49
frontier02714,1702236870,1702236889,19
frontier02715,1702236895,1702236911,16
frontier02716,1702236911,1702236947,36
frontier02717,1702236951,1702237010,59
frontier02718,1702236951,1702237014,63
frontier02719,1702236951,1702237010,59
frontier02720,1702236930,1702236987,57
frontier02721,1702236829,1702236831,2
frontier02722,1702236835,1702236840,5
frontier02723,1702236836,1702236841,5
frontier02724,1702236844,1702236852,8
frontier02727,1702236836,1702236844,8
frontier02739,1702236872,1702236891,19
frontier02741,1702236933,1702236988,55
frontier02750,1702236857,1702236861,4
frontier02751,1702236933,1702236992,59
frontier02752,1702236836,1702236844,8
frontier02753,1702236838,1702236846,8
frontier02761,1702236982,1702237021,39
frontier02762,1702237013,1702237025,12
frontier02763,1702236912,1702236947,35
frontier02765,1702237012,1702237025,13
frontier02766,1702236982,1702237022,40
frontier02767,1702236897,1702236926,29
frontier02768,1702236965,1702237020,55
frontier02769,1702236960,1702237014,54
frontier02770,1702236930,1702236987,57
frontier02771,1702236950,1702237010,60
frontier02772,1702236960,1702237014,54
frontier02773,1702236972,1702237020,48
frontier02774,1702236982,1702237021,39
frontier02775,1702236973,1702237020,47
frontier02776,1702236961,1702237022,61
frontier02777,1702236965,1702237021,56
frontier02778,1702236897,1702236924,27
frontier02779,1702236972,1702237021,49
frontier02780,1702236884,1702236893,9
frontier02781,1702236895,1702236923,28
frontier02782,1702236929,1702236973,44
frontier02783,1702236930,1702236986,56
frontier02784,1702237025,1702237028,3
frontier02785,1702236837,1702236845,8
frontier02786,1702236864,1702236867,3
frontier02787,1702236982,1702237021,39
frontier02788,1702236857,1702236863,6
frontier02789,1702236897,1702236925,28
frontier02791,1702236872,1702236891,19
frontier02793,1702236847,1702236864,17
frontier02794,1702236972,1702237020,48
frontier02795,1702236972,1702237020,48
frontier02796,1702236951,1702237010,59
frontier02797,1702236912,1702236960,48
frontier02798,1702236897,1702236920,23
frontier02799,1702236983,1702237022,39
frontier02818,1702236998,1702237024,26
frontier02823,1702236991,1702237024,33
frontier02826,1702236997,1702237024,27
frontier02827,1702236991,1702237023,32
frontier02828,1702236984,1702237022,38
frontier02830,1702237027,1702237029,2
frontier02831,1702237019,1702237026,7
frontier02832,1702237026,1702237028,2
frontier02833,1702236989,1702237023,34
frontier02834,1702236924,1702236965,41
frontier02835,1702236997,1702237024,27
frontier02836,1702236997,1702237025,28
frontier02837,1702237003,1702237025,22
frontier02838,1702237027,1702237029,2
frontier02839,1702237013,1702237025,12
frontier02840,1702237003,1702237024,21
frontier02841,1702236895,1702236920,25
frontier02842,1702237026,1702237028,2
frontier02843,1702236884,1702236892,8
frontier02844,1702236973,1702237021,48
frontier02845,1702236897,1702236919,22
frontier02846,1702236972,1702237021,49
frontier02847,1702236982,1702237022,40
frontier02848,1702236950,1702237010,60
frontier02849,1702236960,1702237021,61
frontier02850,1702236951,1702237010,59
frontier02851,1702236857,1702236864,7
frontier02852,1702236931,1702236988,57
frontier02853,1702236951,1702237010,59
frontier02854,1702236847,1702236859,12
frontier02855,1702236965,1702237021,56
frontier02856,1702236930,1702236987,57
frontier02857,1702236976,1702237021,45
frontier02858,1702236884,1702236893,9
frontier02859,1702236884,1702236893,9
frontier02875,1702236857,1702236864,7
frontier02878,1702236924,1702236972,48
frontier02880,1702236982,1702237020,38
frontier02881,1702236931,1702236989,58
frontier02889,1702236929,1702236981,52
frontier02892,1702236951,1702237010,59
frontier02893,1702236982,1702237021,39
frontier02894,1702236932,1702236987,55
frontier02895,1702237025,1702237028,3
frontier02896,1702236932,1702236988,56
frontier02897,1702237025,1702237028,3
frontier02898,1702237004,1702237024,20
frontier02899,1702236982,1702237022,40
frontier02900,1702236930,1702236983,53
frontier02904,1702236982,1702237021,39
frontier02905,1702236928,1702236985,57
frontier02906,1702236911,1702236947,36
frontier02907,1702236951,1702237010,59
frontier02908,1702236884,1702236892,8
frontier02909,1702237004,1702237025,21
frontier02910,1702236895,1702236911,16
frontier02911,1702236884,1702236892,8
frontier02912,1702236872,1702236891,19
frontier02913,1702236929,1702236973,44
frontier02914,1702236857,1702236864,7
frontier02915,1702236912,1702236950,38
frontier02916,1702236932,1702236988,56
frontier02917,1702236863,1702236885,22
frontier02918,1702236835,1702236841,6
frontier02919,1702236931,1702236987,56
frontier02920,1702236914,1702236971,57
frontier02921,1702236884,1702236892,8
frontier02922,1702236966,1702237020,54
frontier02923,1702236965,1702237021,56
frontier02949,1702236951,1702237010,59
frontier02950,1702236914,1702236950,36
frontier02951,1702236972,1702237020,48
frontier02955,1702237003,1702237025,22
frontier02958,1702236973,1702237020,47
frontier02959,1702236897,1702236924,27
frontier02960,1702236884,1702236893,9
frontier02961,1702236991,1702237024,33
frontier02962,1702236982,1702237022,40
frontier02963,1702237004,1702237024,20
frontier02964,1702237026,1702237028,2
frontier02965,1702236906,1702236930,24
frontier02966,1702236982,1702237022,40
frontier02967,1702236961,1702237022,61
frontier02968,1702237020,1702237026,6
frontier02969,1702237003,1702237025,22
frontier02970,1702236976,1702237021,45
frontier02971,1702236897,1702236924,27
frontier02972,1702236857,1702236863,6
frontier02973,1702236930,1702236988,58
frontier02974,1702237025,1702237028,3
frontier02975,1702236930,1702236987,57
frontier02976,1702236982,1702237022,40
frontier02977,1702236857,1702236864,7
frontier02978,1702236834,1702236838,4
frontier02979,1702236965,1702237021,56
frontier02980,1702236884,1702236892,8
frontier02981,1702236986,1702237024,38
frontier02982,1702236866,1702236873,7
frontier02983,1702236928,1702236984,56
frontier02984,1702236982,1702237022,40
frontier02985,1702236926,1702236983,57
frontier02986,1702236983,1702237022,39
frontier02987,1702236982,1702237021,39
frontier02988,1702236966,1702237022,56
frontier03015,1702236927,1702236982,55
frontier03016,1702236918,1702236965,47
frontier03017,1702236895,1702236911,16
frontier03018,1702236895,1702236921,26
frontier03019,1702236951,1702237010,59
frontier03023,1702236900,1702236911,11
frontier03024,1702236926,1702236972,46
frontier03025,1702236931,1702236987,56
frontier03026,1702236897,1702236927,30
frontier03027,1702236973,1702237021,48
frontier03028,1702236884,1702236892,8
frontier03029,1702236951,1702237010,59
frontier03030,1702236973,1702237021,48
frontier03031,1702236929,1702236982,53
frontier03032,1702236931,1702236988,57
frontier03033,1702237025,1702237028,3
frontier03034,1702236884,1702236893,9
frontier03035,1702236930,1702236987,57
frontier03036,1702236930,1702236985,55
frontier03037,1702236929,1702236982,53
frontier03038,1702236965,1702237020,55
frontier03039,1702236928,1702236983,55
frontier03040,1702236928,1702236983,55
frontier03041,1702236951,1702237010,59
frontier03042,1702236924,1702236966,42
frontier03043,1702236950,1702237013,63
frontier03044,1702236965,1702237021,56
frontier03045,1702236988,1702237023,35
frontier03046,1702236930,1702236988,58
frontier03047,1702237014,1702237026,12
frontier03048,1702236930,1702236985,55
frontier03049,1702237003,1702237024,21
frontier03050,1702236997,1702237024,27
frontier03076,1702236965,1702237020,55
frontier03081,1702236931,1702236988,57
frontier03084,1702236960,1702237020,60
frontier03085,1702236930,1702236987,57
frontier03086,1702236884,1702236893,9
frontier03087,1702236973,1702237021,48
frontier03088,1702236972,1702237021,49
frontier03089,1702237012,1702237025,13
frontier03090,1702236982,1702237022,40
frontier03091,1702236997,1702237024,27
frontier03092,1702236982,1702237022,40
frontier03093,1702236924,1702236967,43
frontier03094,1702236857,1702236864,7
frontier03097,1702236997,1702237024,27
frontier03098,1702236997,1702237024,27
frontier03099,1702237026,1702237028,2
frontier03100,1702237013,1702237026,13
frontier03101,1702236897,1702236926,29
frontier03102,1702236950,1702237009,59
frontier03103,1702236884,1702236893,9
frontier03104,1702237026,1702237028,2
frontier03105,1702236950,1702237010,60
frontier03106,1702236951,1702237010,59
frontier03107,1702236897,1702236924,27
frontier03108,1702236951,1702237010,59
frontier03109,1702236982,1702237021,39
frontier03110,1702236895,1702236924,29
frontier03111,1702236918,1702236961,43
frontier03112,1702236912,1702236947,35
frontier03122,1702236982,1702237021,39
frontier03137,1702236931,1702236988,57
frontier03138,1702236973,1702237021,48
frontier03139,1702236965,1702237021,56
frontier03140,1702236857,1702236864,7
frontier03141,1702236965,1702237020,55
frontier03145,1702236960,1702237021,61
frontier03150,1702236924,1702236965,41
frontier03152,1702236895,1702236918,23
frontier03153,1702236972,1702237021,49
frontier03154,1702236966,1702237021,55
frontier03155,1702236951,1702237010,59
frontier03156,1702236965,1702237020,55
frontier03157,1702236872,1702236891,19
frontier03158,1702237003,1702237025,22
frontier03159,1702236951,1702237010,59
frontier03160,1702236951,1702237010,59
frontier03161,1702236895,1702236911,16
frontier03162,1702237025,1702237028,3
frontier03163,1702236928,1702236985,57
frontier03164,1702237025,1702237028,3
frontier03165,1702236884,1702236893,9
frontier03166,1702236930,1702236987,57
frontier03167,1702236982,1702237022,40
frontier03168,1702236950,1702237010,60
frontier03169,1702236973,1702237021,48
frontier03170,1702236922,1702236969,47
frontier03171,1702236982,1702237022,40
frontier03172,1702236960,1702237021,61
frontier03173,1702236972,1702237021,49
frontier03174,1702236982,1702237021,39
frontier03175,1702236982,1702237021,39
frontier03176,1702236884,1702236892,8
frontier03177,1702236965,1702237020,55
frontier03178,1702236982,1702237022,40
frontier03179,1702236973,1702237021,48
frontier03180,1702236930,1702236987,57
frontier03181,1702237013,1702237025,12
frontier03182,1702236884,1702236892,8
frontier03204,1702236983,1702237022,39
frontier03210,1702236851,1702236863,12
frontier03212,1702236982,1702237022,40
frontier03215,1702236928,1702236986,58
frontier03216,1702236960,1702237010,50
frontier03217,1702236930,1702236986,56
frontier03218,1702236967,1702237021,54
frontier03219,1702236940,1702237010,70
frontier03220,1702236857,1702236864,7
frontier03221,1702236895,1702236911,16
frontier03222,1702236884,1702236892,8
frontier03223,1702236972,1702237020,48
frontier03224,1702236912,1702236950,38
frontier03225,1702237003,1702237025,22
frontier03226,1702236965,1702237021,56
frontier03227,1702236965,1702237022,57
frontier03228,1702236997,1702237024,27
frontier03229,1702236892,1702236897,5
frontier03230,1702236933,1702236988,55
frontier03231,1702236965,1702237020,55
frontier03232,1702236972,1702237021,49
frontier03233,1702236930,1702236986,56
frontier03234,1702237025,1702237027,2
frontier03235,1702236965,1702237020,55
frontier03236,1702237012,1702237026,14
frontier03237,1702236960,1702237021,61
frontier03238,1702236932,1702236991,59
frontier03239,1702236930,1702236988,58
frontier03240,1702236976,1702237021,45
frontier03241,1702236864,1702236866,2
frontier03242,1702236857,1702236861,4
frontier03255,1702236965,1702237021,56
frontier03265,1702236884,1702236892,8
frontier03266,1702236951,1702237010,59
frontier03267,1702236972,1702237020,48
frontier03275,1702236983,1702237022,39
frontier03276,1702236973,1702237021,48
frontier03277,1702236965,1702237020,55
frontier03278,1702236929,1702236983,54
frontier03279,1702236912,1702236950,38
frontier03280,1702236900,1702236925,25
frontier03281,1702236897,1702236919,22
frontier03282,1702236960,1702237010,50
frontier03283,1702236875,1702236892,17
frontier03284,1702236931,1702236991,60
frontier03285,1702236884,1702236893,9
frontier03286,1702236884,1702236893,9
frontier03287,1702236884,1702236893,9
frontier03288,1702236895,1702236911,16
frontier03289,1702236857,1702236860,3
frontier03290,1702236951,1702237010,59
frontier03291,1702236965,1702237021,56
frontier03292,1702236973,1702237022,49
frontier03293,1702236965,1702237021,56
frontier03294,1702236973,1702237020,47
frontier03295,1702236884,1702236893,9
frontier03296,1702236872,1702236891,19
frontier03297,1702236972,1702237021,49
frontier03298,1702236951,1702237010,59
frontier03299,1702236930,1702236986,56
frontier03300,1702236950,1702237010,60
frontier03301,1702237025,1702237028,3
frontier03302,1702237013,1702237026,13
frontier03303,1702236932,1702236988,56
frontier03304,1702236930,1702236987,57
frontier03305,1702236897,1702236924,27
frontier03306,1702236837,1702236846,9
frontier03307,1702236960,1702237020,60
frontier03329,1702236991,1702237023,32
frontier03336,1702236984,1702237023,39
frontier03338,1702236907,1702236929,22
frontier03341,1702236890,1702236919,29
frontier03342,1702236924,1702236965,41
frontier03343,1702236924,1702236972,48
frontier03344,1702236982,1702237022,40
frontier03345,1702236914,1702236950,36
frontier03346,1702236924,1702236973,49
frontier03347,1702237026,1702237028,2
frontier03348,1702237003,1702237025,22
frontier03349,1702237013,1702237026,13
frontier03350,1702236991,1702237023,32
frontier03351,1702236991,1702237024,33
frontier03352,1702236924,1702236966,42
frontier03353,1702237026,1702237028,2
frontier03354,1702236982,1702237021,39
frontier03355,1702236924,1702236972,48
frontier03356,1702236930,1702236987,57
frontier03357,1702236937,1702236993,56
frontier03358,1702236982,1702237022,40
frontier03359,1702236947,1702237021,74
frontier03360,1702236951,1702237010,59
frontier03361,1702236965,1702237021,56
frontier03362,1702236960,1702237022,62
frontier03363,1702236929,1702236985,56
frontier03364,1702237025,1702237028,3
frontier03365,1702236884,1702236893,9
frontier03366,1702236929,1702236973,44
frontier03367,1702236960,1702237020,60
frontier03377,1702236941,1702237010,69
frontier03382,1702237012,1702237025,13
frontier03389,1702236930,1702236986,56
frontier03392,1702236983,1702237023,40
frontier03393,1702236982,1702237021,39
frontier03401,1702236973,1702237021,48
frontier03402,1702236982,1702237022,40
frontier03403,1702236997,1702237025,28
frontier03404,1702237025,1702237028,3
frontier03405,1702236929,1702236982,53
frontier03406,1702236982,1702237021,39
frontier03407,1702236924,1702236966,42
frontier03408,1702236928,1702236985,57
frontier03409,1702236924,1702236967,43
frontier03410,1702236947,1702237021,74
frontier03411,1702236951,1702237010,59
frontier03412,1702236973,1702237020,47
frontier03413,1702236931,1702236987,56
frontier03414,1702236882,1702236892,10
frontier03415,1702236951,1702237010,59
frontier03416,1702236966,1702237020,54
frontier03417,1702236851,1702236864,13
frontier03418,1702236972,1702237020,48
frontier03419,1702236931,1702236988,57
frontier03420,1702236922,1702236961,39
frontier03421,1702236950,1702237010,60
frontier03422,1702236960,1702237010,50
frontier03423,1702236951,1702237010,59
frontier03424,1702236965,1702237021,56
frontier03425,1702236951,1702237010,59
frontier03426,1702236982,1702237022,40
frontier03427,1702236960,1702237021,61
frontier03428,1702236901,1702236924,23
frontier03429,1702236897,1702236925,28
frontier03430,1702236951,1702237020,69
frontier03431,1702236895,1702236912,17
frontier03432,1702236982,1702237021,39
frontier03433,1702236950,1702237010,60
frontier03462,1702236991,1702237024,33
frontier03465,1702236982,1702237021,39
frontier03466,1702236982,1702237022,40
frontier03469,1702236933,1702236991,58
frontier03470,1702236851,1702236864,13
frontier03471,1702236924,1702236965,41
frontier03472,1702236981,1702237021,40
frontier03473,1702237013,1702237026,13
frontier03474,1702236897,1702236926,29
frontier03475,1702236951,1702237010,59
frontier03476,1702236872,1702236890,18
frontier03477,1702236884,1702236893,9
frontier03478,1702236897,1702236920,23
frontier03479,1702236982,1702237022,40
frontier03480,1702237013,1702237026,13
frontier03481,1702236973,1702237022,49
frontier03482,1702236997,1702237024,27
frontier03483,1702236897,1702236924,27
frontier03484,1702236857,1702236863,6
frontier03485,1702236951,1702237010,59
frontier03486,1702236960,1702237010,50
frontier03487,1702236960,1702237020,60
frontier03488,1702236951,1702237010,59
frontier03489,1702236973,1702237021,48
frontier03490,1702236884,1702236892,8
frontier03491,1702236982,1702237021,39
frontier03492,1702236973,1702237021,48
frontier03493,1702236930,1702236989,59
frontier03494,1702236981,1702237022,41
frontier03495,1702236972,1702237021,49
frontier03496,1702236930,1702236986,56
frontier03497,1702236982,1702237021,39
frontier03500,1702236981,1702237021,40
frontier03501,1702236951,1702237010,59
frontier03502,1702236973,1702237021,48
frontier03524,1702236929,1702236985,56
frontier03525,1702236857,1702236860,3
frontier03530,1702236998,1702237024,26
frontier03531,1702236993,1702237023,30
frontier03532,1702236924,1702236966,42
frontier03533,1702237003,1702237025,22
frontier03534,1702236972,1702237022,50
frontier03535,1702236930,1702236987,57
frontier03536,1702236930,1702236987,57
frontier03537,1702236930,1702236984,54
frontier03538,1702236972,1702237021,49
frontier03539,1702237003,1702237025,22
frontier03540,1702236972,1702237021,49
frontier03541,1702236981,1702237022,41
frontier03542,1702237025,1702237028,3
frontier03543,1702236965,1702237020,55
frontier03544,1702236930,1702236986,56
frontier03545,1702236998,1702237024,26
frontier03546,1702237027,1702237029,2
frontier03547,1702236960,1702237021,61
frontier03548,1702237012,1702237025,13
frontier03549,1702237003,1702237025,22
frontier03550,1702236965,1702237020,55
frontier03551,1702236929,1702236983,54
frontier03552,1702236998,1702237024,26
frontier03555,1702236951,1702237010,59
frontier03556,1702237021,1702237025,4
frontier03557,1702237004,1702237024,20
frontier03558,1702237003,1702237025,22
frontier03559,1702237020,1702237026,6
frontier03561,1702236930,1702236987,57
frontier03562,1702236930,1702236987,57
frontier03563,1702236897,1702236918,21
frontier03591,1702236930,1702236987,57
frontier03592,1702236895,1702236913,18
frontier03593,1702236988,1702237023,35
frontier03595,1702236858,1702236864,6
frontier03598,1702236884,1702236893,9
frontier03599,1702236998,1702237024,26
frontier03600,1702237003,1702237025,22
frontier03601,1702236895,1702236910,15
frontier03602,1702236965,1702237021,56
frontier03603,1702236922,1702236970,48
frontier03604,1702236897,1702236926,29
frontier03605,1702236982,1702237022,40
frontier03606,1702236973,1702237022,49
frontier03607,1702236931,1702236988,57
frontier03608,1702236930,1702236983,53
frontier03609,1702236982,1702237021,39
frontier03610,1702236931,1702236987,56
frontier03611,1702236965,1702237020,55
frontier03612,1702236901,1702236924,23
frontier03613,1702236930,1702236987,57
frontier03614,1702236897,1702236926,29
frontier03615,1702236967,1702237021,54
frontier03616,1702236950,1702237010,60
frontier03617,1702236895,1702236921,26
frontier03618,1702236931,1702236987,56
frontier03619,1702236982,1702237022,40
frontier03620,1702236847,1702236864,17
frontier03621,1702236965,1702237021,56
frontier03622,1702236884,1702236892,8
frontier03623,1702236930,1702236986,56
frontier03624,1702236965,1702237021,56
frontier03625,1702236931,1702236988,57
frontier03626,1702236884,1702236893,9
frontier03627,1702236897,1702236926,29
frontier03628,1702236973,1702237021,48
frontier03636,1702236982,1702237020,38
frontier03653,1702236951,1702237010,59
frontier03654,1702236930,1702236985,55
frontier03656,1702236951,1702237010,59
frontier03657,1702236906,1702236929,23
frontier03661,1702236984,1702237023,39
frontier03662,1702236907,1702236931,24
frontier03663,1702236900,1702236924,24
frontier03664,1702236929,1702236982,53
frontier03665,1702237012,1702237025,13
frontier03666,1702236985,1702237023,38
frontier03667,1702236924,1702236965,41
frontier03668,1702236884,1702236893,9
frontier03669,1702236985,1702237023,38
frontier03670,1702236997,1702237025,28
frontier03671,1702236951,1702237010,59
frontier03672,1702236930,1702236987,57
frontier03673,1702236966,1702237021,55
frontier03674,1702236960,1702237013,53
frontier03675,1702236895,1702236911,16
frontier03676,1702236972,1702237020,48
frontier03677,1702236864,1702236886,22
frontier03678,1702236930,1702236987,57
frontier03679,1702236933,1702236992,59
frontier03680,1702236932,1702236991,59
frontier03681,1702236981,1702237022,41
frontier03682,1702236960,1702237021,61
frontier03683,1702236929,1702236987,58
frontier03684,1702236972,1702237021,49
frontier03685,1702236930,1702236987,57
frontier03686,1702236951,1702237010,59
frontier03687,1702236950,1702237010,60
frontier03688,1702237025,1702237027,2
frontier03716,1702237026,1702237028,2
frontier03719,1702236965,1702237020,55
frontier03722,1702236884,1702236892,8
frontier03723,1702236965,1702237021,56
frontier03724,1702236931,1702236989,58
frontier03725,1702236951,1702237010,59
frontier03726,1702237025,1702237028,3
frontier03729,1702236930,1702236987,57
frontier03730,1702236973,1702237021,48
frontier03731,1702236982,1702237022,40
frontier03732,1702236930,1702236986,56
frontier03733,1702236897,1702236926,29
frontier03734,1702236982,1702237022,40
frontier03735,1702236922,1702236969,47
frontier03736,1702236960,1702237021,61
frontier03737,1702236872,1702236891,19
frontier03738,1702237012,1702237025,13
frontier03739,1702236924,1702236972,48
frontier03740,1702236973,1702237021,48
frontier03741,1702236897,1702236924,27
frontier03742,1702236950,1702237010,60
frontier03743,1702236914,1702236961,47
frontier03744,1702236930,1702236987,57
frontier03745,1702237025,1702237027,2
frontier03746,1702236940,1702236992,52
frontier03747,1702236951,1702237010,59
frontier03748,1702236951,1702237010,59
frontier03749,1702236946,1702237021,75
frontier03750,1702236960,1702237021,61
frontier03751,1702236950,1702237010,60
frontier03752,1702236960,1702237020,60
frontier03753,1702236857,1702236864,7
frontier03754,1702236951,1702237010,59
frontier03755,1702236884,1702236893,9
frontier03756,1702236965,1702237021,56
frontier03781,1702236951,1702237010,59
frontier03782,1702237021,1702237026,5
frontier03783,1702236860,1702236864,4
frontier03784,1702236982,1702237022,40
frontier03785,1702236895,1702236911,16
frontier03789,1702236929,1702236982,53
frontier03790,1702236895,1702236922,27
frontier03791,1702237026,1702237028,2
frontier03792,1702236951,1702237010,59
frontier03793,1702236931,1702236987,56
frontier03794,1702236932,1702236989,57
frontier03795,1702236965,1702237021,56
frontier03796,1702236884,1702236893,9
frontier03797,1702236897,1702236926,29
frontier03798,1702236922,1702236963,41
frontier03800,1702236965,1702237020,55
frontier03801,1702236973,1702237021,48
frontier03802,1702236965,1702237022,57
frontier03803,1702236965,1702237021,56
frontier03804,1702236997,1702237025,28
frontier03805,1702236991,1702237023,32
frontier03806,1702236914,1702236965,51
frontier03807,1702236900,1702236925,25
frontier03808,1702237024,1702237027,3
frontier03809,1702236924,1702236972,48
frontier03810,1702236951,1702237010,59
frontier03811,1702237021,1702237026,5
frontier03812,1702236928,1702236983,55
frontier03813,1702237003,1702237024,21
frontier03814,1702236960,1702237010,50
frontier03815,1702237003,1702237024,21
frontier03816,1702236897,1702236927,30
frontier03817,1702236965,1702237021,56
frontier03842,1702236951,1702237014,63
frontier03848,1702236927,1702236987,60
frontier03851,1702236924,1702236966,42
frontier03854,1702237025,1702237027,2
frontier03855,1702236924,1702236965,41
frontier03856,1702237026,1702237028,2
frontier03857,1702236981,1702237022,41
frontier03858,1702236960,1702237020,60
frontier03859,1702236961,1702237021,60
frontier03860,1702236966,1702237020,54
frontier03861,1702236872,1702236891,19
frontier03862,1702236930,1702236987,57
frontier03863,1702236965,1702237021,56
frontier03864,1702236930,1702236983,53
frontier03865,1702236985,1702237023,38
frontier03866,1702236932,1702236988,56
frontier03867,1702236965,1702237020,55
frontier03868,1702236982,1702237022,40
frontier03869,1702236857,1702236860,3
frontier03870,1702236930,1702236987,57
frontier03871,1702236951,1702237010,59
frontier03872,1702236982,1702237022,40
frontier03873,1702237012,1702237025,13
frontier03874,1702236922,1702236969,47
frontier03875,1702236930,1702236987,57
frontier03876,1702236951,1702237021,70
frontier03877,1702236930,1702236987,57
frontier03878,1702236960,1702237021,61
frontier03879,1702237026,1702237028,2
frontier03880,1702236872,1702236890,18
frontier03881,1702236884,1702236892,8
frontier03882,1702236897,1702236926,29
frontier03883,1702237012,1702237025,13
frontier03884,1702236973,1702237021,48
frontier03891,1702236884,1702236893,9
frontier03913,1702236884,1702236892,8
frontier03914,1702236991,1702237024,33
frontier03918,1702236897,1702236924,27
frontier03919,1702236940,1702237007,67
frontier03920,1702236998,1702237024,26
frontier03921,1702236897,1702236926,29
frontier03922,1702236914,1702236965,51
frontier03923,1702236951,1702237010,59
frontier03924,1702236965,1702237021,56
frontier03925,1702236939,1702236994,55
frontier03926,1702236965,1702237021,56
frontier03927,1702236951,1702237010,59
frontier03928,1702236897,1702236925,28
frontier03929,1702236930,1702236987,57
frontier03931,1702237026,1702237028,2
frontier03932,1702237004,1702237024,20
frontier03933,1702237025,1702237028,3
frontier03934,1702236895,1702236920,25
frontier03935,1702236965,1702237020,55
frontier03936,1702236965,1702237021,56
frontier03937,1702236982,1702237021,39
frontier03938,1702236860,1702236865,5
frontier03939,1702236947,1702237022,75
frontier03940,1702236928,1702236985,57
frontier03941,1702236939,1702236993,54
frontier03942,1702237025,1702237028,3
frontier03943,1702236929,1702236983,54
frontier03944,1702236918,1702236961,43
frontier03945,1702236960,1702237021,61
frontier03946,1702236928,1702236984,56
frontier03947,1702236851,1702236860,9
frontier03948,1702236973,1702237024,51
frontier03949,1702236965,1702237021,56
frontier03971,1702236965,1702237020,55
frontier03972,1702236982,1702237022,40
frontier03973,1702236973,1702237022,49
frontier03977,1702236950,1702237010,60
frontier03980,1702237004,1702237025,21
frontier03982,1702236982,1702237022,40
frontier03983,1702237004,1702237025,21
frontier03985,1702236957,1702237010,53
frontier03986,1702236973,1702237022,49
frontier03987,1702236924,1702236972,48
frontier03988,1702236895,1702236910,15
frontier03989,1702236919,1702236960,41
frontier03990,1702236982,1702237021,39
frontier03991,1702236932,1702236988,56
frontier03992,1702237027,1702237029,2
frontier03993,1702236965,1702237021,56
frontier03994,1702236928,1702236985,57
frontier03995,1702236981,1702237022,41
frontier03996,1702236929,1702236973,44
frontier03997,1702236929,1702236985,56
frontier03998,1702236943,1702237020,77
frontier03999,1702236928,1702236984,56
frontier04000,1702236951,1702237010,59
frontier04001,1702236928,1702236985,57
frontier04002,1702236982,1702237022,40
frontier04003,1702236884,1702236897,13
frontier04004,1702236951,1702237010,59
frontier04005,1702237025,1702237027,2
frontier04006,1702236932,1702236988,56
frontier04007,1702236884,1702236893,9
frontier04008,1702236884,1702236897,13
frontier04009,1702237025,1702237028,3
frontier04010,1702236938,1702236989,51
frontier04011,1702236923,1702236972,49
frontier04012,1702236911,1702236947,36
frontier04013,1702236884,1702236892,8
frontier04014,1702236895,1702236911,16
frontier04022,1702236929,1702236983,54
frontier04030,1702236930,1702236986,56
frontier04031,1702236950,1702237010,60
frontier04036,1702236931,1702236987,56
frontier04044,1702236857,1702236864,7
frontier04045,1702237025,1702237028,3
frontier04046,1702236930,1702236987,57
frontier04047,1702236931,1702236988,57
frontier04048,1702236965,1702237021,56
frontier04049,1702236930,1702236983,53
frontier04050,1702236930,1702236986,56
frontier04051,1702236973,1702237021,48
frontier04054,1702236930,1702236986,56
frontier04056,1702236951,1702237010,59
frontier04057,1702236966,1702237021,55
frontier04058,1702236982,1702237021,39
frontier04059,1702236973,1702237021,48
frontier04060,1702236872,1702236891,19
frontier04061,1702236965,1702237021,56
frontier04062,1702236951,1702237010,59
frontier04063,1702237026,1702237028,2
frontier04064,1702236895,1702236911,16
frontier04065,1702237014,1702237026,12
frontier04066,1702236928,1702236984,56
frontier04068,1702236973,1702237021,48
frontier04069,1702236929,1702236982,53
frontier04070,1702236951,1702237010,59
frontier04071,1702236872,1702236891,19
frontier04072,1702236930,1702236988,58
frontier04073,1702236922,1702236966,44
frontier04074,1702236897,1702236924,27
frontier04099,1702237013,1702237026,13
frontier04101,1702236918,1702236969,51
frontier04106,1702237026,1702237028,2
frontier04109,1702236909,1702236931,22
frontier04110,1702236888,1702236895,7
frontier04111,1702237025,1702237027,2
frontier04112,1702237013,1702237026,13
frontier04113,1702236907,1702236930,23
frontier04114,1702236997,1702237024,27
frontier04115,1702236965,1702237020,55
frontier04116,1702236931,1702236987,56
frontier04117,1702236982,1702237022,40
frontier04118,1702236973,1702237021,48
frontier04119,1702237026,1702237028,2
frontier04120,1702237021,1702237026,5
frontier04121,1702236897,1702236926,29
frontier04122,1702236982,1702237021,39
frontier04123,1702236891,1702236897,6
frontier04124,1702237003,1702237024,21
frontier04125,1702236972,1702237021,49
frontier04126,1702237013,1702237026,13
frontier04127,1702236931,1702236989,58
frontier04128,1702236931,1702236988,57
frontier04131,1702236982,1702237022,40
frontier04132,1702236973,1702237021,48
frontier04133,1702236897,1702236926,29
frontier04134,1702236973,1702237020,47
frontier04135,1702236947,1702237021,74
frontier04136,1702236884,1702236892,8
frontier04137,1702236960,1702237014,54
frontier04146,1702237025,1702237027,2
frontier04151,1702236951,1702237010,59
frontier04159,1702236982,1702237022,40
frontier04162,1702236943,1702237021,78
frontier04163,1702236900,1702236924,24
frontier04164,1702236967,1702237021,54
frontier04165,1702236923,1702236972,49
frontier04166,1702236981,1702237022,41
frontier04167,1702236982,1702237021,39
frontier04172,1702236872,1702236890,18
frontier04176,1702236973,1702237020,47
frontier04178,1702236982,1702237022,40
frontier04179,1702236950,1702237010,60
frontier04180,1702236931,1702236987,56
frontier04181,1702236982,1702237022,40
frontier04182,1702236972,1702237021,49
frontier04183,1702236932,1702236988,56
frontier04184,1702236890,1702236923,33
frontier04185,1702236931,1702236989,58
frontier04186,1702236924,1702236967,43
frontier04187,1702236897,1702236926,29
frontier04188,1702236976,1702237021,45
frontier04189,1702236928,1702236982,54
frontier04190,1702236991,1702237023,32
frontier04191,1702236895,1702236921,26
frontier04192,1702236951,1702237020,69
frontier04193,1702236973,1702237020,47
frontier04194,1702237013,1702237025,12
frontier04195,1702236982,1702237021,39
frontier04196,1702237013,1702237026,13
frontier04197,1702236951,1702237010,59
frontier04198,1702236973,1702237021,48
frontier04199,1702236884,1702236893,9
frontier04200,1702236950,1702237010,60
frontier04201,1702236940,1702236992,52
frontier04202,1702236951,1702237010,59
frontier04203,1702237025,1702237027,2
frontier04204,1702236951,1702237010,59
frontier04232,1702237013,1702237025,12
frontier04233,1702236951,1702237010,59
frontier04236,1702236924,1702236967,43
frontier04237,1702237026,1702237028,2
frontier04238,1702237013,1702237026,13
frontier04239,1702236965,1702237021,56
frontier04240,1702236930,1702236984,54
frontier04241,1702236929,1702236982,53
frontier04242,1702236884,1702236892,8
frontier04243,1702237004,1702237025,21
frontier04244,1702237004,1702237025,21
frontier04245,1702236891,1702236897,6
frontier04246,1702236884,1702236892,8
frontier04247,1702236965,1702237020,55
frontier04248,1702236982,1702237021,39
frontier04249,1702236895,1702236911,16
frontier04250,1702236901,1702236926,25
frontier04251,1702236884,1702236892,8
frontier04252,1702236895,1702236911,16
frontier04253,1702236951,1702237010,59
frontier04254,1702236864,1702236878,14
frontier04255,1702237025,1702237028,3
frontier04256,1702236965,1702237020,55
frontier04257,1702236870,1702236887,17
frontier04258,1702236951,1702237010,59
frontier04259,1702236950,1702237010,60
frontier04260,1702236981,1702237022,41
frontier04261,1702236950,1702237010,60
frontier04264,1702236930,1702236987,57
frontier04269,1702236872,1702236891,19
frontier04285,1702236929,1702236982,53
frontier04286,1702236960,1702237020,60
frontier04287,1702236982,1702237020,38
frontier04292,1702236951,1702237010,59
frontier04293,1702236951,1702237010,59
frontier04294,1702236907,1702236940,33
frontier04295,1702237004,1702237025,21
frontier04296,1702236924,1702236961,37
frontier04297,1702237013,1702237026,13
frontier04298,1702237027,1702237029,2
frontier04299,1702236988,1702237023,35
frontier04300,1702237026,1702237028,2
frontier04301,1702236951,1702237010,59
frontier04302,1702236973,1702237021,48
frontier04308,1702236914,1702236965,51
frontier04309,1702236884,1702236892,8
frontier04310,1702236929,1702236982,53
frontier04311,1702237013,1702237026,13
frontier04312,1702236897,1702236925,28
frontier04313,1702236930,1702236987,57
frontier04314,1702236929,1702236973,44
frontier04315,1702236950,1702237010,60
frontier04316,1702237012,1702237025,13
frontier04317,1702236960,1702237020,60
frontier04318,1702236900,1702236927,27
frontier04319,1702236965,1702237021,56
frontier04320,1702236982,1702237021,39
frontier04322,1702236965,1702237021,56
frontier04323,1702236943,1702237021,78
frontier04324,1702236884,1702236892,8
frontier04325,1702236884,1702236897,13
frontier04326,1702236929,1702236981,52
frontier04327,1702236982,1702237021,39
frontier04328,1702236982,1702237022,40
frontier04329,1702236981,1702237022,41
frontier04330,1702236982,1702237021,39
frontier04331,1702236966,1702237022,56
frontier04332,1702236884,1702236893,9
frontier04355,1702236997,1702237025,28
frontier04361,1702236965,1702237021,56
frontier04362,1702236913,1702236950,37
frontier04365,1702237026,1702237028,2
frontier04366,1702236988,1702237023,35
frontier04367,1702236951,1702237010,59
frontier04368,1702236912,1702236947,35
frontier04369,1702236926,1702236982,56
frontier04370,1702236982,1702237021,39
frontier04371,1702236929,1702236987,58
frontier04372,1702236872,1702236888,16
frontier04373,1702236982,1702237021,39
frontier04374,1702236951,1702237010,59
frontier04375,1702236982,1702237022,40
frontier04376,1702236858,1702236864,6
frontier04378,1702236872,1702236891,19
frontier04379,1702236897,1702236926,29
frontier04380,1702236976,1702237021,45
frontier04381,1702236931,1702236987,56
frontier04382,1702236914,1702236970,56
frontier04383,1702236981,1702237022,41
frontier04384,1702236973,1702237021,48
frontier04385,1702236960,1702237010,50
frontier04386,1702236932,1702236991,59
frontier04387,1702236972,1702237021,49
frontier04388,1702237013,1702237026,13
frontier04389,1702236929,1702236985,56
frontier04390,1702236972,1702237020,48
frontier04391,1702236930,1702236987,57
frontier04392,1702236965,1702237020,55
frontier04395,1702236919,1702236965,46
frontier04396,1702236950,1702237010,60
frontier04398,1702237025,1702237027,2
frontier04418,1702236951,1702237010,59
frontier04419,1702236982,1702237022,40
frontier04420,1702236930,1702236987,57
frontier04424,1702236982,1702237021,39
frontier04425,1702236872,1702236890,18
frontier04426,1702237026,1702237028,2
frontier04427,1702236988,1702237023,35
frontier04428,1702237019,1702237026,7
frontier04429,1702237005,1702237025,20
frontier04430,1702236993,1702237024,31
frontier04436,1702236973,1702237022,49
frontier04437,1702236929,1702236983,54
frontier04438,1702236981,1702237022,41
frontier04439,1702236981,1702237022,41
frontier04440,1702236884,1702236892,8
frontier04441,1702236930,1702236987,57
frontier04442,1702236965,1702237021,56
frontier04443,1702237013,1702237026,13
frontier04444,1702236972,1702237020,48
frontier04445,1702237013,1702237025,12
frontier04446,1702236932,1702236988,56
frontier04447,1702236884,1702236892,8
frontier04448,1702236973,1702237022,49
frontier04449,1702236930,1702236986,56
frontier04450,1702236931,1702236987,56
frontier04451,1702236984,1702237022,38
frontier04452,1702236967,1702237021,54
frontier04453,1702237027,1702237029,2
frontier04454,1702236884,1702236893,9
frontier04455,1702237003,1702237025,22
frontier04456,1702236997,1702237024,27
frontier04457,1702236982,1702237021,39
frontier04458,1702236997,1702237024,27
frontier04459,1702236965,1702237020,55
frontier04460,1702236982,1702237022,40
frontier04486,1702236988,1702237023,35
frontier04489,1702236991,1702237024,33
frontier04491,1702236965,1702237020,55
frontier04492,1702236900,1702236924,24
frontier04493,1702236982,1702237022,40
frontier04494,1702237003,1702237025,22
frontier04496,1702236928,1702236985,57
frontier04497,1702236960,1702237010,50
frontier04498,1702236951,1702237010,59
frontier04499,1702236932,1702236988,56
frontier04500,1702236982,1702237021,39
frontier04501,1702236950,1702237010,60
frontier04502,1702236982,1702237021,39
frontier04503,1702236981,1702237022,41
frontier04504,1702237013,1702237025,12
frontier04505,1702236965,1702237021,56
frontier04506,1702236922,1702236972,50
frontier04507,1702236991,1702237024,33
frontier04508,1702236872,1702236887,15
frontier04509,1702237026,1702237028,2
frontier04510,1702236982,1702237020,38
frontier04511,1702236929,1702236982,53
frontier04512,1702236931,1702236987,56
frontier04513,1702236884,1702236895,11
frontier04514,1702236951,1702237010,59
frontier04515,1702236951,1702237010,59
frontier04536,1702236882,1702236892,10
frontier04539,1702236897,1702236923,26
frontier04540,1702236897,1702236924,27
frontier04541,1702236930,1702236987,57
frontier04542,1702236965,1702237022,57
frontier04546,1702236900,1702236920,20
frontier04547,1702236930,1702236987,57
frontier04548,1702236897,1702236924,27
frontier04549,1702236882,1702236892,10
frontier04550,1702236972,1702237020,48
frontier04551,1702236972,1702237020,48
frontier04552,1702236877,1702236892,15
frontier04553,1702236884,1702236893,9
frontier04554,1702236965,1702237021,56
frontier04555,1702236930,1702236987,57
frontier04556,1702236950,1702237010,60
frontier04557,1702236965,1702237020,55
frontier04563,1702236965,1702237020,55
frontier04564,1702236965,1702237021,56
frontier04565,1702236965,1702237021,56
frontier04566,1702236982,1702237022,40
frontier04567,1702236930,1702236986,56
frontier04568,1702236981,1702237021,40
frontier04569,1702236965,1702237020,55
frontier04570,1702236933,1702236988,55
frontier04571,1702237003,1702237024,21
frontier04572,1702237004,1702237025,21
frontier04573,1702236972,1702237021,49
frontier04574,1702236982,1702237022,40
frontier04575,1702236961,1702237010,49
frontier04576,1702236928,1702236983,55
frontier04577,1702237025,1702237028,3
frontier04578,1702236965,1702237021,56
frontier04579,1702236928,1702236984,56
frontier04580,1702236951,1702237010,59
frontier04581,1702236965,1702237020,55
frontier04582,1702236980,1702237021,41
frontier04583,1702236967,1702237021,54
frontier04585,1702236973,1702237021,48
frontier04586,1702236930,1702236988,58
frontier04587,1702237025,1702237028,3
frontier04588,1702236951,1702237010,59
frontier04616,1702237003,1702237024,21
frontier04617,1702237013,1702237025,12
frontier04618,1702237027,1702237029,2
frontier04619,1702237013,1702237026,13
frontier04620,1702237020,1702237026,6
frontier04621,1702237003,1702237025,22
frontier04622,1702236984,1702237023,39
frontier04623,1702236924,1702236966,42
frontier04624,1702236928,1702236973,45
frontier04625,1702236972,1702237021,49
frontier04626,1702236930,1702236987,57
frontier04627,1702236924,1702236965,41
frontier04628,1702237026,1702237028,2
frontier04629,1702236888,1702236895,7
frontier04630,1702236907,1702236929,22
frontier04631,1702237003,1702237025,22
frontier04632,1702236951,1702237010,59
frontier04633,1702237004,1702237025,21
frontier04634,1702236985,1702237023,38
frontier04635,1702236960,1702237010,50
frontier04636,1702236965,1702237020,55
frontier04637,1702236965,1702237021,56
frontier04638,1702237026,1702237028,2
frontier04639,1702236932,1702236989,57
frontier04640,1702236966,1702237022,56
frontier04641,1702236930,1702236986,56
frontier04642,1702236982,1702237022,40
frontier04643,1702236973,1702237022,49
frontier04644,1702236931,1702236989,58
frontier04645,1702236951,1702237010,59
frontier04646,1702236937,1702236992,55
frontier04670,1702237013,1702237025,12
frontier04671,1702236900,1702236925,25
frontier04674,1702236961,1702237021,60
frontier04676,1702236951,1702237010,59
frontier04677,1702236884,1702236892,8
frontier04678,1702236982,1702237021,39
frontier04679,1702237026,1702237028,2
frontier04681,1702236965,1702237020,55
frontier04682,1702236929,1702236985,56
frontier04683,1702237025,1702237027,2
frontier04684,1702236951,1702237010,59
frontier04685,1702237026,1702237028,2
frontier04691,1702236973,1702237021,48
frontier04692,1702236984,1702237023,39
frontier04693,1702236960,1702237014,54
frontier04694,1702236951,1702237010,59
frontier04695,1702236950,1702237010,60
frontier04696,1702236982,1702237022,40
frontier04697,1702237025,1702237028,3
frontier04698,1702236951,1702237010,59
frontier04699,1702236897,1702236926,29
frontier04700,1702236930,1702236986,56
frontier04701,1702236965,1702237020,55
frontier04702,1702236930,1702236986,56
frontier04703,1702236870,1702236889,19
frontier04704,1702236965,1702237021,56
frontier04705,1702237013,1702237025,12
frontier04706,1702236930,1702236986,56
frontier04707,1702236950,1702237010,60
frontier04708,1702237026,1702237028,2
frontier04709,1702236930,1702236987,57
frontier04710,1702236982,1702237022,40
frontier04711,1702236982,1702237022,40
frontier04712,1702236858,1702236864,6
frontier04713,1702236965,1702237020,55
frontier04714,1702236931,1702236987,56
frontier04715,1702236943,1702237021,78
frontier04741,1702236906,1702236931,25
frontier04745,1702236982,1702237022,40
frontier04746,1702236981,1702237021,40
frontier04747,1702237013,1702237025,12
frontier04748,1702236924,1702236972,48
frontier04749,1702236982,1702237021,39
frontier04750,1702236984,1702237022,38
frontier04751,1702237003,1702237025,22
frontier04752,1702236895,1702236911,16
frontier04753,1702236931,1702236987,56
frontier04754,1702236982,1702237022,40
frontier04755,1702236961,1702237010,49
frontier04756,1702236951,1702237014,63
frontier04757,1702236895,1702236911,16
frontier04758,1702236929,1702236984,55
frontier04761,1702237013,1702237025,12
frontier04762,1702236960,1702237021,61
frontier04763,1702236930,1702236987,57
frontier04764,1702237025,1702237028,3
frontier04765,1702236981,1702237022,41
frontier04766,1702236897,1702236926,29
frontier04767,1702236951,1702237010,59
frontier04768,1702236973,1702237021,48
frontier04769,1702236960,1702237010,50
frontier04770,1702236951,1702237012,61
frontier04771,1702236897,1702236927,30
frontier04772,1702236960,1702237020,60
frontier04773,1702236931,1702236987,56
frontier04774,1702236932,1702236989,57
frontier04775,1702237026,1702237028,2
frontier04784,1702236872,1702236891,19
frontier04801,1702236951,1702237010,59
frontier04802,1702236951,1702237010,59
frontier04806,1702236924,1702236972,48
frontier04807,1702236982,1702237021,39
frontier04808,1702236900,1702236919,19
frontier04809,1702237026,1702237028,2
frontier04810,1702236951,1702237014,63
frontier04811,1702236965,1702237021,56
frontier04812,1702236960,1702237020,60
frontier04813,1702236884,1702236892,8
frontier04814,1702236884,1702236892,8
frontier04815,1702236982,1702237021,39
frontier04816,1702236982,1702237022,40
frontier04822,1702236924,1702236972,48
frontier04823,1702237013,1702237026,13
frontier04824,1702236913,1702236950,37
frontier04825,1702236906,1702236929,23
frontier04826,1702236991,1702237023,32
frontier04828,1702236906,1702236929,23
frontier04829,1702237020,1702237026,6
frontier04830,1702236983,1702237022,39
frontier04831,1702236997,1702237024,27
frontier04832,1702236993,1702237024,31
frontier04833,1702236847,1702236860,13
frontier04834,1702236991,1702237024,33
frontier04835,1702236924,1702236966,42
frontier04836,1702236924,1702236965,41
frontier04837,1702237003,1702237024,21
frontier04838,1702236965,1702237022,57
frontier04839,1702236870,1702236887,17
frontier04840,1702236941,1702237010,69
frontier04841,1702236982,1702237021,39
frontier04842,1702237013,1702237026,13
frontier04843,1702236931,1702236987,56
frontier04844,1702236927,1702236982,55
frontier04845,1702236930,1702236987,57
frontier04846,1702236951,1702237010,59
frontier04866,1702237026,1702237028,2
frontier04873,1702236997,1702237024,27
frontier04874,1702237003,1702237025,22
frontier04875,1702237003,1702237025,22
frontier04876,1702236993,1702237024,31
frontier04877,1702236924,1702236972,48
frontier04878,1702237004,1702237025,21
frontier04879,1702236909,1702236931,22
frontier04880,1702236930,1702236985,55
frontier04881,1702236895,1702236911,16
frontier04882,1702237003,1702237024,21
frontier04883,1702236983,1702237022,39
frontier04884,1702236924,1702236972,48
frontier04885,1702236997,1702237024,27
frontier04886,1702237013,1702237026,13
frontier04887,1702237003,1702237025,22
frontier04888,1702236897,1702236926,29
frontier04889,1702236991,1702237024,33
frontier04890,1702237012,1702237025,13
frontier04891,1702236895,1702236920,25
frontier04892,1702236926,1702236972,46
frontier04893,1702236982,1702237021,39
frontier04894,1702236895,1702236920,25
frontier04895,1702236982,1702237021,39
frontier04896,1702236864,1702236874,10
frontier04897,1702236882,1702236892,10
frontier04898,1702236960,1702237020,60
frontier04899,1702236966,1702237021,55
frontier04900,1702236982,1702237021,39
frontier04901,1702237012,1702237026,14
frontier04907,1702236931,1702236987,56
frontier04926,1702236960,1702237020,60
frontier04927,1702236982,1702237021,39
frontier04931,1702236884,1702236892,8
frontier04932,1702236973,1702237021,48
frontier04933,1702236960,1702237010,50
frontier04934,1702236872,1702236888,16
frontier04935,1702236900,1702236911,11
frontier04936,1702236929,1702236982,53
frontier04937,1702236982,1702237022,40
frontier04938,1702236981,1702237022,41
frontier04939,1702236907,1702236930,23
frontier04940,1702236951,1702237010,59
frontier04941,1702236972,1702237021,49
frontier04942,1702236897,1702236926,29
frontier04943,1702236897,1702236924,27
frontier04944,1702236972,1702237020,48
frontier04945,1702237027,1702237029,2
frontier04946,1702237003,1702237025,22
frontier04952,1702236930,1702236987,57
frontier04953,1702236930,1702236987,57
frontier04954,1702236930,1702236987,57
frontier04955,1702236930,1702236987,57
frontier04956,1702236930,1702236985,55
frontier04957,1702236930,1702236986,56
frontier04958,1702236983,1702237022,39
frontier04959,1702236950,1702237010,60
frontier04960,1702236857,1702236860,3
frontier04961,1702236931,1702236987,56
frontier04962,1702236884,1702236895,11
frontier04963,1702236930,1702236987,57
frontier04964,1702236897,1702236923,26
frontier04965,1702236901,1702236927,26
frontier04966,1702237025,1702237028,3
frontier04967,1702236895,1702236924,29
frontier04968,1702236922,1702236966,44
frontier04969,1702236965,1702237021,56
frontier04970,1702236951,1702237010,59
frontier04996,1702236985,1702237023,38
frontier04999,1702236972,1702237021,49
frontier05002,1702236928,1702236982,54
frontier05003,1702236872,1702236889,17
frontier05004,1702236932,1702236988,56
frontier05005,1702236872,1702236885,13
frontier05006,1702236973,1702237021,48
frontier05007,1702236884,1702236897,13
frontier05008,1702236897,1702236926,29
frontier05010,1702236951,1702237010,59
frontier05011,1702236951,1702237010,59
frontier05013,1702236884,1702236893,9
frontier05014,1702236884,1702236892,8
frontier05015,1702236897,1702236923,26
frontier05016,1702236928,1702236973,45
frontier05017,1702236857,1702236861,4
frontier05018,1702236973,1702237021,48
frontier05019,1702236930,1702236987,57
frontier05020,1702236930,1702236983,53
frontier05021,1702236982,1702237022,40
frontier05022,1702236985,1702237023,38
frontier05023,1702236930,1702236986,56
frontier05024,1702236982,1702237022,40
frontier05025,1702236951,1702237020,69
frontier05026,1702236922,1702236965,43
frontier05027,1702236931,1702236987,56
frontier05028,1702236932,1702236988,56
frontier05029,1702237025,1702237028,3
frontier05030,1702236965,1702237021,56
frontier05031,1702236982,1702237022,40
frontier05032,1702236897,1702236926,29
frontier05033,1702236982,1702237022,40
frontier05034,1702236965,1702237020,55
frontier05040,1702236895,1702236919,24
frontier05059,1702236982,1702237022,40
frontier05060,1702237013,1702237025,12
frontier05061,1702236897,1702236925,28
frontier05063,1702236983,1702237022,39
frontier05064,1702236997,1702237024,27
frontier05065,1702237004,1702237025,21
frontier05066,1702236884,1702236895,11
frontier05069,1702236930,1702236983,53
frontier05070,1702236897,1702236924,27
frontier05071,1702236951,1702237010,59
frontier05077,1702237026,1702237028,2
frontier05079,1702236973,1702237021,48
frontier05080,1702236965,1702237021,56
frontier05081,1702236965,1702237022,57
frontier05082,1702236950,1702237010,60
frontier05083,1702236929,1702236986,57
frontier05084,1702236951,1702237010,59
frontier05085,1702236931,1702236988,57
frontier05086,1702236926,1702236972,46
frontier05087,1702236985,1702237023,38
frontier05088,1702236960,1702237021,61
frontier05089,1702236897,1702236926,29
frontier05090,1702236986,1702237024,38
frontier05091,1702236884,1702236892,8
frontier05092,1702236951,1702237010,59
frontier05093,1702236914,1702236970,56
frontier05094,1702236945,1702237020,75
frontier05095,1702236951,1702237010,59
frontier05096,1702236951,1702237010,59
frontier05097,1702236997,1702237024,27
frontier05098,1702236960,1702237021,61
frontier05099,1702236950,1702237010,60
frontier05100,1702236930,1702236987,57
frontier05101,1702236972,1702237021,49
frontier05122,1702236997,1702237025,28
frontier05129,1702236982,1702237021,39
frontier05130,1702236972,1702237020,48
frontier05131,1702236972,1702237021,49
frontier05132,1702236897,1702236925,28
frontier05133,1702236951,1702237010,59
frontier05134,1702236973,1702237022,49
frontier05135,1702236882,1702236892,10
frontier05136,1702236985,1702237023,38
frontier05137,1702237026,1702237028,2
frontier05138,1702236884,1702236893,9
frontier05139,1702236965,1702237021,56
frontier05140,1702236872,1702236891,19
frontier05141,1702236930,1702236986,56
frontier05142,1702236884,1702236892,8
frontier05143,1702236884,1702236893,9
frontier05144,1702236895,1702236912,17
frontier05145,1702236897,1702236925,28
frontier05146,1702236960,1702237021,61
frontier05147,1702237004,1702237025,21
frontier05148,1702236972,1702237020,48
frontier05149,1702236897,1702236924,27
frontier05150,1702236951,1702237010,59
frontier05151,1702236932,1702236988,56
frontier05152,1702237026,1702237028,2
frontier05153,1702236928,1702236984,56
frontier05154,1702236981,1702237022,41
frontier05155,1702236869,1702236885,16
frontier05176,1702237026,1702237028,2
frontier05177,1702236946,1702237021,75
frontier05181,1702236972,1702237020,48
frontier05182,1702236930,1702236986,56
frontier05184,1702236860,1702236864,4
frontier05185,1702236901,1702236926,25
frontier05186,1702236930,1702236986,56
frontier05189,1702236951,1702237010,59
frontier05190,1702236982,1702237022,40
frontier05191,1702237013,1702237026,13
frontier05192,1702236972,1702237021,49
frontier05193,1702237003,1702237024,21
frontier05194,1702237013,1702237025,12
frontier05195,1702236930,1702236987,57
frontier05196,1702236973,1702237021,48
frontier05198,1702236918,1702236965,47
frontier05204,1702236930,1702236986,56
frontier05206,1702236982,1702237022,40
frontier05207,1702236951,1702237010,59
frontier05208,1702236889,1702236895,6
frontier05209,1702236960,1702237022,62
frontier05210,1702236997,1702237025,28
frontier05211,1702236951,1702237010,59
frontier05213,1702236884,1702236893,9
frontier05214,1702236914,1702236969,55
frontier05215,1702237013,1702237025,12
frontier05216,1702236966,1702237021,55
frontier05217,1702236870,1702236886,16
frontier05218,1702236982,1702237021,39
frontier05219,1702236972,1702237020,48
frontier05220,1702236932,1702236988,56
frontier05222,1702236973,1702237021,48
frontier05223,1702236930,1702236987,57
frontier05224,1702236930,1702236988,58
frontier05225,1702236951,1702237010,59
frontier05226,1702236897,1702236926,29
frontier05227,1702236965,1702237020,55
frontier05228,1702236951,1702237010,59
frontier05229,1702237025,1702237027,2
frontier05230,1702236983,1702237022,39
frontier05256,1702236982,1702237022,40
frontier05257,1702236924,1702236963,39
frontier05258,1702236928,1702236983,55
frontier05259,1702237025,1702237028,3
frontier05260,1702236912,1702236947,35
frontier05261,1702237013,1702237025,12
frontier05262,1702236932,1702236988,56
frontier05263,1702236951,1702237010,59
frontier05264,1702236932,1702236988,56
frontier05265,1702236872,1702236888,16
frontier05266,1702236931,1702236988,57
frontier05267,1702236982,1702237021,39
frontier05269,1702236929,1702236984,55
frontier05270,1702236897,1702236925,28
frontier05271,1702236951,1702237010,59
frontier05272,1702236950,1702237010,60
frontier05273,1702236965,1702237022,57
frontier05274,1702236960,1702237020,60
frontier05275,1702236950,1702237010,60
frontier05276,1702236951,1702237010,59
frontier05277,1702236960,1702237021,61
frontier05278,1702236951,1702237010,59
frontier05279,1702236930,1702236987,57
frontier05280,1702236895,1702236911,16
frontier05281,1702236931,1702236989,58
frontier05282,1702236982,1702237022,40
frontier05283,1702236930,1702236987,57
frontier05293,1702236884,1702236893,9
frontier05301,1702236982,1702237021,39
frontier05309,1702236930,1702236987,57
frontier05310,1702236884,1702236892,8
frontier05311,1702236895,1702236922,27
frontier05312,1702236981,1702237021,40
frontier05313,1702236965,1702237021,56
frontier05314,1702236930,1702236987,57
frontier05315,1702236973,1702237022,49
frontier05317,1702237013,1702237025,12
frontier05318,1702236997,1702237024,27
frontier05319,1702236998,1702237024,26
frontier05320,1702237013,1702237025,12
frontier05321,1702236991,1702237024,33
frontier05322,1702237014,1702237026,12
frontier05323,1702237004,1702237026,22
frontier05324,1702236924,1702236972,48
frontier05327,1702236957,1702237010,53
frontier05328,1702236931,1702236987,56
frontier05329,1702236982,1702237021,39
frontier05330,1702236965,1702237021,56
frontier05331,1702236973,1702237021,48
frontier05334,1702236973,1702237021,48
frontier05335,1702236951,1702237010,59
frontier05336,1702236951,1702237010,59
frontier05340,1702236960,1702237020,60
frontier05342,1702236960,1702237010,50
frontier05343,1702236960,1702237021,61
frontier05344,1702237013,1702237026,13
frontier05346,1702236930,1702236987,57
frontier05348,1702236897,1702236926,29
frontier05349,1702236982,1702237022,40
frontier05350,1702236965,1702237021,56
frontier05351,1702236951,1702237014,63
frontier05352,1702236951,1702237010,59
frontier05353,1702236897,1702236925,28
frontier05354,1702236897,1702236924,27
frontier05355,1702236895,1702236911,16
frontier05356,1702236924,1702236966,42
frontier05357,1702237003,1702237025,22
frontier05358,1702236983,1702237022,39
frontier05381,1702236982,1702237022,40
frontier05385,1702236929,1702236983,54
frontier05386,1702236906,1702236930,24
frontier05387,1702237025,1702237028,3
frontier05388,1702236965,1702237021,56
frontier05389,1702236982,1702237022,40
frontier05390,1702236870,1702236885,15
frontier05391,1702236973,1702237021,48
frontier05392,1702236982,1702237021,39
frontier05393,1702236897,1702236926,29
frontier05394,1702236864,1702236866,2
frontier05395,1702237012,1702237025,13
frontier05396,1702236965,1702237020,55
frontier05397,1702236912,1702236941,29
frontier05398,1702236883,1702236892,9
frontier05399,1702236951,1702237010,59
frontier05400,1702236973,1702237022,49
frontier05401,1702236965,1702237021,56
frontier05408,1702236930,1702236987,57
frontier05411,1702236951,1702237014,63
frontier05412,1702236960,1702237021,61
frontier05437,1702236973,1702237021,48
frontier05438,1702236972,1702237020,48
frontier05439,1702236965,1702237020,55
frontier05440,1702236897,1702236924,27
frontier05441,1702236951,1702237010,59
frontier05442,1702236972,1702237020,48
frontier05443,1702236983,1702237022,39
frontier05445,1702237004,1702237025,21
frontier05447,1702236967,1702237021,54
frontier05448,1702236972,1702237021,49
frontier05449,1702236983,1702237022,39
frontier05450,1702236973,1702237020,47
frontier05451,1702236858,1702236864,6
frontier05453,1702236997,1702237024,27
frontier05454,1702236924,1702236966,42
frontier05455,1702236924,1702236972,48
frontier05456,1702236982,1702237022,40
frontier05458,1702237013,1702237026,13
frontier05459,1702236997,1702237024,27
frontier05460,1702237004,1702237025,21
frontier05461,1702237003,1702237025,22
frontier05462,1702236892,1702236894,2
frontier05463,1702236872,1702236890,18
frontier05464,1702236872,1702236888,16
frontier05465,1702236930,1702236986,56
frontier05466,1702236884,1702236895,11
frontier05468,1702236982,1702237022,40
frontier05469,1702236982,1702237022,40
frontier05470,1702236940,1702236996,56
frontier05471,1702236884,1702236893,9
frontier05472,1702236895,1702236923,28
frontier05473,1702236985,1702237023,38
frontier05474,1702236951,1702237010,59
frontier05475,1702237025,1702237028,3
frontier05476,1702236884,1702236892,8
frontier05478,1702236950,1702237010,60
frontier05479,1702236922,1702236969,47
frontier05480,1702236930,1702236984,54
frontier05481,1702236982,1702237022,40
frontier05482,1702236930,1702236986,56
frontier05483,1702236930,1702236986,56
frontier05484,1702236884,1702236895,11
frontier05485,1702236960,1702237020,60
frontier05486,1702236857,1702236861,4
frontier05488,1702236982,1702237022,40
frontier05489,1702236897,1702236925,28
frontier05490,1702236965,1702237020,55
frontier05512,1702236851,1702236863,12
frontier05513,1702237012,1702237026,14
frontier05514,1702236897,1702236924,27
frontier05515,1702236982,1702237022,40
frontier05516,1702236929,1702236982,53
frontier05517,1702236960,1702237020,60
frontier05518,1702236982,1702237021,39
frontier05519,1702237026,1702237028,2
frontier05521,1702236982,1702237021,39
frontier05522,1702236951,1702237010,59
frontier05532,1702236901,1702236924,23
frontier05533,1702236973,1702237021,48
frontier05535,1702236972,1702237021,49
frontier05538,1702236951,1702237010,59
frontier05540,1702236973,1702237020,47
frontier05541,1702236965,1702237020,55
frontier05542,1702236967,1702237021,54
frontier05549,1702236973,1702237020,47
frontier05550,1702236982,1702237021,39
frontier05555,1702236985,1702237023,38
frontier05567,1702236965,1702237021,56
frontier05571,1702236981,1702237022,41
frontier05572,1702236982,1702237022,40
frontier05574,1702236909,1702236932,23
frontier05575,1702236997,1702237024,27
frontier05576,1702236925,1702236966,41
frontier05577,1702237013,1702237025,12
frontier05578,1702237013,1702237026,13
frontier05579,1702236991,1702237024,33
frontier05580,1702236983,1702237023,40
frontier05581,1702237003,1702237024,21
frontier05582,1702236983,1702237022,39
frontier05583,1702236929,1702236986,57
frontier05584,1702236927,1702236983,56
frontier05585,1702236928,1702236983,55
frontier05587,1702236982,1702237021,39
frontier05588,1702236951,1702237010,59
frontier05589,1702236929,1702236982,53
frontier05590,1702236982,1702237022,40
frontier05591,1702236960,1702237021,61
frontier05592,1702236870,1702236889,19
frontier05593,1702236897,1702236926,29
frontier05595,1702236926,1702236966,40
frontier05596,1702236884,1702236892,8
frontier05597,1702236870,1702236889,19
frontier05598,1702236966,1702237021,55
frontier05599,1702236872,1702236891,19
frontier05600,1702236982,1702237022,40
frontier05601,1702236972,1702237020,48
frontier05602,1702236982,1702237022,40
frontier05603,1702236884,1702236895,11
frontier05604,1702236932,1702236988,56
frontier05605,1702236982,1702237022,40
frontier05607,1702236884,1702236892,8
frontier05608,1702237013,1702237025,12
frontier05609,1702236930,1702236986,56
frontier05610,1702236930,1702236987,57
frontier05611,1702236897,1702236923,26
frontier05612,1702237003,1702237025,22
frontier05613,1702236965,1702237021,56
frontier05614,1702237021,1702237026,5
frontier05615,1702237003,1702237025,22
frontier05616,1702237003,1702237024,21
frontier05617,1702237005,1702237025,20
frontier05618,1702236998,1702237024,26
frontier05619,1702236982,1702237021,39
frontier05620,1702236985,1702237023,38
frontier05621,1702236973,1702237020,47
frontier05634,1702236897,1702236925,28
frontier05641,1702236982,1702237021,39
frontier05642,1702236951,1702237010,59
frontier05643,1702236965,1702237020,55
frontier05644,1702236973,1702237021,48
frontier05645,1702236897,1702236920,23
frontier05646,1702236973,1702237021,48
frontier05647,1702236951,1702237010,59
frontier05648,1702236973,1702237020,47
frontier05656,1702236897,1702236926,29
frontier05658,1702236901,1702236924,23
frontier05662,1702236982,1702237021,39
frontier05663,1702236982,1702237021,39
frontier05664,1702236951,1702237010,59
frontier05665,1702236965,1702237020,55
frontier05666,1702236950,1702237010,60
frontier05668,1702236982,1702237022,40
frontier05669,1702236929,1702236983,54
frontier05670,1702237013,1702237026,13
frontier05674,1702236872,1702236890,18
frontier05675,1702236930,1702236983,53
frontier05676,1702236951,1702237010,59
frontier05677,1702236930,1702236987,57
frontier05698,1702236929,1702236984,55
frontier05699,1702236982,1702237021,39
frontier05701,1702236960,1702237021,61
frontier05702,1702237004,1702237025,21
frontier05703,1702237004,1702237025,21
frontier05704,1702236991,1702237024,33
frontier05705,1702237003,1702237025,22
frontier05706,1702236983,1702237022,39
frontier05707,1702236991,1702237023,32
frontier05708,1702236993,1702237024,31
frontier05709,1702237025,1702237027,2
frontier05710,1702236930,1702236987,57
frontier05711,1702236929,1702236984,55
frontier05712,1702236884,1702236895,11
frontier05713,1702236978,1702237021,43
frontier05714,1702236960,1702237021,61
frontier05715,1702236965,1702237021,56
frontier05716,1702236965,1702237021,56
frontier05717,1702236960,1702237021,61
frontier05718,1702236895,1702236911,16
frontier05719,1702236982,1702237021,39
frontier05720,1702236895,1702236911,16
frontier05721,1702236884,1702236892,8
frontier05722,1702236973,1702237021,48
frontier05723,1702236972,1702237021,49
frontier05724,1702236928,1702236985,57
frontier05725,1702236929,1702236985,56
frontier05726,1702236965,1702237021,56
frontier05728,1702236891,1702236897,6
frontier05730,1702236965,1702237021,56
frontier05731,1702236884,1702236893,9
frontier05732,1702236931,1702236987,56
frontier05733,1702236928,1702236985,57
frontier05734,1702236951,1702237010,59
frontier05736,1702236981,1702237022,41
frontier05737,1702236884,1702236897,13
frontier05738,1702236883,1702236892,9
frontier05739,1702237013,1702237026,13
frontier05740,1702236983,1702237022,39
frontier05741,1702236997,1702237024,27
frontier05742,1702237003,1702237024,21
frontier05743,1702236897,1702236897,0
frontier05745,1702236988,1702237023,35
frontier05746,1702237004,1702237025,21
frontier05747,1702237004,1702237025,21
frontier05762,1702237020,1702237026,6
frontier05769,1702236981,1702237022,41
frontier05770,1702236960,1702237021,61
frontier05771,1702237013,1702237026,13
frontier05772,1702236929,1702236981,52
frontier05773,1702236901,1702236921,20
frontier05774,1702236981,1702237022,41
frontier05775,1702236985,1702237023,38
frontier05776,1702236992,1702237024,32
frontier05786,1702236930,1702236986,56
frontier05787,1702236981,1702237022,41
frontier05788,1702236930,1702236987,57
frontier05792,1702236965,1702237021,56
frontier05793,1702236928,1702236986,58
frontier05795,1702236972,1702237021,49
frontier05796,1702237014,1702237026,12
frontier05800,1702236965,1702237021,56
frontier05801,1702236951,1702237010,59
frontier05802,1702236897,1702236924,27
frontier05803,1702236960,1702237021,61
frontier05804,1702236973,1702237021,48
frontier05824,1702236950,1702237010,60
frontier05825,1702236900,1702236920,20
frontier05827,1702237026,1702237028,2
frontier05828,1702236870,1702236891,21
frontier05829,1702236973,1702237023,50
frontier05830,1702236991,1702237023,32
frontier05831,1702236982,1702237022,40
frontier05832,1702237013,1702237025,12
frontier05833,1702236895,1702236923,28
frontier05834,1702236907,1702236932,25
frontier05835,1702237003,1702237025,22
frontier05836,1702236998,1702237025,27
frontier05837,1702236981,1702237022,41
frontier05838,1702236924,1702236972,48
frontier05839,1702236985,1702237023,38
frontier05840,1702236884,1702236892,8
frontier05841,1702237013,1702237025,12
frontier05842,1702236951,1702237010,59
frontier05843,1702236947,1702237020,73
frontier05844,1702236965,1702237021,56
frontier05845,1702236930,1702236985,55
frontier05846,1702236931,1702236989,58
frontier05847,1702236981,1702237022,41
frontier05848,1702236895,1702236924,29
frontier05849,1702236932,1702236989,57
frontier05850,1702236982,1702237021,39
frontier05851,1702236931,1702236987,56
frontier05853,1702237025,1702237028,3
frontier05854,1702236884,1702236892,8
frontier05855,1702236914,1702236950,36
frontier05856,1702236982,1702237022,40
frontier05857,1702236951,1702237010,59
frontier05858,1702236982,1702237021,39
frontier05859,1702236960,1702237020,60
frontier05860,1702236930,1702236986,56
frontier05861,1702236966,1702237021,55
frontier05862,1702237025,1702237028,3
frontier05863,1702236966,1702237021,55
frontier05864,1702236965,1702237021,56
frontier05865,1702236901,1702236924,23
frontier05866,1702236884,1702236892,8
frontier05867,1702236897,1702236919,22
frontier05868,1702237027,1702237029,2
frontier05869,1702236998,1702237024,26
frontier05870,1702237013,1702237025,12
frontier05871,1702237003,1702237025,22
frontier05872,1702237003,1702237024,21
frontier05889,1702236997,1702237024,27
frontier05890,1702237013,1702237025,12
frontier05891,1702236965,1702237021,56
frontier05892,1702236997,1702237024,27
frontier05893,1702236939,1702236992,53
frontier05896,1702236973,1702237020,47
frontier05897,1702236950,1702237010,60
frontier05898,1702236947,1702237021,74
frontier05899,1702237003,1702237024,21
frontier05900,1702236924,1702236966,42
frontier05901,1702236930,1702236987,57
frontier05902,1702236981,1702237021,40
frontier05905,1702236930,1702236987,57
frontier05906,1702236943,1702237021,78
frontier05907,1702236895,1702236924,29
frontier05908,1702236925,1702236965,40
frontier05909,1702236897,1702236927,30
frontier05912,1702236857,1702236863,6
frontier05918,1702236884,1702236895,11
frontier05919,1702236897,1702236920,23
frontier05920,1702236950,1702237010,60
frontier05950,1702236884,1702236893,9
frontier05952,1702236895,1702236921,26
frontier05954,1702236890,1702236914,24
frontier05955,1702237025,1702237027,2
frontier05956,1702236973,1702237020,47
frontier05957,1702236966,1702237021,55
frontier05958,1702236997,1702237025,28
frontier05959,1702236924,1702236966,42
frontier05960,1702236924,1702236966,42
frontier05961,1702237026,1702237028,2
frontier05962,1702236997,1702237024,27
frontier05963,1702236907,1702236929,22
frontier05964,1702237021,1702237025,4
frontier05965,1702237013,1702237025,12
frontier05966,1702236932,1702236988,56
frontier05967,1702237025,1702237027,2
frontier05968,1702236922,1702236966,44
frontier05969,1702236972,1702237020,48
frontier05970,1702236982,1702237022,40
frontier05971,1702236928,1702236983,55
frontier05972,1702236943,1702237022,79
frontier05974,1702236897,1702236925,28
frontier05976,1702236976,1702237021,45
frontier05977,1702236951,1702237010,59
frontier05978,1702236951,1702237010,59
frontier05979,1702236965,1702237021,56
frontier05980,1702236965,1702237021,56
frontier05981,1702236982,1702237022,40
frontier05982,1702237013,1702237026,13
frontier05983,1702236951,1702237010,59
frontier05984,1702236965,1702237022,57
frontier05985,1702236882,1702236892,10
frontier05986,1702236929,1702236984,55
frontier05987,1702236951,1702237010,59
frontier05988,1702236982,1702237021,39
frontier05989,1702236929,1702236982,53
frontier05990,1702237025,1702237028,3
frontier05991,1702236982,1702237022,40
frontier05992,1702236982,1702237022,40
frontier05993,1702236884,1702236892,8
frontier05994,1702236907,1702236930,23
frontier05995,1702236960,1702237013,53
frontier05996,1702236930,1702236986,56
frontier05997,1702236883,1702236892,9
frontier05998,1702236926,1702236967,41
frontier05999,1702236947,1702237020,73
frontier06000,1702236924,1702236965,41
frontier06017,1702236991,1702237024,33
frontier06018,1702236924,1702236965,41
frontier06019,1702236906,1702236929,23
frontier06020,1702236988,1702237023,35
frontier06021,1702236872,1702236891,19
frontier06022,1702236972,1702237020,48
frontier06023,1702236924,1702236965,41
frontier06024,1702237003,1702237024,21
frontier06025,1702236983,1702237023,40
frontier06026,1702236965,1702237021,56
frontier06027,1702236895,1702236911,16
frontier06028,1702236973,1702237021,48
frontier06029,1702236988,1702237023,35
frontier06030,1702236984,1702237022,38
frontier06031,1702236947,1702237020,73
frontier06032,1702236982,1702237022,40
frontier06037,1702236930,1702236987,57
frontier06039,1702236951,1702237010,59
frontier06040,1702237014,1702237026,12
frontier06041,1702236926,1702236973,47
frontier06044,1702236884,1702236893,9
frontier06046,1702236923,1702236965,42
frontier06051,1702236972,1702237022,50
frontier06052,1702236972,1702237021,49
frontier06053,1702236965,1702237022,57
frontier06054,1702236981,1702237021,40
frontier06055,1702236928,1702236982,54
frontier06056,1702236973,1702237021,48
frontier06057,1702236932,1702236988,56
frontier06058,1702236951,1702237010,59
frontier06081,1702236982,1702237021,39
frontier06082,1702236895,1702236912,17
frontier06083,1702236960,1702237021,61
frontier06085,1702236965,1702237021,56
frontier06088,1702236872,1702236890,18
frontier06089,1702236930,1702236983,53
frontier06090,1702236960,1702237021,61
frontier06092,1702236951,1702237010,59
frontier06093,1702237026,1702237028,2
frontier06094,1702236960,1702237014,54
frontier06095,1702236960,1702237021,61
frontier06096,1702236930,1702236983,53
frontier06097,1702237003,1702237025,22
frontier06100,1702236888,1702236895,7
frontier06104,1702236965,1702237021,56
frontier06105,1702236960,1702237010,50
frontier06106,1702236951,1702237010,59
frontier06107,1702236930,1702236987,57
frontier06108,1702236901,1702236922,21
frontier06109,1702236930,1702236983,53
frontier06110,1702236951,1702237010,59
frontier06111,1702236973,1702237021,48
frontier06112,1702236972,1702237021,49
frontier06113,1702237013,1702237025,12
frontier06114,1702236951,1702237010,59
frontier06115,1702236932,1702236987,55
frontier06116,1702236939,1702236998,59
frontier06117,1702236932,1702236988,56
frontier06118,1702236982,1702237022,40
frontier06119,1702236931,1702236988,57
frontier06120,1702236929,1702236986,57
frontier06121,1702236951,1702237010,59
frontier06122,1702236932,1702236987,55
frontier06123,1702236981,1702237022,41
frontier06124,1702236951,1702237010,59
frontier06125,1702236897,1702236924,27
frontier06126,1702236926,1702236973,47
frontier06127,1702236950,1702237010,60
frontier06145,1702236895,1702236923,28
frontier06146,1702236907,1702236930,23
frontier06147,1702236960,1702237010,50
frontier06148,1702236996,1702237024,28
frontier06149,1702236973,1702237021,48
frontier06150,1702236932,1702236988,56
frontier06151,1702236966,1702237021,55
frontier06152,1702236847,1702236864,17
frontier06153,1702236982,1702237021,39
frontier06154,1702236997,1702237024,27
frontier06155,1702236900,1702236926,26
frontier06156,1702236918,1702236961,43
frontier06157,1702236950,1702237010,60
frontier06158,1702236903,1702236929,26
frontier06160,1702236907,1702236930,23
frontier06167,1702236933,1702236991,58
frontier06168,1702236973,1702237021,48
frontier06170,1702236951,1702237010,59
frontier06174,1702236982,1702237021,39
frontier06175,1702236972,1702237020,48
frontier06176,1702236891,1702236894,3
frontier06177,1702236950,1702237010,60
frontier06180,1702236982,1702237021,39
frontier06181,1702236895,1702236921,26
frontier06182,1702236973,1702237021,48
frontier06183,1702236965,1702237021,56
frontier06184,1702236931,1702236988,57
frontier06197,1702236897,1702236925,28
frontier06198,1702236930,1702236986,56
frontier06199,1702237004,1702237024,20
frontier06200,1702236960,1702237010,50
frontier06201,1702236965,1702237020,55
frontier06203,1702236932,1702236989,57
frontier06204,1702236981,1702237022,41
frontier06208,1702236882,1702236891,9
frontier06209,1702236932,1702236991,59
frontier06210,1702237012,1702237025,13
frontier06212,1702236982,1702237022,40
frontier06214,1702237004,1702237025,21
frontier06215,1702236907,1702236931,24
frontier06216,1702236997,1702237024,27
frontier06217,1702237019,1702237026,7
frontier06218,1702236950,1702237010,60
frontier06219,1702236991,1702237023,32
frontier06220,1702236914,1702236966,52
frontier06221,1702236907,1702236931,24
frontier06222,1702237026,1702237028,2
frontier06223,1702236991,1702237023,32
frontier06224,1702236997,1702237024,27
frontier06225,1702236973,1702237021,48
frontier06230,1702236951,1702237010,59
frontier06233,1702237013,1702237025,12
frontier06234,1702237025,1702237027,2
frontier06235,1702236930,1702236983,53
frontier06236,1702237013,1702237025,12
frontier06237,1702236997,1702237024,27
frontier06238,1702236931,1702236988,57
frontier06242,1702236930,1702236987,57
frontier06243,1702236929,1702236984,55
frontier06244,1702236951,1702237010,59
frontier06245,1702236982,1702237022,40
frontier06246,1702236897,1702236924,27
frontier06247,1702237012,1702237025,13
frontier06249,1702236960,1702237021,61
frontier06252,1702236980,1702237021,41
frontier06255,1702236911,1702236944,33
frontier06256,1702236907,1702236931,24
frontier06257,1702236900,1702236911,11
frontier06273,1702237020,1702237026,6
frontier06274,1702236951,1702237020,69
frontier06275,1702236930,1702236987,57
frontier06276,1702236982,1702237022,40
frontier06278,1702236972,1702237020,48
frontier06279,1702237025,1702237028,3
frontier06280,1702237003,1702237024,21
frontier06281,1702236861,1702236880,19
frontier06282,1702236950,1702237010,60
frontier06284,1702236928,1702236983,55
frontier06285,1702236965,1702237020,55
frontier06286,1702237003,1702237024,21
frontier06287,1702236897,1702236926,29
frontier06288,1702236950,1702237010,60
frontier06289,1702236997,1702237024,27
frontier06290,1702236997,1702237024,27
frontier06291,1702237003,1702237024,21
frontier06292,1702236965,1702237020,55
frontier06293,1702237025,1702237028,3
frontier06294,1702236895,1702236914,19
frontier06295,1702236895,1702236921,26
frontier06296,1702236870,1702236885,15
frontier06297,1702236884,1702236892,8
frontier06298,1702236972,1702237020,48
frontier06299,1702236984,1702237023,39
frontier06300,1702236924,1702236972,48
frontier06301,1702236929,1702236973,44
frontier06302,1702236973,1702237022,49
frontier06303,1702236973,1702237021,48
frontier06304,1702236982,1702237022,40
frontier06305,1702236982,1702237020,38
frontier06306,1702236884,1702236892,8
frontier06307,1702236982,1702237022,40
frontier06309,1702236929,1702236983,54
frontier06310,1702236951,1702237010,59
frontier06315,1702236983,1702237022,39
frontier06316,1702236884,1702236892,8
frontier06317,1702236965,1702237021,56
frontier06318,1702236973,1702237020,47
frontier06319,1702236884,1702236892,8
frontier06320,1702237025,1702237028,3
frontier06321,1702236931,1702236988,57
frontier06322,1702236973,1702237020,47
frontier06323,1702236965,1702237020,55
frontier06324,1702236965,1702237020,55
frontier06325,1702237013,1702237025,12
frontier06326,1702236982,1702237022,40
frontier06327,1702236943,1702237021,78
frontier06328,1702236982,1702237022,40
frontier06329,1702236884,1702236893,9
frontier06330,1702236965,1702237020,55
frontier06331,1702236965,1702237020,55
frontier06332,1702236930,1702236985,55
frontier06333,1702236982,1702237021,39
frontier06334,1702236897,1702236927,30
frontier06335,1702236930,1702236987,57
frontier06336,1702236981,1702237021,40
frontier06337,1702236973,1702237021,48
frontier06338,1702236960,1702237021,61
frontier06339,1702236932,1702236988,56
frontier06340,1702236884,1702236892,8
frontier06342,1702236932,1702236991,59
frontier06343,1702236951,1702237010,59
frontier06344,1702236929,1702236982,53
frontier06346,1702237026,1702237028,2
frontier06347,1702236895,1702236918,23
frontier06348,1702236930,1702236987,57
frontier06349,1702236965,1702237022,57
frontier06401,1702236907,1702236939,32
frontier06402,1702236989,1702237023,34
frontier06403,1702237003,1702237024,21
frontier06404,1702236991,1702237024,33
frontier06405,1702236997,1702237024,27
frontier06406,1702237003,1702237024,21
frontier06407,1702237003,1702237025,22
frontier06408,1702237004,1702237025,21
frontier06409,1702237004,1702237025,21
frontier06410,1702236983,1702237022,39
frontier06411,1702237013,1702237025,12
frontier06412,1702236951,1702237010,59
frontier06413,1702236982,1702237022,40
frontier06414,1702237025,1702237027,2
frontier06415,1702237013,1702237026,13
frontier06419,1702237003,1702237024,21
frontier06420,1702237004,1702237025,21
frontier06421,1702236939,1702236993,54
frontier06422,1702236998,1702237024,26
frontier06423,1702236897,1702236924,27
frontier06424,1702237003,1702237024,21
frontier06425,1702236982,1702237021,39
frontier06426,1702236924,1702236965,41
frontier06427,1702236930,1702236987,57
frontier06428,1702237013,1702237026,13
frontier06429,1702236982,1702237022,40
frontier06431,1702236984,1702237023,39
frontier06432,1702236965,1702237020,55
frontier06433,1702236924,1702236980,56
frontier06434,1702237025,1702237028,3
frontier06435,1702236982,1702237021,39
frontier06436,1702236972,1702237020,48
frontier06437,1702236931,1702236988,57
frontier06438,1702236932,1702236989,57
frontier06439,1702236982,1702237022,40
frontier06440,1702237013,1702237026,13
frontier06446,1702236951,1702237020,69
frontier06447,1702236864,1702236890,26
frontier06448,1702236884,1702236895,11
frontier06449,1702236965,1702237021,56
frontier06450,1702236870,1702236889,19
frontier06451,1702236965,1702237021,56
frontier06452,1702236882,1702236892,10
frontier06453,1702236951,1702237010,59
frontier06454,1702237012,1702237025,13
frontier06455,1702236982,1702237021,39
frontier06456,1702236982,1702237022,40
frontier06457,1702236929,1702236988,59
frontier06458,1702237026,1702237028,2
frontier06459,1702236857,1702236860,3
frontier06461,1702236932,1702236992,60
frontier06462,1702236982,1702237022,40
frontier06463,1702236930,1702236987,57
frontier06464,1702237025,1702237027,2
frontier06465,1702236895,1702236897,2
frontier06466,1702236900,1702236927,27
frontier06467,1702236965,1702237022,57
frontier06468,1702236960,1702237013,53
frontier06469,1702237013,1702237025,12
frontier06470,1702236872,1702236890,18
frontier06471,1702236929,1702236982,53
frontier06472,1702236951,1702237010,59
frontier06473,1702236897,1702236925,28
frontier06474,1702236951,1702237010,59
frontier06475,1702236895,1702236911,16
frontier06476,1702236931,1702236987,56
frontier06477,1702236857,1702236861,4
frontier06479,1702236951,1702237010,59
frontier06529,1702236997,1702237024,27
frontier06530,1702236908,1702236932,24
frontier06531,1702236925,1702236983,58
frontier06532,1702237013,1702237025,12
frontier06533,1702237013,1702237025,12
frontier06534,1702236991,1702237024,33
frontier06535,1702236965,1702237020,55
frontier06536,1702236991,1702237023,32
frontier06537,1702237003,1702237025,22
frontier06538,1702236932,1702236991,59
frontier06539,1702236951,1702237010,59
frontier06541,1702236982,1702237022,40
frontier06542,1702236982,1702237022,40
frontier06543,1702236907,1702236931,24
frontier06544,1702236932,1702236989,57
frontier06545,1702236973,1702237021,48
frontier06546,1702236955,1702237010,55
frontier06547,1702236972,1702237020,48
frontier06548,1702236991,1702237023,32
frontier06549,1702236997,1702237024,27
frontier06550,1702236972,1702237021,49
frontier06551,1702236984,1702237023,39
frontier06552,1702236973,1702237021,48
frontier06553,1702236983,1702237023,40
frontier06554,1702236982,1702237021,39
frontier06555,1702237025,1702237028,3
frontier06556,1702236872,1702236888,16
frontier06557,1702236960,1702237010,50
frontier06558,1702236930,1702236987,57
frontier06559,1702236943,1702237021,78
frontier06560,1702236984,1702237024,40
frontier06561,1702236930,1702236986,56
frontier06562,1702236922,1702236965,43
frontier06563,1702236951,1702237010,59
frontier06564,1702236951,1702237010,59
frontier06566,1702236972,1702237020,48
frontier06567,1702236884,1702236893,9
frontier06568,1702236973,1702237021,48
frontier06569,1702236972,1702237020,48
frontier06570,1702236930,1702236985,55
frontier06571,1702236931,1702236988,57
frontier06575,1702236950,1702237010,60
frontier06576,1702236861,1702236881,20
frontier06578,1702236884,1702236892,8
frontier06579,1702236951,1702237010,59
frontier06580,1702236941,1702237010,69
frontier06581,1702236960,1702237020,60
frontier06582,1702236972,1702237021,49
frontier06583,1702236982,1702237022,40
frontier06584,1702236884,1702236892,8
frontier06585,1702236931,1702236988,57
frontier06586,1702236981,1702237021,40
frontier06587,1702236972,1702237020,48
frontier06588,1702236897,1702236920,23
frontier06589,1702236877,1702236893,16
frontier06590,1702236965,1702237020,55
frontier06591,1702236930,1702236986,56
frontier06592,1702236982,1702237022,40
frontier06593,1702236981,1702237022,41
frontier06594,1702236960,1702237020,60
frontier06595,1702236895,1702236920,25
frontier06596,1702236982,1702237022,40
frontier06597,1702236965,1702237021,56
frontier06598,1702236951,1702237010,59
frontier06599,1702236991,1702237024,33
frontier06600,1702236872,1702236891,19
frontier06601,1702236988,1702237023,35
frontier06602,1702236985,1702237023,38
frontier06657,1702236965,1702237020,55
frontier06658,1702237012,1702237025,13
frontier06659,1702237021,1702237025,4
frontier06660,1702236997,1702237024,27
frontier06661,1702237013,1702237026,13
frontier06662,1702236973,1702237021,48
frontier06663,1702236950,1702237010,60
frontier06664,1702236982,1702237022,40
frontier06665,1702236988,1702237024,36
frontier06666,1702236983,1702237022,39
frontier06667,1702236972,1702237020,48
frontier06668,1702237026,1702237028,2
frontier06669,1702236991,1702237023,32
frontier06670,1702236930,1702236987,57
frontier06671,1702236982,1702237021,39
frontier06672,1702236895,1702236912,17
frontier06673,1702236982,1702237022,40
frontier06674,1702236965,1702237021,56
frontier06675,1702236982,1702237022,40
frontier06676,1702236930,1702236987,57
frontier06677,1702236900,1702236918,18
frontier06678,1702236891,1702236897,6
frontier06679,1702237013,1702237025,12
frontier06680,1702237025,1702237028,3
frontier06682,1702236931,1702236988,57
frontier06683,1702236884,1702236892,8
frontier06684,1702236981,1702237022,41
frontier06685,1702236960,1702237010,50
frontier06686,1702237025,1702237027,2
frontier06687,1702236895,1702236920,25
frontier06688,1702236972,1702237020,48
frontier06689,1702236951,1702237014,63
frontier06691,1702236872,1702236888,16
frontier06692,1702236857,1702236861,4
frontier06696,1702236884,1702236897,13
frontier06697,1702236965,1702237021,56
frontier06698,1702236982,1702237022,40
frontier06699,1702236884,1702236893,9
frontier06700,1702236960,1702237020,60
frontier06701,1702236911,1702236943,32
frontier06702,1702236930,1702236986,56
frontier06703,1702236965,1702237021,56
frontier06704,1702236924,1702236961,37
frontier06705,1702236929,1702236982,53
frontier06706,1702236897,1702236926,29
frontier06707,1702236928,1702236983,55
frontier06709,1702236864,1702236867,3
frontier06712,1702236930,1702236986,56
frontier06713,1702236884,1702236892,8
frontier06714,1702236897,1702236927,30
frontier06715,1702237025,1702237028,3
frontier06716,1702236932,1702236989,57
frontier06717,1702236884,1702236892,8
frontier06718,1702236972,1702237021,49
frontier06719,1702236973,1702237021,48
frontier06720,1702236950,1702237010,60
frontier06724,1702236950,1702237010,60
frontier06725,1702236893,1702236897,4
frontier06726,1702236883,1702236892,9
frontier06727,1702236997,1702237024,27
frontier06728,1702236872,1702236890,18
frontier06729,1702236895,1702236911,16
frontier06730,1702236928,1702236985,57
frontier06731,1702236983,1702237023,40
frontier06734,1702236951,1702237010,59
frontier06735,1702236997,1702237024,27
frontier06736,1702236872,1702236891,19
frontier06737,1702236966,1702237021,55
frontier06785,1702236991,1702237023,32
frontier06786,1702236884,1702236892,8
frontier06787,1702236988,1702237023,35
frontier06788,1702236981,1702237023,42
frontier06789,1702236981,1702237022,41
frontier06790,1702236930,1702236983,53
frontier06791,1702236926,1702236965,39
frontier06792,1702236884,1702236892,8
frontier06793,1702236982,1702237021,39
frontier06794,1702236991,1702237024,33
frontier06795,1702237013,1702237026,13
frontier06796,1702236982,1702237022,40
frontier06797,1702237003,1702237025,22
frontier06798,1702236985,1702237023,38
frontier06799,1702237013,1702237025,12
frontier06800,1702237025,1702237028,3
frontier06801,1702236972,1702237020,48
frontier06802,1702236931,1702236987,56
frontier06803,1702236953,1702237020,67
frontier06804,1702236884,1702236892,8
frontier06805,1702236932,1702236987,55
frontier06806,1702236985,1702237023,38
frontier06807,1702236930,1702236987,57
frontier06808,1702236924,1702236965,41
frontier06809,1702236951,1702237010,59
frontier06810,1702237025,1702237027,2
frontier06811,1702237003,1702237024,21
frontier06812,1702236897,1702236929,32
frontier06813,1702236981,1702237022,41
frontier06814,1702236912,1702236947,35
frontier06815,1702236882,1702236891,9
frontier06816,1702236982,1702237021,39
frontier06817,1702236972,1702237021,49
frontier06818,1702236980,1702237021,41
frontier06819,1702236960,1702237020,60
frontier06824,1702236872,1702236892,20
frontier06825,1702236965,1702237020,55
frontier06826,1702236965,1702237020,55
frontier06827,1702236924,1702236982,58
frontier06828,1702236895,1702236912,17
frontier06829,1702237005,1702237025,20
frontier06830,1702236930,1702236983,53
frontier06831,1702236895,1702236921,26
frontier06832,1702236930,1702236983,53
frontier06833,1702236982,1702237022,40
frontier06835,1702237025,1702237027,2
frontier06836,1702236965,1702237020,55
frontier06837,1702236884,1702236892,8
frontier06838,1702236950,1702237010,60
frontier06839,1702236930,1702236987,57
frontier06840,1702236884,1702236892,8
frontier06841,1702236932,1702236989,57
frontier06842,1702236950,1702237010,60
frontier06843,1702236930,1702236987,57
frontier06847,1702236973,1702237021,48
frontier06848,1702236982,1702237021,39
frontier06849,1702236972,1702237020,48
frontier06850,1702236930,1702236987,57
frontier06851,1702236960,1702237020,60
frontier06852,1702236972,1702237021,49
frontier06853,1702236963,1702237021,58
frontier06854,1702236985,1702237023,38
frontier06857,1702236897,1702236926,29
frontier06858,1702236976,1702237021,45
frontier06859,1702236951,1702237010,59
frontier06860,1702236924,1702236972,48
frontier06861,1702236872,1702236886,14
frontier06862,1702236965,1702237021,56
frontier06914,1702236951,1702237010,59
frontier06915,1702236985,1702237023,38
frontier06917,1702236965,1702237020,55
frontier06918,1702236897,1702236926,29
frontier06919,1702237026,1702237028,2
frontier06920,1702236982,1702237022,40
frontier06921,1702236960,1702237021,61
frontier06922,1702236929,1702236982,53
frontier06927,1702236997,1702237024,27
frontier06928,1702237013,1702237026,13
frontier06929,1702236989,1702237023,34
frontier06930,1702236997,1702237024,27
frontier06931,1702236989,1702237023,34
frontier06932,1702236924,1702236972,48
frontier06933,1702236897,1702236926,29
frontier06934,1702236872,1702236891,19
frontier06936,1702236922,1702236965,43
frontier06938,1702236982,1702237021,39
frontier06939,1702236930,1702236987,57
frontier06940,1702236951,1702237010,59
frontier06941,1702236932,1702236988,56
frontier06944,1702236951,1702237010,59
frontier06947,1702236929,1702236973,44
frontier06948,1702237013,1702237025,12
frontier06949,1702236976,1702237021,45
frontier06950,1702236982,1702237022,40
frontier06951,1702236966,1702237021,55
frontier06952,1702237013,1702237026,13
frontier06953,1702236951,1702237010,59
frontier06954,1702236979,1702237021,42
frontier06955,1702237026,1702237028,2
frontier06956,1702236951,1702237010,59
frontier06960,1702236951,1702237010,59
frontier06962,1702236965,1702237020,55
frontier06963,1702236930,1702236986,56
frontier06964,1702236932,1702236988,56
frontier06965,1702237026,1702237028,2
frontier06966,1702236884,1702236892,8
frontier06968,1702236965,1702237021,56
frontier06969,1702236972,1702237020,48
frontier06970,1702236965,1702237020,55
frontier06971,1702236951,1702237010,59
frontier06975,1702236973,1702237021,48
frontier06976,1702236965,1702237020,55
frontier06977,1702236981,1702237022,41
frontier06979,1702236897,1702236926,29
frontier06980,1702236972,1702237020,48
frontier06981,1702236972,1702237020,48
frontier06982,1702236895,1702236911,16
frontier06983,1702236950,1702237010,60
frontier06984,1702236960,1702237021,61
frontier06985,1702237026,1702237028,2
frontier06986,1702237021,1702237026,5
frontier06987,1702236991,1702237024,33
frontier06988,1702236997,1702237024,27
frontier06989,1702236983,1702237022,39
frontier06990,1702236903,1702236921,18
frontier06992,1702236906,1702236931,25
frontier06993,1702236897,1702236924,27
frontier06994,1702236901,1702236920,19
frontier06995,1702236928,1702236984,56
frontier06996,1702236982,1702237022,40
frontier06997,1702236966,1702237021,55
frontier06998,1702236930,1702236985,55
frontier06999,1702236973,1702237021,48
frontier07001,1702236933,1702236989,56
frontier07004,1702236966,1702237021,55
frontier07005,1702236966,1702237021,55
frontier07041,1702236982,1702237021,39
frontier07042,1702236957,1702237014,57
frontier07044,1702236982,1702237022,40
frontier07047,1702236863,1702236870,7
frontier07048,1702236931,1702236988,57
frontier07049,1702236972,1702237020,48
frontier07050,1702236965,1702237021,56
frontier07051,1702236897,1702236924,27
frontier07052,1702237026,1702237028,2
frontier07053,1702236982,1702237022,40
frontier07054,1702236897,1702236924,27
frontier07055,1702236897,1702236924,27
frontier07058,1702236982,1702237022,40
frontier07059,1702236950,1702237010,60
frontier07060,1702237024,1702237027,3
frontier07061,1702236912,1702236947,35
frontier07063,1702236993,1702237023,30
frontier07064,1702237026,1702237028,2
frontier07065,1702236924,1702236967,43
frontier07066,1702237004,1702237025,21
frontier07070,1702237025,1702237028,3
frontier07071,1702236965,1702237021,56
frontier07072,1702237013,1702237026,13
frontier07073,1702236950,1702237010,60
frontier07074,1702236951,1702237010,59
frontier07075,1702236943,1702237020,77
frontier07076,1702236982,1702237022,40
frontier07077,1702236982,1702237022,40
frontier07083,1702236951,1702237010,59
frontier07084,1702236951,1702237010,59
frontier07085,1702236951,1702237010,59
frontier07086,1702236914,1702236965,51
frontier07087,1702237013,1702237025,12
frontier07091,1702236884,1702236893,9
frontier07092,1702237013,1702237025,12
frontier07093,1702236972,1702237020,48
frontier07095,1702236982,1702237022,40
frontier07096,1702236960,1702237010,50
frontier07097,1702236897,1702236927,30
frontier07098,1702236982,1702237022,40
frontier07099,1702236930,1702236987,57
frontier07104,1702236982,1702237021,39
frontier07106,1702236972,1702237020,48
frontier07107,1702236931,1702236988,57
frontier07108,1702236982,1702237021,39
frontier07109,1702236966,1702237021,55
frontier07110,1702236929,1702236983,54
frontier07111,1702236965,1702237022,57
frontier07115,1702236991,1702237024,33
frontier07116,1702237004,1702237025,21
frontier07117,1702237012,1702237025,13
frontier07118,1702236897,1702236926,29
frontier07119,1702236991,1702237024,33
frontier07120,1702237021,1702237026,5
frontier07121,1702236940,1702236993,53
frontier07122,1702236982,1702237022,40
frontier07123,1702236930,1702236986,56
frontier07125,1702236972,1702237020,48
frontier07126,1702236951,1702237014,63
frontier07127,1702236951,1702237010,59
frontier07128,1702236884,1702236895,11
frontier07129,1702236943,1702237020,77
frontier07130,1702236884,1702236893,9
frontier07131,1702236872,1702236888,16
frontier07132,1702236951,1702237012,61
frontier07134,1702236965,1702237020,55
frontier07137,1702236951,1702237010,59
frontier07138,1702236997,1702237024,27
frontier07171,1702236897,1702236925,28
frontier07172,1702236973,1702237021,48
frontier07173,1702236960,1702237020,60
frontier07174,1702236938,1702236993,55
frontier07175,1702236895,1702236911,16
frontier07177,1702237026,1702237028,2
frontier07178,1702236930,1702236986,56
frontier07181,1702236965,1702237020,55
frontier07183,1702236973,1702237021,48
frontier07185,1702236907,1702236931,24
frontier07186,1702236932,1702236991,59
frontier07187,1702236924,1702236972,48
frontier07189,1702237004,1702237025,21
frontier07190,1702236988,1702237023,35
frontier07193,1702236924,1702236972,48
frontier07194,1702236973,1702237021,48
frontier07195,1702236982,1702237021,39
frontier07196,1702236973,1702237021,48
frontier07197,1702236931,1702236987,56
frontier07198,1702236951,1702237010,59
frontier07199,1702236972,1702237021,49
frontier07200,1702236973,1702237020,47
frontier07204,1702236976,1702237021,45
frontier07205,1702236932,1702236988,56
frontier07206,1702236965,1702237020,55
frontier07207,1702236839,1702236847,8
frontier07208,1702236932,1702236988,56
frontier07209,1702236972,1702237021,49
frontier07210,1702236965,1702237021,56
frontier07211,1702236884,1702236892,8
frontier07213,1702236972,1702237020,48
frontier07214,1702236965,1702237021,56
frontier07219,1702236943,1702237020,77
frontier07220,1702236982,1702237022,40
frontier07222,1702236982,1702237022,40
frontier07224,1702236972,1702237020,48
frontier07227,1702236930,1702236987,57
frontier07228,1702236982,1702237022,40
frontier07229,1702236897,1702236919,22
frontier07230,1702237013,1702237026,13
frontier07232,1702236951,1702237010,59
frontier07234,1702236965,1702237022,57
frontier07239,1702236931,1702236987,56
frontier07240,1702236966,1702237021,55
frontier07241,1702236973,1702237021,48
frontier07242,1702236973,1702237021,48
frontier07243,1702236913,1702236965,52
frontier07244,1702236996,1702237024,28
frontier07245,1702236928,1702236985,57
frontier07246,1702236903,1702236930,27
frontier07247,1702237014,1702237025,11
frontier07249,1702236976,1702237021,45
frontier07250,1702236965,1702237021,56
frontier07251,1702236932,1702236988,56
frontier07253,1702236982,1702237020,38
frontier07255,1702236931,1702236988,57
frontier07258,1702236897,1702236926,29
frontier07260,1702237025,1702237027,2
frontier07261,1702237003,1702237024,21
frontier07262,1702236931,1702236988,57
frontier07263,1702237013,1702237026,13
frontier07264,1702236965,1702237021,56
frontier07265,1702236930,1702236986,56
frontier07266,1702236947,1702237021,74
frontier07267,1702236965,1702237021,56
frontier07268,1702236965,1702237021,56
frontier07269,1702236965,1702237020,55
frontier07270,1702236972,1702237020,48
frontier07297,1702237024,1702237027,3
frontier07299,1702236930,1702236987,57
frontier07300,1702236965,1702237021,56
frontier07302,1702236895,1702236911,16
frontier07306,1702236960,1702237021,61
frontier07307,1702236981,1702237022,41
frontier07308,1702236951,1702237010,59
frontier07309,1702236973,1702237021,48
frontier07310,1702236897,1702236922,25
frontier07311,1702236897,1702236925,28
frontier07312,1702236972,1702237020,48
frontier07313,1702237004,1702237025,21
frontier07317,1702236973,1702237021,48
frontier07318,1702236982,1702237021,39
frontier07319,1702236966,1702237021,55
frontier07320,1702236950,1702237010,60
frontier07321,1702237026,1702237028,2
frontier07322,1702236884,1702236895,11
frontier07323,1702236951,1702237010,59
frontier07324,1702236982,1702237021,39
frontier07326,1702236950,1702237010,60
frontier07327,1702236973,1702237021,48
frontier07328,1702236965,1702237021,56
frontier07329,1702236895,1702236911,16
frontier07330,1702236892,1702236894,2
frontier07331,1702236973,1702237020,47
frontier07332,1702236985,1702237023,38
frontier07335,1702236951,1702237010,59
frontier07337,1702236973,1702237020,47
frontier07339,1702236951,1702237010,59
frontier07340,1702236930,1702236987,57
frontier07352,1702236960,1702237021,61
frontier07353,1702236981,1702237022,41
frontier07354,1702236895,1702236911,16
frontier07355,1702236982,1702237022,40
frontier07356,1702236897,1702236924,27
frontier07357,1702236967,1702237021,54
frontier07358,1702236930,1702236986,56
frontier07359,1702236982,1702237020,38
frontier07360,1702236981,1702237022,41
frontier07362,1702236950,1702237010,60
frontier07363,1702236872,1702236890,18
frontier07364,1702236973,1702237021,48
frontier07365,1702236960,1702237020,60
frontier07366,1702236982,1702237022,40
frontier07368,1702236980,1702237022,42
frontier07369,1702236872,1702236891,19
frontier07372,1702236991,1702237023,32
frontier07374,1702236918,1702236971,53
frontier07375,1702236984,1702237023,39
frontier07376,1702236982,1702237022,40
frontier07377,1702237013,1702237025,12
frontier07378,1702236981,1702237021,40
frontier07380,1702237013,1702237025,12
frontier07381,1702236972,1702237021,49
frontier07384,1702236982,1702237021,39
frontier07385,1702236950,1702237010,60
frontier07386,1702236930,1702236987,57
frontier07387,1702236972,1702237022,50
frontier07388,1702236966,1702237021,55
frontier07391,1702236912,1702236942,30
frontier07392,1702236951,1702237010,59
frontier07394,1702236895,1702236923,28
frontier07395,1702237014,1702237025,11
frontier07396,1702236973,1702237021,48
frontier07397,1702237025,1702237027,2
frontier07398,1702236965,1702237021,56
frontier07400,1702236941,1702237010,69
frontier07425,1702237012,1702237025,13
frontier07426,1702236897,1702236920,23
frontier07429,1702236960,1702237021,61
frontier07430,1702236950,1702237010,60
frontier07431,1702236981,1702237021,40
frontier07432,1702236884,1702236893,9
frontier07433,1702236982,1702237022,40
frontier07434,1702236982,1702237022,40
frontier07435,1702236981,1702237022,41
frontier07436,1702236895,1702236920,25
frontier07439,1702236918,1702236965,47
frontier07441,1702236895,1702236911,16
frontier07442,1702236965,1702237020,55
frontier07443,1702236972,1702237020,48
frontier07444,1702236895,1702236919,24
frontier07445,1702236932,1702236991,59
frontier07446,1702237013,1702237026,13
frontier07447,1702236941,1702236996,55
frontier07448,1702236976,1702237021,45
frontier07450,1702236982,1702237020,38
frontier07451,1702236884,1702236892,8
frontier07452,1702236965,1702237021,56
frontier07453,1702236930,1702236987,57
frontier07454,1702236932,1702236991,59
frontier07455,1702236965,1702237022,57
frontier07456,1702236930,1702236986,56
frontier07457,1702236982,1702237022,40
frontier07458,1702237012,1702237025,13
frontier07459,1702236945,1702237021,76
frontier07464,1702236965,1702237022,57
frontier07466,1702236981,1702237021,40
frontier07472,1702236984,1702237021,37
frontier07479,1702236884,1702236892,8
frontier07480,1702236912,1702236947,35
frontier07481,1702236897,1702236925,28
frontier07484,1702236973,1702237021,48
frontier07485,1702236930,1702236983,53
frontier07486,1702236950,1702237010,60
frontier07488,1702236951,1702237010,59
frontier07489,1702236847,1702236859,12
frontier07490,1702236963,1702237021,58
frontier07491,1702236897,1702236927,30
frontier07495,1702236932,1702236988,56
frontier07496,1702236965,1702237020,55
frontier07498,1702236983,1702237023,40
frontier07499,1702236924,1702236982,58
frontier07500,1702236930,1702236987,57
frontier07501,1702236930,1702236987,57
frontier07502,1702236973,1702237020,47
frontier07503,1702236953,1702237020,67
frontier07506,1702236973,1702237021,48
frontier07508,1702236929,1702236982,53
frontier07509,1702236951,1702237010,59
frontier07510,1702236897,1702236926,29
frontier07511,1702236950,1702237010,60
frontier07512,1702237026,1702237028,2
frontier07513,1702236951,1702237010,59
frontier07514,1702236897,1702236926,29
frontier07515,1702236997,1702237024,27
frontier07516,1702236925,1702236972,47
frontier07517,1702236897,1702236925,28
frontier07518,1702236930,1702236987,57
frontier07519,1702236932,1702236989,57
frontier07520,1702236966,1702237022,56
frontier07521,1702236870,1702236887,17
frontier07522,1702236950,1702237010,60
frontier07523,1702236981,1702237022,41
frontier07524,1702236965,1702237022,57
frontier07553,1702236965,1702237020,55
frontier07554,1702236857,1702236863,6
frontier07555,1702236981,1702237022,41
frontier07556,1702236973,1702237021,48
frontier07557,1702237026,1702237028,2
frontier07559,1702236965,1702237020,55
frontier07563,1702236960,1702237020,60
frontier07564,1702236982,1702237022,40
frontier07565,1702236972,1702237021,49
frontier07566,1702236901,1702236924,23
frontier07567,1702236981,1702237022,41
frontier07568,1702236943,1702237020,77
frontier07569,1702236960,1702237021,61
frontier07570,1702236926,1702236973,47
frontier07571,1702236922,1702236969,47
frontier07575,1702237012,1702237025,13
frontier07577,1702236951,1702237010,59
frontier07578,1702236930,1702236987,57
frontier07579,1702236984,1702237024,40
frontier07580,1702236895,1702236910,15
frontier07581,1702236982,1702237021,39
frontier07582,1702236872,1702236890,18
frontier07583,1702236943,1702237021,78
frontier07584,1702236884,1702236892,8
frontier07585,1702236960,1702237020,60
frontier07586,1702236982,1702237021,39
frontier07587,1702236884,1702236892,8
frontier07588,1702236973,1702237021,48
frontier07589,1702236982,1702237022,40
frontier07590,1702236972,1702237022,50
frontier07591,1702236982,1702237022,40
frontier07593,1702236977,1702237022,45
frontier07605,1702236883,1702236892,9
frontier07614,1702236884,1702236893,9
frontier07616,1702236928,1702236984,56
frontier07617,1702236983,1702237022,39
frontier07620,1702237025,1702237027,2
frontier07623,1702237013,1702237026,13
frontier07624,1702236981,1702237021,40
frontier07625,1702236884,1702236892,8
frontier07627,1702236951,1702237010,59
frontier07629,1702236983,1702237022,39
frontier07630,1702237027,1702237029,2
frontier07631,1702236989,1702237023,34
frontier07633,1702236884,1702236892,8
frontier07634,1702236991,1702237024,33
frontier07635,1702236988,1702237023,35
frontier07636,1702236993,1702237024,31
frontier07637,1702236998,1702237025,27
frontier07638,1702236984,1702237023,39
frontier07639,1702236906,1702236929,23
frontier07640,1702236998,1702237024,26
frontier07641,1702237013,1702237025,12
frontier07642,1702237026,1702237028,2
frontier07643,1702236984,1702237023,39
frontier07646,1702236951,1702237020,69
frontier07647,1702236991,1702237023,32
frontier07648,1702237003,1702237024,21
frontier07649,1702237013,1702237026,13
frontier07650,1702237020,1702237026,6
frontier07651,1702236991,1702237024,33
frontier07653,1702236997,1702237024,27
frontier07654,1702236991,1702237024,33
frontier07655,1702237026,1702237028,2
frontier07656,1702236925,1702236966,41
frontier07657,1702236982,1702237022,40
frontier07658,1702236951,1702237010,59
frontier07659,1702237013,1702237026,13
frontier07681,1702236918,1702236965,47
frontier07683,1702236951,1702237010,59
frontier07686,1702236982,1702237021,39
frontier07687,1702236918,1702236970,52
frontier07688,1702236982,1702237022,40
frontier07689,1702236930,1702236987,57
frontier07690,1702236932,1702236988,56
frontier07691,1702236931,1702236988,57
frontier07692,1702236930,1702236987,57
frontier07714,1702236930,1702236987,57
frontier07717,1702236982,1702237021,39
frontier07718,1702236950,1702237010,60
frontier07719,1702236988,1702237023,35
frontier07720,1702236906,1702236928,22
frontier07721,1702236982,1702237021,39
frontier07725,1702236884,1702236893,9
frontier07726,1702236929,1702236973,44
frontier07727,1702236872,1702236888,16
frontier07728,1702236931,1702236987,56
frontier07735,1702237013,1702237025,12
frontier07738,1702236912,1702236947,35
frontier07739,1702236982,1702237021,39
frontier07741,1702236981,1702237022,41
frontier07742,1702236897,1702236926,29
frontier07743,1702236951,1702237010,59
frontier07744,1702236930,1702236987,57
frontier07745,1702236897,1702236924,27
frontier07746,1702236965,1702237021,56
frontier07747,1702236922,1702236969,47
frontier07748,1702236897,1702236924,27
frontier07750,1702236931,1702236986,55
frontier07755,1702236981,1702237022,41
frontier07756,1702236973,1702237021,48
frontier07757,1702236965,1702237021,56
frontier07758,1702237013,1702237025,12
frontier07759,1702236983,1702237022,39
frontier07760,1702236982,1702237021,39
frontier07761,1702236951,1702237010,59
frontier07762,1702236996,1702237024,28
frontier07763,1702237005,1702237025,20
frontier07765,1702237026,1702237028,2
frontier07766,1702236991,1702237023,32
frontier07768,1702236973,1702237021,48
frontier07769,1702236991,1702237024,33
frontier07771,1702237003,1702237024,21
frontier07772,1702237004,1702237024,20
frontier07773,1702237013,1702237025,12
frontier07774,1702237003,1702237025,22
frontier07775,1702237013,1702237025,12
frontier07776,1702236991,1702237024,33
frontier07777,1702237021,1702237025,4
frontier07778,1702236985,1702237023,38
frontier07780,1702237013,1702237025,12
frontier07781,1702236973,1702237021,48
frontier07782,1702236989,1702237023,34
frontier07783,1702236924,1702236972,48
frontier07784,1702237003,1702237024,21
frontier07785,1702237003,1702237024,21
frontier07786,1702236924,1702236965,41
frontier07787,1702236912,1702236950,38
frontier07788,1702236924,1702236965,41
frontier07789,1702236997,1702237024,27
frontier07790,1702236997,1702237024,27
frontier07791,1702236882,1702236892,10
frontier07792,1702236973,1702237020,47
frontier07793,1702236924,1702236965,41
frontier07794,1702237013,1702237025,12
frontier07795,1702236997,1702237024,27
frontier07813,1702236930,1702236988,58
frontier07818,1702236914,1702236969,55
frontier07841,1702236929,1702236982,53
frontier07847,1702237026,1702237028,2
frontier07848,1702236951,1702237010,59
frontier07849,1702236930,1702236986,56
frontier07850,1702236951,1702237010,59
frontier07851,1702236929,1702236988,59
frontier07852,1702236851,1702236863,12
frontier07853,1702236982,1702237022,40
frontier07854,1702236895,1702236911,16
frontier07855,1702236960,1702237014,54
frontier07856,1702236930,1702236986,56
frontier07857,1702236981,1702237021,40
frontier07858,1702236951,1702237010,59
frontier07859,1702236965,1702237021,56
frontier07860,1702236944,1702237021,77
frontier07861,1702236891,1702236897,6
frontier07862,1702237013,1702237025,12
frontier07863,1702236973,1702237021,48
frontier07864,1702236982,1702237021,39
frontier07865,1702236951,1702237010,59
frontier07866,1702236965,1702237021,56
frontier07867,1702236960,1702237014,54
frontier07868,1702237013,1702237026,13
frontier07873,1702236884,1702236892,8
frontier07875,1702236960,1702237020,60
frontier07876,1702236973,1702237021,48
frontier07877,1702236981,1702237021,40
frontier07878,1702237005,1702237026,21
frontier07879,1702236965,1702237021,56
frontier07880,1702236982,1702237022,40
frontier07882,1702236924,1702236965,41
frontier07883,1702236993,1702237024,31
frontier07884,1702237004,1702237024,20
frontier07885,1702236984,1702237022,38
frontier07886,1702236988,1702237023,35
frontier07887,1702236884,1702236892,8
frontier07888,1702236913,1702236950,37
frontier07889,1702236924,1702236966,42
frontier07890,1702236961,1702237022,61
frontier07891,1702237019,1702237026,7
frontier07892,1702236983,1702237022,39
frontier07893,1702236930,1702236987,57
frontier07894,1702236906,1702236929,23
frontier07895,1702237003,1702237024,21
frontier07896,1702236907,1702236930,23
frontier07897,1702236924,1702236965,41
frontier07898,1702236988,1702237023,35
frontier07899,1702237013,1702237025,12
frontier07901,1702236965,1702237021,56
frontier07902,1702236982,1702237022,40
frontier07905,1702236965,1702237021,56
frontier07906,1702236997,1702237024,27
frontier07907,1702237021,1702237026,5
frontier07908,1702236997,1702237024,27
frontier07909,1702236985,1702237023,38
frontier07910,1702237025,1702237027,2
frontier07911,1702236988,1702237023,35
frontier07912,1702237019,1702237026,7
frontier07913,1702236929,1702236986,57
frontier07914,1702236982,1702237021,39
frontier07915,1702236988,1702237023,35
frontier07916,1702236928,1702236987,59
frontier07917,1702236973,1702237021,48
frontier07918,1702236998,1702237024,26
frontier07919,1702237013,1702237025,12
frontier07920,1702236924,1702236972,48
frontier07946,1702236981,1702237022,41
frontier07947,1702236895,1702236911,16
frontier07948,1702236884,1702236893,9
frontier07969,1702236984,1702237022,38
frontier07970,1702236951,1702237010,59
frontier07971,1702236960,1702237021,61
frontier07972,1702236884,1702236892,8
frontier07973,1702236972,1702237021,49
frontier07974,1702236941,1702237010,69
frontier07975,1702237025,1702237028,3
frontier07976,1702236983,1702237022,39
frontier07977,1702236951,1702237010,59
frontier07978,1702236965,1702237022,57
frontier07979,1702236973,1702237021,48
frontier07980,1702236950,1702237010,60
frontier07981,1702236897,1702236923,26
frontier07982,1702236950,1702237010,60
frontier07983,1702236929,1702236981,52
frontier07984,1702236982,1702237022,40
frontier07985,1702236884,1702236892,8
frontier07991,1702236960,1702237021,61
frontier07992,1702236951,1702237010,59
frontier07993,1702237013,1702237025,12
frontier07994,1702236872,1702236891,19
frontier07997,1702236965,1702237020,55
frontier08003,1702236982,1702237022,40
frontier08004,1702236951,1702237010,59
frontier08005,1702236973,1702237021,48
frontier08006,1702236951,1702237010,59
frontier08007,1702236895,1702236911,16
frontier08008,1702236931,1702236987,56
frontier08009,1702237003,1702237024,21
frontier08010,1702237014,1702237026,12
frontier08011,1702237013,1702237026,13
frontier08012,1702236924,1702236972,48
frontier08013,1702237013,1702237026,13
frontier08014,1702237013,1702237025,12
frontier08015,1702236997,1702237024,27
frontier08016,1702236928,1702236983,55
frontier08017,1702237013,1702237026,13
frontier08018,1702236914,1702236972,58
frontier08019,1702237003,1702237025,22
frontier08020,1702236993,1702237023,30
frontier08021,1702236985,1702237023,38
frontier08022,1702236926,1702236967,41
frontier08023,1702236997,1702237024,27
frontier08024,1702236924,1702236972,48
frontier08025,1702236997,1702237024,27
frontier08026,1702237004,1702237024,20
frontier08027,1702237003,1702237024,21
frontier08028,1702236985,1702237023,38
frontier08029,1702236985,1702237023,38
frontier08030,1702236993,1702237024,31
frontier08031,1702236924,1702236965,41
frontier08032,1702236924,1702236972,48
frontier08033,1702236985,1702237023,38
frontier08034,1702237013,1702237025,12
frontier08035,1702236991,1702237024,33
frontier08036,1702236965,1702237021,56
frontier08038,1702236997,1702237024,27
frontier08039,1702236932,1702236988,56
frontier08040,1702236951,1702237010,59
frontier08041,1702236910,1702236942,32
frontier08042,1702237026,1702237028,2
frontier08043,1702237005,1702237025,20
frontier08044,1702237003,1702237025,22
frontier08045,1702237013,1702237026,13
frontier08046,1702237020,1702237026,6
frontier08065,1702236929,1702236985,56
frontier08069,1702236960,1702237010,50
frontier08070,1702237013,1702237025,12
frontier08071,1702236930,1702236987,57
frontier08072,1702236998,1702237024,26
frontier08073,1702236950,1702237010,60
frontier08074,1702236951,1702237010,59
frontier08075,1702236901,1702236926,25
frontier08076,1702236982,1702237022,40
frontier08077,1702236982,1702237021,39
frontier08078,1702236947,1702237021,74
frontier08079,1702237013,1702237026,13
frontier08080,1702236950,1702237010,60
frontier08081,1702236991,1702237023,32
frontier08095,1702236972,1702237020,48
frontier08097,1702236895,1702236911,16
frontier08099,1702236928,1702236983,55
frontier08100,1702236884,1702236892,8
frontier08101,1702236929,1702236983,54
frontier08102,1702236931,1702236987,56
frontier08103,1702236972,1702237021,49
frontier08104,1702236897,1702236926,29
frontier08105,1702237025,1702237027,2
frontier08106,1702236918,1702236965,47
frontier08107,1702236931,1702236987,56
frontier08112,1702236897,1702236927,30
frontier08114,1702236982,1702237022,40
frontier08115,1702236966,1702237021,55
frontier08121,1702236960,1702237020,60
frontier08122,1702236884,1702236895,11
frontier08123,1702236982,1702237022,40
frontier08124,1702236926,1702236984,58
frontier08127,1702236982,1702237021,39
frontier08129,1702236951,1702237010,59
frontier08130,1702236929,1702236973,44
frontier08131,1702236950,1702237010,60
frontier08133,1702236922,1702236966,44
frontier08134,1702236930,1702236986,56
frontier08135,1702236932,1702236989,57
frontier08136,1702236930,1702236992,62
frontier08141,1702236924,1702236972,48
frontier08142,1702236988,1702237023,35
frontier08143,1702236965,1702237021,56
frontier08144,1702237003,1702237025,22
frontier08145,1702236924,1702236972,48
frontier08146,1702236924,1702236972,48
frontier08147,1702236906,1702236929,23
frontier08148,1702237013,1702237026,13
frontier08149,1702237026,1702237028,2
frontier08150,1702236924,1702236972,48
frontier08151,1702236991,1702237023,32
frontier08152,1702236973,1702237021,48
frontier08153,1702237025,1702237027,2
frontier08156,1702237013,1702237026,13
frontier08157,1702236884,1702236895,11
frontier08158,1702236973,1702237021,48
frontier08159,1702237013,1702237026,13
frontier08160,1702236973,1702237021,48
frontier08161,1702236983,1702237022,39
frontier08162,1702237013,1702237025,12
frontier08163,1702236884,1702236892,8
frontier08164,1702236973,1702237022,49
frontier08166,1702236895,1702236920,25
frontier08167,1702236950,1702237010,60
frontier08168,1702236965,1702237021,56
frontier08169,1702236883,1702236892,9
frontier08170,1702236924,1702236973,49
frontier08171,1702237003,1702237025,22
frontier08199,1702236965,1702237020,55
frontier08203,1702236895,1702236918,23
frontier08204,1702237013,1702237026,13
frontier08220,1702236951,1702237010,59
frontier08221,1702236930,1702236986,56
frontier08222,1702236930,1702236987,57
frontier08225,1702236872,1702236888,16
frontier08226,1702236900,1702236920,20
frontier08227,1702236982,1702237022,40
frontier08228,1702236960,1702237021,61
frontier08229,1702236951,1702237010,59
frontier08230,1702236924,1702236967,43
frontier08231,1702236950,1702237010,60
frontier08232,1702236982,1702237021,39
frontier08233,1702236929,1702236982,53
frontier08234,1702236930,1702236987,57
frontier08235,1702236931,1702236988,57
frontier08236,1702236973,1702237021,48
frontier08237,1702236951,1702237010,59
frontier08238,1702236951,1702237014,63
frontier08240,1702236951,1702237010,59
frontier08241,1702236897,1702236913,16
frontier08242,1702236983,1702237022,39
frontier08244,1702236929,1702236973,44
frontier08246,1702236951,1702237010,59
frontier08247,1702236965,1702237021,56
frontier08248,1702237013,1702237025,12
frontier08249,1702236884,1702236893,9
frontier08250,1702236951,1702237010,59
frontier08251,1702236884,1702236892,8
frontier08252,1702236951,1702237010,59
frontier08253,1702236930,1702236987,57
frontier08254,1702236973,1702237021,48
frontier08255,1702236930,1702236986,56
frontier08256,1702236965,1702237021,56
frontier08257,1702236928,1702236983,55
frontier08258,1702236965,1702237021,56
frontier08261,1702236982,1702237022,40
frontier08263,1702236857,1702236864,7
frontier08264,1702236884,1702236893,9
frontier08265,1702236950,1702237010,60
frontier08268,1702236982,1702237022,40
frontier08269,1702237004,1702237025,21
frontier08270,1702236988,1702237023,35
frontier08271,1702236985,1702237023,38
frontier08272,1702236985,1702237023,38
frontier08273,1702236983,1702237023,40
frontier08274,1702236998,1702237024,26
frontier08275,1702237013,1702237025,12
frontier08276,1702236924,1702236966,42
frontier08277,1702236998,1702237024,26
frontier08278,1702236988,1702237023,35
frontier08279,1702236997,1702237024,27
frontier08280,1702236893,1702236897,4
frontier08281,1702237014,1702237026,12
frontier08282,1702237020,1702237026,6
frontier08284,1702236924,1702236966,42
frontier08285,1702236907,1702236930,23
frontier08286,1702237003,1702237024,21
frontier08287,1702236924,1702236972,48
frontier08288,1702237013,1702237026,13
frontier08289,1702236985,1702237023,38
frontier08290,1702236997,1702237024,27
frontier08291,1702237003,1702237024,21
frontier08292,1702237021,1702237026,5
frontier08293,1702236982,1702237022,40
frontier08294,1702236929,1702236983,54
frontier08295,1702237026,1702237028,2
frontier08329,1702236897,1702236927,30
frontier08330,1702236864,1702236867,3
frontier08331,1702236966,1702237021,55
frontier08334,1702236897,1702236925,28
frontier08335,1702236895,1702236911,16
frontier08336,1702236897,1702236926,29
frontier08337,1702236965,1702237021,56
frontier08340,1702236895,1702236911,16
frontier08341,1702236973,1702237021,48
frontier08342,1702236960,1702237010,50
frontier08343,1702236972,1702237020,48
frontier08344,1702236982,1702237021,39
frontier08346,1702236973,1702237021,48
frontier08347,1702236951,1702237010,59
frontier08348,1702237013,1702237026,13
frontier08349,1702236895,1702236921,26
frontier08352,1702236897,1702236919,22
frontier08353,1702236884,1702236893,9
frontier08354,1702236982,1702237021,39
frontier08355,1702236897,1702236926,29
frontier08356,1702236951,1702237010,59
frontier08360,1702236931,1702236988,57
frontier08361,1702236965,1702237021,56
frontier08362,1702236928,1702236984,56
frontier08363,1702236930,1702236986,56
frontier08364,1702236965,1702237020,55
frontier08366,1702236930,1702236987,57
frontier08367,1702236973,1702237021,48
frontier08368,1702236973,1702237021,48
frontier08369,1702236930,1702236986,56
frontier08370,1702236897,1702236920,23
frontier08374,1702236897,1702236924,27
frontier08376,1702236982,1702237021,39
frontier08377,1702236981,1702237021,40
frontier08378,1702236943,1702237020,77
frontier08381,1702236951,1702237010,59
frontier08382,1702236982,1702237022,40
frontier08383,1702236895,1702236921,26
frontier08384,1702236960,1702237020,60
frontier08385,1702236982,1702237022,40
frontier08386,1702236884,1702236893,9
frontier08387,1702236932,1702236991,59
frontier08388,1702236972,1702237020,48
frontier08389,1702237013,1702237025,12
frontier08390,1702237013,1702237025,12
frontier08391,1702236950,1702237010,60
frontier08395,1702237004,1702237025,21
frontier08396,1702237003,1702237024,21
frontier08397,1702236906,1702236929,23
frontier08398,1702237003,1702237024,21
frontier08399,1702236991,1702237023,32
frontier08400,1702236997,1702237024,27
frontier08401,1702236985,1702237023,38
frontier08402,1702237026,1702237029,3
frontier08403,1702237004,1702237024,20
frontier08404,1702237027,1702237029,2
frontier08406,1702237004,1702237025,21
frontier08407,1702236951,1702237010,59
frontier08408,1702236932,1702236988,56
frontier08409,1702236951,1702237010,59
frontier08410,1702236965,1702237020,55
frontier08411,1702236982,1702237020,38
frontier08412,1702236997,1702237024,27
frontier08413,1702237013,1702237025,12
frontier08414,1702237026,1702237028,2
frontier08415,1702236991,1702237024,33
frontier08416,1702237003,1702237024,21
frontier08417,1702236924,1702236972,48
frontier08457,1702236994,1702237024,30
frontier08458,1702236973,1702237021,48
frontier08461,1702237026,1702237028,2
frontier08462,1702236895,1702236920,25
frontier08463,1702236997,1702237024,27
frontier08464,1702237003,1702237024,21
frontier08465,1702236918,1702236965,47
frontier08467,1702236931,1702236987,56
frontier08469,1702237024,1702237027,3
frontier08471,1702236932,1702236988,56
frontier08472,1702236895,1702236911,16
frontier08473,1702237004,1702237025,21
frontier08474,1702237003,1702237024,21
frontier08475,1702236982,1702237021,39
frontier08476,1702236912,1702236947,35
frontier08481,1702236965,1702237020,55
frontier08482,1702237026,1702237028,2
frontier08483,1702236895,1702236921,26
frontier08484,1702236930,1702236987,57
frontier08485,1702236891,1702236894,3
frontier08486,1702237003,1702237024,21
frontier08487,1702236872,1702236891,19
frontier08488,1702236951,1702237010,59
frontier08489,1702236951,1702237010,59
frontier08491,1702236897,1702236924,27
frontier08493,1702236982,1702237022,40
frontier08496,1702236982,1702237022,40
frontier08499,1702236911,1702236943,32
frontier08500,1702236951,1702237010,59
frontier08501,1702236965,1702237020,55
frontier08503,1702236931,1702236988,57
frontier08504,1702236960,1702237021,61
frontier08505,1702236981,1702237022,41
frontier08506,1702236960,1702237010,50
frontier08507,1702236897,1702236925,28
frontier08508,1702236930,1702236986,56
frontier08509,1702236872,1702236888,16
frontier08510,1702236911,1702236943,32
frontier08511,1702236872,1702236890,18
frontier08512,1702236981,1702237022,41
frontier08513,1702236982,1702237021,39
frontier08514,1702236941,1702237010,69
frontier08515,1702236950,1702237010,60
frontier08516,1702236960,1702237014,54
frontier08518,1702236929,1702236982,53
frontier08519,1702236897,1702236924,27
frontier08520,1702236973,1702237020,47
frontier08521,1702236897,1702236926,29
frontier08522,1702236973,1702237020,47
frontier08523,1702236884,1702236892,8
frontier08524,1702236965,1702237021,56
frontier08525,1702236973,1702237021,48
frontier08527,1702237003,1702237025,22
frontier08528,1702236983,1702237022,39
frontier08529,1702237019,1702237026,7
frontier08530,1702237013,1702237026,13
frontier08531,1702237004,1702237025,21
frontier08532,1702236998,1702237024,26
frontier08533,1702236982,1702237021,39
frontier08534,1702237003,1702237024,21
frontier08535,1702236872,1702236890,18
frontier08536,1702237003,1702237025,22
frontier08537,1702236989,1702237024,35
frontier08538,1702237003,1702237025,22
frontier08539,1702237021,1702237026,5
frontier08540,1702236997,1702237024,27
frontier08541,1702236911,1702236947,36
frontier08542,1702237003,1702237024,21
frontier08577,1702236951,1702237010,59
frontier08581,1702236973,1702237021,48
frontier08583,1702236965,1702237021,56
frontier08584,1702236982,1702237022,40
frontier08590,1702236951,1702237010,59
frontier08594,1702236982,1702237022,40
frontier08595,1702236951,1702237010,59
frontier08598,1702236950,1702237010,60
frontier08599,1702236976,1702237021,45
frontier08601,1702237013,1702237025,12
frontier08602,1702237004,1702237025,21
frontier08606,1702236872,1702236891,19
frontier08607,1702236930,1702236987,57
frontier08608,1702237012,1702237025,13
frontier08609,1702236930,1702236987,57
frontier08610,1702236930,1702236987,57
frontier08611,1702236982,1702237022,40
frontier08613,1702236931,1702236988,57
frontier08615,1702236973,1702237021,48
frontier08616,1702236870,1702236887,17
frontier08617,1702236982,1702237022,40
frontier08618,1702236897,1702236924,27
frontier08619,1702236895,1702236911,16
frontier08620,1702237025,1702237028,3
frontier08629,1702236951,1702237010,59
frontier08631,1702236965,1702237021,56
frontier08632,1702237025,1702237028,3
frontier08635,1702236871,1702236886,15
frontier08636,1702236930,1702236987,57
frontier08637,1702236897,1702236926,29
frontier08638,1702237025,1702237028,3
frontier08639,1702236982,1702237022,40
frontier08641,1702237013,1702237026,13
frontier08642,1702237013,1702237025,12
frontier08643,1702236895,1702236911,16
frontier08644,1702237025,1702237028,3
frontier08645,1702236858,1702236864,6
frontier08646,1702236901,1702236924,23
frontier08647,1702236982,1702237021,39
frontier08648,1702236950,1702237010,60
frontier08649,1702236982,1702237022,40
frontier08650,1702236932,1702236989,57
frontier08651,1702236991,1702237024,33
frontier08652,1702237003,1702237024,21
frontier08653,1702236924,1702236965,41
frontier08654,1702237014,1702237025,11
frontier08655,1702236997,1702237024,27
frontier08656,1702236997,1702237024,27
frontier08657,1702237003,1702237024,21
frontier08658,1702237013,1702237025,12
frontier08659,1702236988,1702237023,35
frontier08660,1702236988,1702237023,35
frontier08661,1702236991,1702237024,33
frontier08662,1702237003,1702237025,22
frontier08663,1702237013,1702237026,13
frontier08664,1702236997,1702237024,27
frontier08665,1702237021,1702237025,4
frontier08666,1702237013,1702237025,12
frontier08668,1702236997,1702237024,27
frontier08669,1702236988,1702237023,35
frontier08670,1702236982,1702237022,40
frontier08672,1702236997,1702237025,28
frontier08675,1702236943,1702237021,78
frontier08678,1702237003,1702237024,21
frontier08679,1702237025,1702237027,2
frontier08680,1702236983,1702237022,39
frontier08682,1702236897,1702236924,27
frontier08683,1702236982,1702237022,40
frontier08705,1702236965,1702237021,56
frontier08709,1702236982,1702237021,39
frontier08712,1702236951,1702237010,59
frontier08713,1702237013,1702237025,12
frontier08714,1702236951,1702237010,59
frontier08715,1702236926,1702236972,46
frontier08716,1702236960,1702237021,61
frontier08717,1702236982,1702237022,40
frontier08718,1702236895,1702236923,28
frontier08719,1702236950,1702237010,60
frontier08720,1702236930,1702236984,54
frontier08727,1702236872,1702236891,19
frontier08728,1702237026,1702237028,2
frontier08734,1702236884,1702236892,8
frontier08737,1702236965,1702237020,55
frontier08738,1702236857,1702236860,3
frontier08739,1702236981,1702237022,41
frontier08740,1702236884,1702236895,11
frontier08741,1702236884,1702236893,9
frontier08742,1702236982,1702237021,39
frontier08743,1702236892,1702236894,2
frontier08744,1702236982,1702237022,40
frontier08746,1702236884,1702236893,9
frontier08747,1702236965,1702237020,55
frontier08748,1702236972,1702237022,50
frontier08749,1702236965,1702237021,56
frontier08751,1702236960,1702237021,61
frontier08753,1702236972,1702237021,49
frontier08755,1702236884,1702236893,9
frontier08756,1702236973,1702237020,47
frontier08758,1702236900,1702236920,20
frontier08759,1702237026,1702237028,2
frontier08761,1702236895,1702236897,2
frontier08763,1702237012,1702237025,13
frontier08764,1702236965,1702237020,55
frontier08765,1702236897,1702236925,28
frontier08766,1702236983,1702237021,38
frontier08767,1702236950,1702237010,60
frontier08768,1702236951,1702237010,59
frontier08769,1702236930,1702236986,56
frontier08773,1702236930,1702236987,57
frontier08774,1702236922,1702236966,44
frontier08775,1702236981,1702237022,41
frontier08779,1702236982,1702237021,39
frontier08780,1702236882,1702236892,10
frontier08781,1702236988,1702237023,35
frontier08805,1702237003,1702237025,22
frontier08806,1702236972,1702237021,49
frontier08807,1702236965,1702237021,56
frontier08808,1702236982,1702237022,40
frontier08809,1702236996,1702237024,28
frontier08812,1702236997,1702237024,27
frontier08813,1702236997,1702237024,27
frontier08816,1702236997,1702237025,28
frontier08817,1702236909,1702236933,24
frontier08818,1702237013,1702237026,13
frontier08820,1702236924,1702236966,42
frontier08821,1702237013,1702237025,12
frontier08822,1702236997,1702237024,27
frontier08823,1702236997,1702237024,27
frontier08824,1702236924,1702236965,41
frontier08825,1702237013,1702237025,12
frontier08826,1702237003,1702237025,22
frontier08827,1702236997,1702237024,27
frontier08828,1702236991,1702237023,32
frontier08829,1702236984,1702237023,39
frontier08830,1702236984,1702237022,38
frontier08831,1702237013,1702237025,12
frontier08833,1702236965,1702237021,56
frontier08837,1702237005,1702237025,20
frontier08838,1702236931,1702236988,57
frontier08839,1702236973,1702237022,49
frontier08840,1702237026,1702237028,2
frontier08845,1702236872,1702236890,18
frontier08847,1702236973,1702237021,48
frontier08848,1702236973,1702237023,50
frontier08850,1702236966,1702237021,55
frontier08851,1702236982,1702237022,40
frontier08852,1702236982,1702237022,40
frontier08855,1702236857,1702236863,6
frontier08856,1702236930,1702236986,56
frontier08867,1702236960,1702237020,60
frontier08869,1702236928,1702236983,55
frontier08870,1702236930,1702236987,57
frontier08886,1702236972,1702237020,48
frontier08896,1702236926,1702236965,39
frontier08898,1702236982,1702237022,40
frontier08899,1702236895,1702236921,26
frontier08900,1702236950,1702237010,60
frontier08902,1702236983,1702237021,38
frontier08904,1702236965,1702237021,56
frontier08905,1702236982,1702237022,40
frontier08906,1702236981,1702237022,41
frontier08908,1702236924,1702236972,48
frontier08909,1702236997,1702237024,27
frontier08910,1702236994,1702237023,29
frontier08911,1702237004,1702237024,20
frontier08912,1702236998,1702237024,26
frontier08913,1702237026,1702237028,2
frontier08917,1702236983,1702237023,40
frontier08918,1702236924,1702236967,43
frontier08919,1702236997,1702237024,27
frontier08920,1702237003,1702237024,21
frontier08921,1702237004,1702237025,21
frontier08922,1702236993,1702237023,30
frontier08923,1702237013,1702237025,12
frontier08924,1702236997,1702237025,28
frontier08925,1702237027,1702237029,2
frontier08926,1702237004,1702237025,21
frontier08927,1702237004,1702237025,21
frontier08928,1702236923,1702236972,49
frontier08929,1702236973,1702237021,48
frontier08930,1702236884,1702236893,9
frontier08931,1702236960,1702237021,61
frontier08935,1702236857,1702236861,4
frontier08936,1702236901,1702236924,23
frontier08938,1702236897,1702236924,27
frontier08941,1702236967,1702237021,54
frontier08942,1702236895,1702236924,29
frontier08943,1702236998,1702237024,26
frontier08944,1702237013,1702237025,12
frontier08945,1702236924,1702236972,48
frontier08946,1702236976,1702237021,45
frontier08947,1702236897,1702236926,29
frontier08948,1702236951,1702237010,59
frontier08949,1702236965,1702237021,56
frontier08950,1702236897,1702236924,27
frontier08951,1702236988,1702237023,35
frontier08952,1702236984,1702237023,39
frontier08953,1702236991,1702237024,33
frontier08954,1702236988,1702237023,35
frontier08955,1702237004,1702237024,20
frontier08956,1702236991,1702237023,32
frontier08957,1702236996,1702237024,28
frontier08958,1702237020,1702237026,6
frontier08959,1702236988,1702237023,35
frontier08961,1702236931,1702236985,54
frontier08965,1702236960,1702237021,61
frontier08966,1702236972,1702237020,48
frontier08967,1702236950,1702237010,60
frontier08968,1702237025,1702237027,2
frontier08970,1702236943,1702237021,78
frontier08971,1702236982,1702237022,40
frontier08972,1702236897,1702236926,29
frontier08979,1702237013,1702237025,12
frontier08980,1702236982,1702237021,39
frontier08983,1702236884,1702236892,8
frontier08986,1702236951,1702237010,59
frontier08988,1702237026,1702237028,2
frontier08997,1702236897,1702236926,29
frontier08998,1702236960,1702237021,61
frontier08999,1702236972,1702237022,50
frontier09001,1702236950,1702237010,60
frontier09002,1702236884,1702236893,9
frontier09019,1702236982,1702237022,40
frontier09021,1702236930,1702236983,53
frontier09034,1702236997,1702237024,27
frontier09037,1702236951,1702237010,59
frontier09038,1702236951,1702237010,59
frontier09041,1702236984,1702237021,37
frontier09042,1702236960,1702237020,60
frontier09043,1702236989,1702237023,34
frontier09044,1702236924,1702236972,48
frontier09045,1702237003,1702237024,21
frontier09046,1702236895,1702236918,23
frontier09047,1702237013,1702237025,12
frontier09049,1702236998,1702237024,26
frontier09050,1702236906,1702236929,23
frontier09051,1702237013,1702237026,13
frontier09052,1702237005,1702237025,20
frontier09054,1702237021,1702237025,4
frontier09055,1702236998,1702237024,26
frontier09056,1702237026,1702237028,2
frontier09057,1702236993,1702237024,31
frontier09059,1702236907,1702236930,23
frontier09060,1702237013,1702237025,12
frontier09062,1702236991,1702237024,33
frontier09064,1702237003,1702237025,22
frontier09067,1702236997,1702237024,27
frontier09068,1702236924,1702236965,41
frontier09069,1702237013,1702237025,12
frontier09070,1702236981,1702237022,41
frontier09071,1702236914,1702236960,46
frontier09072,1702237003,1702237025,22
frontier09073,1702236998,1702237024,26
frontier09074,1702236983,1702237023,40
frontier09078,1702236914,1702236970,56
frontier09079,1702237003,1702237024,21
frontier09080,1702237026,1702237028,2
frontier09083,1702236895,1702236924,29
frontier09084,1702236930,1702236987,57
frontier09085,1702236897,1702236927,30
frontier09086,1702236929,1702236983,54
frontier09087,1702236924,1702236966,42
frontier09088,1702236928,1702236987,59
frontier10113,1702236981,1702237022,41
frontier10114,1702236951,1702237010,59
frontier10115,1702236928,1702236982,54
frontier10116,1702236951,1702237010,59
frontier10119,1702236973,1702237022,49
frontier10121,1702237013,1702237026,13
frontier10122,1702236965,1702237020,55
frontier10124,1702236901,1702236929,28
frontier10130,1702236882,1702236892,10
frontier10133,1702236930,1702236987,57
frontier10135,1702236951,1702237010,59
frontier10139,1702236950,1702237010,60
frontier10143,1702236972,1702237021,49
frontier10144,1702236951,1702237010,59
frontier10145,1702236982,1702237022,40
frontier10146,1702236930,1702236987,57
frontier10166,1702236897,1702236926,29
frontier10167,1702236929,1702236983,54
frontier10170,1702236897,1702236926,29
frontier10174,1702237013,1702237026,13
frontier10179,1702236882,1702236892,10
frontier10187,1702237013,1702237026,13
frontier10188,1702236984,1702237022,38
frontier10189,1702236924,1702236972,48
frontier10190,1702236997,1702237024,27
frontier10191,1702237013,1702237025,12
frontier10192,1702236906,1702236928,22
frontier10193,1702236997,1702237024,27
frontier10195,1702236997,1702237024,27
frontier10197,1702237025,1702237028,3
frontier10198,1702237004,1702237025,21
frontier10199,1702236913,1702236950,37
frontier10201,1702236997,1702237024,27
frontier10203,1702236924,1702236972,48
frontier10204,1702236998,1702237024,26
frontier10205,1702236924,1702236972,48
frontier10206,1702237003,1702237025,22
frontier10207,1702236951,1702237010,59
frontier10208,1702236951,1702237010,59
frontier10211,1702236960,1702237021,61
frontier10212,1702236965,1702237022,57
frontier10213,1702236884,1702236892,8
frontier10214,1702236928,1702236985,57
frontier10215,1702236982,1702237021,39
frontier10217,1702236882,1702236892,10
frontier10218,1702236884,1702236892,8
frontier10219,1702236965,1702237021,56
frontier10220,1702236976,1702237022,46
frontier10223,1702237003,1702237024,21
frontier10227,1702236924,1702236972,48
frontier10228,1702237003,1702237024,21
frontier10229,1702236982,1702237021,39
frontier10230,1702236928,1702236987,59
frontier10231,1702236997,1702237024,27
frontier10232,1702236928,1702236985,57
frontier10233,1702236997,1702237024,27
frontier10234,1702237005,1702237025,20
frontier10235,1702236907,1702236930,23
frontier10236,1702236985,1702237023,38
frontier10237,1702236897,1702236926,29
frontier10238,1702236997,1702237024,27
frontier10239,1702236998,1702237024,26
frontier10240,1702236982,1702237022,40
frontier10241,1702236982,1702237021,39
frontier10242,1702236965,1702237020,55
frontier10243,1702236973,1702237021,48
frontier10245,1702236884,1702236892,8
frontier10246,1702236983,1702237021,38
frontier10247,1702236966,1702237021,55
frontier10248,1702236941,1702236993,52
frontier10249,1702236929,1702236981,52
frontier10250,1702236951,1702237010,59
frontier10251,1702236884,1702236892,8
frontier10253,1702236884,1702236892,8
frontier10262,1702236951,1702237010,59
frontier10270,1702236897,1702236919,22
frontier10276,1702236884,1702236892,8
frontier10295,1702236918,1702236960,42
frontier10296,1702236973,1702237021,48
frontier10302,1702236950,1702237010,60
frontier10313,1702236973,1702237021,48
frontier10315,1702236988,1702237023,35
frontier10316,1702236998,1702237024,26
frontier10324,1702237004,1702237025,21
frontier10326,1702237026,1702237028,2
frontier10330,1702236951,1702237010,59
frontier10346,1702237013,1702237025,12
frontier10349,1702236997,1702237024,27
frontier10350,1702237025,1702237028,3
frontier10351,1702236991,1702237023,32
frontier10352,1702237021,1702237026,5
frontier10353,1702236997,1702237024,27
frontier10354,1702236922,1702236969,47
frontier10355,1702237004,1702237025,21
frontier10357,1702237026,1702237028,2
frontier10358,1702237025,1702237028,3
frontier10363,1702237003,1702237025,22
frontier10364,1702237003,1702237025,22
frontier10365,1702236985,1702237023,38
frontier10367,1702236991,1702237024,33
frontier10368,1702236857,1702236861,4
frontier10373,1702236931,1702236987,56
frontier10374,1702236895,1702236921,26
frontier10375,1702236973,1702237021,48
frontier10383,1702236973,1702237021,48
frontier10387,1702237026,1702237028,2
frontier10390,1702236972,1702237022,50
frontier10392,1702236947,1702237021,74
frontier10395,1702236965,1702237021,56
frontier10396,1702236951,1702237010,59
frontier10415,1702236982,1702237021,39
frontier10417,1702236932,1702236988,56
frontier10428,1702236930,1702236987,57
frontier10433,1702236965,1702237020,55
frontier10434,1702236872,1702236888,16
frontier10436,1702236982,1702237022,40
frontier10437,1702236931,1702236987,56
frontier10438,1702236965,1702237021,56
frontier10439,1702236897,1702236926,29
frontier10440,1702236901,1702236920,19
frontier10442,1702237028,1702237030,2
frontier10443,1702236993,1702237024,31
frontier10445,1702236906,1702236930,24
frontier10446,1702236997,1702237024,27
frontier10447,1702236991,1702237023,32
frontier10449,1702236997,1702237025,28
frontier10452,1702236924,1702236966,42
frontier10453,1702236941,1702236994,53
frontier10454,1702236960,1702237021,61
frontier10455,1702236930,1702236987,57
frontier10456,1702236943,1702237021,78
frontier10459,1702236907,1702236930,23
frontier10460,1702236991,1702237023,32
frontier10461,1702237014,1702237025,11
frontier10462,1702237027,1702237029,2
frontier10464,1702236930,1702236987,57
frontier10465,1702236985,1702237023,38
frontier10466,1702237013,1702237026,13
frontier10467,1702236924,1702236966,42
frontier10470,1702237003,1702237024,21
frontier10471,1702236983,1702237022,39
frontier10476,1702237021,1702237026,5
frontier10480,1702236939,1702236994,55
frontier10481,1702237003,1702237025,22
frontier10482,1702236991,1702237023,32
frontier10483,1702236929,1702236982,53
frontier10484,1702237021,1702237025,4
frontier10485,1702236997,1702237024,27
frontier10486,1702236991,1702237024,33
frontier10487,1702237003,1702237025,22
frontier10488,1702236933,1702236997,64
frontier10489,1702236989,1702237023,34
frontier10490,1702236983,1702237022,39
frontier10491,1702236960,1702237010,50
frontier10492,1702236943,1702237021,78
frontier10493,1702236924,1702236967,43
frontier10495,1702236931,1702236987,56
frontier10496,1702236965,1702237022,57
