frontier00015,1706617016,1706617044,28
frontier00016,1706617016,1706617042,26
frontier00017,1706617080,1706617130,50
frontier00018,1706617171,1706617207,36
frontier00019,1706616974,1706616982,8
frontier00020,1706616953,1706616956,3
frontier00021,1706616969,1706616976,7
frontier00022,1706616950,1706616957,7
frontier00027,1706616960,1706616965,5
frontier00028,1706616958,1706616962,4
frontier00029,1706617137,1706617187,50
frontier00030,1706617207,1706617240,33
frontier00031,1706617205,1706617239,34
frontier00032,1706617016,1706617042,26
frontier00033,1706617179,1706617226,47
frontier00034,1706616953,1706616957,4
frontier00035,1706617081,1706617119,38
frontier00036,1706617136,1706617190,54
frontier00037,1706617190,1706617239,49
frontier00038,1706617144,1706617208,64
frontier00039,1706617144,1706617192,48
frontier00040,1706617171,1706617206,35
frontier00041,1706617079,1706617094,15
frontier00042,1706617068,1706617091,23
frontier00043,1706617001,1706617004,3
frontier00044,1706617207,1706617239,32
frontier00045,1706617068,1706617081,13
frontier00046,1706616981,1706616984,3
frontier00047,1706617207,1706617240,33
frontier00048,1706616974,1706616981,7
frontier00049,1706617050,1706617067,17
frontier00050,1706617047,1706617069,22
frontier00051,1706617050,1706617069,19
frontier00052,1706616979,1706616987,8
frontier00053,1706617090,1706617132,42
frontier00054,1706617181,1706617229,48
frontier00055,1706617132,1706617192,60
frontier00056,1706617091,1706617178,87
frontier00057,1706617141,1706617189,48
frontier00058,1706617205,1706617235,30
frontier00059,1706617031,1706617042,11
frontier00060,1706617180,1706617227,47
frontier00061,1706617079,1706617130,51
frontier00062,1706617180,1706617228,48
frontier00063,1706617016,1706617042,26
frontier00064,1706617047,1706617069,22
frontier00065,1706616964,1706616968,4
frontier00066,1706617019,1706617021,2
frontier00067,1706617181,1706617228,47
frontier00068,1706617173,1706617213,40
frontier00069,1706617091,1706617133,42
frontier00070,1706617000,1706617004,4
frontier00071,1706617207,1706617235,28
frontier00072,1706617207,1706617239,32
frontier00073,1706617136,1706617187,51
frontier00074,1706616950,1706616957,7
frontier00075,1706617136,1706617192,56
frontier00076,1706617190,1706617239,49
frontier00077,1706617205,1706617240,35
frontier00078,1706617091,1706617146,55
frontier00079,1706617205,1706617240,35
frontier00080,1706617014,1706617043,29
frontier00081,1706616986,1706616989,3
frontier00082,1706617175,1706617216,41
frontier00083,1706617180,1706617229,49
frontier00084,1706617075,1706617096,21
frontier00085,1706617207,1706617240,33
frontier00086,1706617050,1706617069,19
frontier00087,1706617205,1706617239,34
frontier00088,1706617004,1706617006,2
frontier00089,1706617206,1706617240,34
frontier00090,1706617207,1706617240,33
frontier00100,1706617047,1706617067,20
frontier00102,1706617137,1706617190,53
frontier00103,1706617172,1706617213,41
frontier00104,1706616965,1706616971,6
frontier00105,1706617189,1706617235,46
frontier00106,1706617137,1706617189,52
frontier00107,1706617048,1706617069,21
frontier00108,1706617049,1706617067,18
frontier00109,1706616990,1706616992,2
frontier00110,1706617188,1706617235,47
frontier00111,1706617205,1706617240,35
frontier00112,1706617130,1706617192,62
frontier00113,1706617090,1706617134,44
frontier00114,1706616965,1706616969,4
frontier00115,1706617206,1706617239,33
frontier00116,1706617047,1706617050,3
frontier00117,1706617205,1706617239,34
frontier00118,1706617038,1706617047,9
frontier00119,1706617110,1706617157,47
frontier00120,1706617205,1706617235,30
frontier00121,1706617091,1706617145,54
frontier00122,1706616986,1706616989,3
frontier00123,1706617180,1706617228,48
frontier00124,1706617207,1706617240,33
frontier00125,1706617136,1706617176,40
frontier00126,1706617172,1706617212,40
frontier00127,1706617207,1706617240,33
frontier00128,1706617180,1706617227,47
frontier00143,1706616958,1706616963,5
frontier00144,1706617091,1706617173,82
frontier00145,1706617047,1706617067,20
frontier00146,1706617068,1706617081,13
frontier00147,1706617207,1706617235,28
frontier00148,1706617205,1706617239,34
frontier00149,1706617049,1706617069,20
frontier00150,1706617064,1706617078,14
frontier00156,1706617207,1706617239,32
frontier00157,1706617181,1706617234,53
frontier00158,1706617189,1706617235,46
frontier00159,1706617207,1706617239,32
frontier00160,1706617189,1706617234,45
frontier00162,1706617110,1706617181,71
frontier00163,1706617180,1706617228,48
frontier00164,1706617207,1706617234,27
frontier00165,1706617091,1706617157,66
frontier00166,1706617205,1706617239,34
frontier00167,1706617205,1706617239,34
frontier00168,1706617068,1706617082,14
frontier00169,1706617050,1706617067,17
frontier00170,1706617080,1706617121,41
frontier00171,1706617207,1706617238,31
frontier00172,1706617200,1706617235,35
frontier00173,1706617194,1706617235,41
frontier00174,1706617038,1706617045,7
frontier00175,1706617091,1706617138,47
frontier00176,1706617206,1706617239,33
frontier00177,1706617180,1706617227,47
frontier00178,1706617205,1706617239,34
frontier00179,1706617207,1706617240,33
frontier00180,1706617205,1706617239,34
frontier00181,1706617206,1706617240,34
frontier00182,1706617194,1706617235,41
frontier00183,1706617205,1706617239,34
frontier00184,1706617205,1706617236,31
frontier00185,1706617206,1706617238,32
frontier00186,1706617189,1706617237,48
frontier00187,1706617068,1706617082,14
frontier00188,1706617205,1706617238,33
frontier00189,1706617050,1706617069,19
frontier00190,1706617205,1706617235,30
frontier00191,1706617205,1706617239,34
frontier00192,1706617047,1706617050,3
frontier00193,1706617130,1706617192,62
frontier00194,1706617015,1706617045,30
frontier00195,1706617172,1706617213,41
frontier00196,1706617091,1706617134,43
frontier00197,1706617091,1706617145,54
frontier00198,1706617207,1706617239,32
frontier00199,1706616960,1706616964,4
frontier00200,1706616970,1706616977,7
frontier00201,1706616964,1706616968,4
frontier00202,1706616971,1706616978,7
frontier00203,1706616965,1706616970,5
frontier00204,1706616969,1706616976,7
frontier00205,1706617172,1706617212,40
frontier00206,1706617179,1706617227,48
frontier00207,1706617189,1706617237,48
frontier00208,1706617020,1706617021,1
frontier00209,1706617182,1706617229,47
frontier00210,1706616970,1706616977,7
frontier00211,1706617181,1706617228,47
frontier00212,1706617110,1706617181,71
frontier00213,1706617171,1706617212,41
frontier00214,1706617110,1706617177,67
frontier00215,1706617200,1706617238,38
frontier00216,1706617016,1706617021,5
frontier00217,1706617144,1706617205,61
frontier00218,1706617082,1706617113,31
frontier00219,1706617205,1706617238,33
frontier00220,1706617050,1706617069,19
frontier00221,1706617173,1706617213,40
frontier00222,1706616971,1706616978,7
frontier00223,1706617038,1706617047,9
frontier00224,1706616950,1706616957,7
frontier00225,1706617171,1706617212,41
frontier00226,1706616950,1706616957,7
frontier00227,1706617207,1706617239,32
frontier00228,1706616967,1706616973,6
frontier00229,1706617207,1706617235,28
frontier00230,1706617205,1706617240,35
frontier00231,1706617205,1706617239,34
frontier00232,1706616977,1706616980,3
frontier00233,1706616976,1706616984,8
frontier00234,1706617047,1706617067,20
frontier00235,1706617016,1706617020,4
frontier00236,1706617205,1706617239,34
frontier00237,1706617192,1706617235,43
frontier00238,1706617136,1706617206,70
frontier00239,1706617079,1706617105,26
frontier00240,1706617091,1706617145,54
frontier00241,1706617205,1706617239,34
frontier00242,1706617137,1706617206,69
frontier00243,1706617180,1706617227,47
frontier00244,1706617190,1706617236,46
frontier00245,1706617000,1706617004,4
frontier00246,1706617079,1706617110,31
frontier00247,1706617130,1706617191,61
frontier00248,1706617205,1706617239,34
frontier00249,1706617068,1706617080,12
frontier00251,1706617137,1706617192,55
frontier00252,1706617181,1706617228,47
frontier00253,1706617205,1706617239,34
frontier00262,1706617155,1706617192,37
frontier00263,1706617038,1706617047,9
frontier00264,1706616961,1706616966,5
frontier00267,1706617206,1706617235,29
frontier00268,1706616966,1706616972,6
frontier00273,1706617144,1706617206,62
frontier00274,1706617038,1706617047,9
frontier00275,1706617207,1706617238,31
frontier00279,1706617091,1706617144,53
frontier00280,1706617079,1706617120,41
frontier00281,1706617190,1706617236,46
frontier00282,1706617190,1706617239,49
frontier00283,1706617021,1706617047,26
frontier00284,1706617038,1706617045,7
frontier00285,1706617136,1706617187,51
frontier00286,1706617068,1706617081,13
frontier00287,1706617068,1706617082,14
frontier00289,1706617091,1706617146,55
frontier00290,1706617155,1706617192,37
frontier00291,1706617090,1706617132,42
frontier00292,1706617207,1706617239,32
frontier00293,1706617205,1706617239,34
frontier00294,1706617175,1706617215,40
frontier00295,1706617031,1706617043,12
frontier00296,1706617091,1706617145,54
frontier00297,1706617180,1706617228,48
frontier00300,1706617181,1706617230,49
frontier00301,1706616989,1706616992,3
frontier00302,1706616978,1706616981,3
frontier00303,1706617136,1706617187,51
frontier00304,1706617110,1706617175,65
frontier00305,1706617189,1706617239,50
frontier00306,1706617205,1706617240,35
frontier00307,1706617171,1706617212,41
frontier00308,1706617053,1706617069,16
frontier00309,1706616968,1706616974,6
frontier00310,1706617206,1706617239,33
frontier00311,1706617076,1706617096,20
frontier00312,1706617136,1706617193,57
frontier00313,1706617206,1706617240,34
frontier00314,1706617205,1706617240,35
frontier00315,1706617205,1706617239,34
frontier00316,1706616978,1706616981,3
frontier00317,1706617155,1706617193,38
frontier00318,1706617205,1706617239,34
frontier00319,1706617127,1706617188,61
frontier00320,1706617207,1706617240,33
frontier00321,1706617180,1706617228,48
frontier00322,1706617190,1706617239,49
frontier00323,1706617136,1706617186,50
frontier00324,1706617180,1706617228,48
frontier00325,1706617206,1706617235,29
frontier00326,1706617207,1706617240,33
frontier00327,1706617130,1706617193,63
frontier00328,1706617206,1706617235,29
frontier00329,1706617206,1706617235,29
frontier00330,1706616980,1706616984,4
frontier00331,1706616977,1706616980,3
frontier00332,1706617207,1706617239,32
frontier00333,1706617090,1706617133,43
frontier00334,1706617190,1706617239,49
frontier00335,1706617068,1706617081,13
frontier00336,1706617187,1706617235,48
frontier00337,1706617206,1706617234,28
frontier00338,1706617091,1706617144,53
frontier00339,1706617016,1706617041,25
frontier00340,1706617110,1706617179,69
frontier00341,1706617205,1706617239,34
frontier00342,1706617181,1706617228,47
frontier00343,1706617015,1706617042,27
frontier00345,1706617038,1706617045,7
frontier00346,1706617172,1706617212,40
frontier00347,1706617130,1706617193,63
frontier00348,1706617079,1706617094,15
frontier00349,1706617205,1706617239,34
frontier00350,1706617144,1706617208,64
frontier00351,1706617180,1706617228,48
frontier00352,1706617091,1706617155,64
frontier00353,1706617047,1706617050,3
frontier00354,1706617205,1706617239,34
frontier00355,1706617180,1706617227,47
frontier00356,1706616961,1706616965,4
frontier00357,1706617038,1706617045,7
frontier00358,1706617013,1706617035,22
frontier00359,1706617205,1706617240,35
frontier00360,1706617130,1706617192,62
frontier00361,1706617207,1706617235,28
frontier00362,1706617049,1706617069,20
frontier00363,1706616963,1706616968,5
frontier00364,1706616965,1706616970,5
frontier00365,1706617080,1706617120,40
frontier00366,1706617205,1706617235,30
frontier00367,1706616962,1706616967,5
frontier00368,1706616959,1706616963,4
frontier00369,1706616966,1706616971,5
frontier00370,1706616965,1706616970,5
frontier00371,1706616953,1706616958,5
frontier00373,1706616953,1706616958,5
frontier00374,1706617144,1706617206,62
frontier00375,1706617080,1706617120,40
frontier00376,1706617144,1706617192,48
frontier00383,1706616974,1706616982,8
frontier00384,1706617091,1706617134,43
frontier00386,1706616958,1706616963,5
frontier00389,1706617172,1706617212,40
frontier00392,1706617205,1706617235,30
frontier00396,1706617079,1706617096,17
frontier00401,1706617091,1706617145,54
frontier00404,1706617205,1706617239,34
frontier00405,1706617206,1706617238,32
frontier00406,1706617091,1706617133,42
frontier00407,1706617031,1706617044,13
frontier00408,1706617031,1706617042,11
frontier00409,1706617174,1706617213,39
frontier00410,1706617180,1706617228,48
frontier00411,1706616969,1706616976,7
frontier00414,1706617207,1706617240,33
frontier00415,1706616973,1706616981,8
frontier00416,1706617181,1706617229,48
frontier00418,1706617190,1706617238,48
frontier00419,1706617205,1706617239,34
frontier00420,1706617038,1706617047,9
frontier00421,1706617174,1706617213,39
frontier00422,1706617091,1706617173,82
frontier00423,1706617016,1706617042,26
frontier00424,1706617000,1706617004,4
frontier00425,1706617205,1706617235,30
frontier00426,1706617207,1706617240,33
frontier00427,1706617190,1706617239,49
frontier00428,1706617137,1706617189,52
frontier00429,1706617016,1706617043,27
frontier00430,1706617130,1706617192,62
frontier00431,1706617205,1706617239,34
frontier00432,1706617172,1706617213,41
frontier00433,1706617047,1706617069,22
frontier00434,1706617068,1706617081,13
frontier00435,1706617130,1706617192,62
frontier00436,1706617137,1706617192,55
frontier00437,1706617047,1706617069,22
frontier00438,1706617205,1706617239,34
frontier00439,1706617206,1706617240,34
frontier00440,1706617090,1706617133,43
frontier00441,1706617068,1706617080,12
frontier00442,1706616994,1706616999,5
frontier00443,1706617205,1706617239,34
frontier00444,1706616971,1706616977,6
frontier00445,1706617110,1706617157,47
frontier00446,1706617205,1706617235,30
frontier00447,1706616950,1706616957,7
frontier00448,1706616993,1706616995,2
frontier00449,1706617190,1706617239,49
frontier00450,1706617206,1706617239,33
frontier00451,1706617205,1706617240,35
frontier00452,1706617207,1706617240,33
frontier00453,1706617091,1706617132,41
frontier00454,1706617004,1706617013,9
frontier00455,1706617207,1706617240,33
frontier00456,1706617207,1706617239,32
frontier00457,1706617068,1706617081,13
frontier00458,1706617206,1706617240,34
frontier00459,1706616977,1706616981,4
frontier00460,1706617091,1706617155,64
frontier00461,1706617205,1706617239,34
frontier00462,1706617091,1706617134,43
frontier00463,1706617068,1706617080,12
frontier00464,1706617206,1706617236,30
frontier00465,1706617130,1706617192,62
frontier00466,1706617050,1706617069,19
frontier00467,1706617092,1706617144,52
frontier00468,1706617090,1706617134,44
frontier00469,1706617174,1706617214,40
frontier00470,1706617013,1706617044,31
frontier00471,1706617038,1706617047,9
frontier00472,1706617048,1706617050,2
frontier00473,1706616963,1706616968,5
frontier00474,1706617110,1706617183,73
frontier00475,1706617091,1706617145,54
frontier00476,1706617068,1706617081,13
frontier00477,1706617196,1706617239,43
frontier00478,1706617206,1706617239,33
frontier00479,1706617130,1706617192,62
frontier00480,1706616990,1706616992,2
frontier00481,1706617207,1706617240,33
frontier00482,1706617206,1706617236,30
frontier00483,1706617205,1706617235,30
frontier00484,1706617172,1706617213,41
frontier00485,1706617144,1706617206,62
frontier00486,1706617205,1706617239,34
frontier00487,1706616977,1706616983,6
frontier00488,1706617181,1706617228,47
frontier00489,1706617183,1706617230,47
frontier00490,1706617189,1706617235,46
frontier00491,1706617205,1706617238,33
frontier00492,1706617182,1706617234,52
frontier00493,1706617182,1706617234,52
frontier00494,1706617207,1706617234,27
frontier00495,1706617048,1706617050,2
frontier00497,1706617136,1706617193,57
frontier00498,1706617180,1706617227,47
frontier00500,1706617079,1706617096,17
frontier00509,1706617206,1706617240,34
frontier00510,1706617138,1706617186,48
frontier00511,1706617081,1706617118,37
frontier00512,1706617090,1706617131,41
frontier00519,1706617180,1706617227,47
frontier00520,1706617136,1706617192,56
frontier00522,1706617137,1706617192,55
frontier00527,1706617190,1706617239,49
frontier00529,1706617206,1706617240,34
frontier00533,1706617110,1706617174,64
frontier00534,1706617016,1706617041,25
frontier00535,1706617016,1706617042,26
frontier00536,1706617206,1706617240,34
frontier00537,1706617205,1706617235,30
frontier00538,1706617079,1706617087,8
frontier00539,1706617130,1706617192,62
frontier00540,1706617172,1706617212,40
frontier00542,1706617206,1706617239,33
frontier00543,1706617189,1706617235,46
frontier00545,1706617070,1706617075,5
frontier00546,1706617091,1706617146,55
frontier00547,1706617207,1706617239,32
frontier00548,1706617079,1706617120,41
frontier00551,1706617110,1706617175,65
frontier00552,1706617091,1706617145,54
frontier00553,1706617091,1706617145,54
frontier00554,1706617091,1706617134,43
frontier00555,1706617047,1706617069,22
frontier00556,1706617205,1706617239,34
frontier00557,1706617188,1706617234,46
frontier00558,1706617113,1706617178,65
frontier00559,1706617174,1706617214,40
frontier00560,1706617205,1706617239,34
frontier00562,1706617047,1706617050,3
frontier00563,1706617123,1706617192,69
frontier00564,1706617090,1706617134,44
frontier00565,1706617081,1706617106,25
frontier00566,1706617090,1706617133,43
frontier00567,1706616958,1706616962,4
frontier00568,1706617130,1706617192,62
frontier00569,1706616951,1706616957,6
frontier00570,1706617205,1706617239,34
frontier00572,1706616967,1706616972,5
frontier00573,1706616958,1706616962,4
frontier00574,1706617196,1706617239,43
frontier00575,1706617186,1706617231,45
frontier00576,1706617091,1706617145,54
frontier00577,1706616981,1706616984,3
frontier00578,1706617205,1706617239,34
frontier00579,1706616990,1706616992,2
frontier00580,1706617069,1706617082,13
frontier00581,1706617075,1706617095,20
frontier00582,1706617091,1706617137,46
frontier00583,1706617015,1706617043,28
frontier00584,1706617090,1706617134,44
frontier00585,1706617090,1706617132,42
frontier00586,1706617205,1706617239,34
frontier00587,1706617207,1706617240,33
frontier00588,1706617180,1706617227,47
frontier00589,1706617207,1706617236,29
frontier00590,1706617091,1706617133,42
frontier00591,1706616970,1706616977,7
frontier00592,1706617048,1706617050,2
frontier00593,1706616990,1706616992,2
frontier00594,1706617126,1706617187,61
frontier00595,1706617207,1706617235,28
frontier00596,1706617091,1706617133,42
frontier00597,1706617173,1706617213,40
frontier00598,1706617045,1706617049,4
frontier00599,1706616968,1706616973,5
frontier00600,1706617137,1706617189,52
frontier00601,1706617091,1706617145,54
frontier00602,1706617188,1706617235,47
frontier00603,1706617048,1706617067,19
frontier00604,1706617207,1706617235,28
frontier00605,1706617137,1706617207,70
frontier00606,1706617174,1706617214,40
frontier00607,1706617207,1706617240,33
frontier00608,1706617194,1706617239,45
frontier00609,1706617205,1706617240,35
frontier00610,1706617130,1706617192,62
frontier00611,1706617090,1706617145,55
frontier00612,1706617207,1706617239,32
frontier00613,1706617050,1706617069,19
frontier00615,1706617207,1706617240,33
frontier00616,1706617205,1706617239,34
frontier00617,1706617189,1706617235,46
frontier00618,1706617190,1706617239,49
frontier00619,1706617189,1706617235,46
frontier00620,1706617144,1706617206,62
frontier00621,1706617207,1706617235,28
frontier00622,1706617207,1706617239,32
frontier00623,1706617038,1706617045,7
frontier00624,1706617182,1706617234,52
frontier00625,1706616978,1706616985,7
frontier00626,1706616950,1706616957,7
frontier00627,1706617050,1706617067,17
frontier00628,1706617200,1706617239,39
frontier00629,1706617091,1706617134,43
frontier00630,1706617207,1706617235,28
frontier00631,1706617206,1706617239,33
frontier00632,1706617004,1706617006,2
frontier00633,1706617171,1706617194,23
frontier00634,1706617047,1706617067,20
frontier00635,1706617172,1706617212,40
frontier00636,1706617174,1706617215,41
frontier00637,1706616964,1706616970,6
frontier00638,1706617205,1706617235,30
frontier00649,1706617069,1706617082,13
frontier00652,1706617091,1706617145,54
frontier00655,1706617110,1706617177,67
frontier00656,1706617206,1706617240,34
frontier00657,1706617031,1706617047,16
frontier00659,1706617091,1706617176,85
frontier00660,1706617091,1706617155,64
frontier00661,1706617206,1706617235,29
frontier00662,1706617182,1706617234,52
frontier00663,1706617190,1706617235,45
frontier00664,1706617130,1706617193,63
frontier00665,1706616976,1706616981,5
frontier00666,1706617047,1706617050,3
frontier00667,1706617016,1706617042,26
frontier00668,1706617136,1706617190,54
frontier00669,1706617172,1706617213,41
frontier00673,1706617207,1706617238,31
frontier00674,1706617207,1706617240,33
frontier00675,1706617050,1706617069,19
frontier00678,1706616963,1706616967,4
frontier00679,1706617079,1706617086,7
frontier00680,1706617205,1706617239,34
frontier00681,1706617181,1706617234,53
frontier00682,1706617021,1706617047,26
frontier00683,1706617130,1706617190,60
frontier00684,1706617180,1706617228,48
frontier00685,1706616978,1706616986,8
frontier00686,1706617038,1706617047,9
frontier00687,1706617143,1706617205,62
frontier00688,1706617137,1706617192,55
frontier00689,1706617182,1706617234,52
frontier00690,1706617048,1706617050,2
frontier00691,1706617207,1706617235,28
frontier00692,1706617194,1706617239,45
frontier00693,1706617205,1706617239,34
frontier00694,1706617194,1706617234,40
frontier00695,1706617021,1706617047,26
frontier00696,1706617091,1706617145,54
frontier00697,1706617110,1706617177,67
frontier00698,1706617047,1706617067,20
frontier00699,1706617048,1706617050,2
frontier00700,1706617132,1706617192,60
frontier00701,1706617205,1706617239,34
frontier00702,1706617182,1706617230,48
frontier00703,1706617136,1706617187,51
frontier00704,1706617205,1706617235,30
frontier00705,1706617188,1706617239,51
frontier00706,1706617189,1706617234,45
frontier00707,1706617205,1706617239,34
frontier00708,1706617091,1706617134,43
frontier00709,1706617205,1706617239,34
frontier00710,1706617144,1706617193,49
frontier00711,1706617205,1706617236,31
frontier00712,1706617205,1706617239,34
frontier00713,1706617206,1706617239,33
frontier00716,1706617207,1706617239,32
frontier00717,1706617091,1706617145,54
frontier00718,1706617016,1706617043,27
frontier00719,1706617207,1706617239,32
frontier00720,1706617047,1706617067,20
frontier00721,1706617207,1706617235,28
frontier00722,1706617206,1706617239,33
frontier00723,1706617136,1706617192,56
frontier00724,1706617079,1706617130,51
frontier00725,1706617206,1706617235,29
frontier00726,1706616965,1706616969,4
frontier00727,1706617205,1706617239,34
frontier00728,1706617190,1706617239,49
frontier00729,1706617205,1706617235,30
frontier00730,1706617091,1706617134,43
frontier00731,1706617136,1706617193,57
frontier00732,1706617047,1706617069,22
frontier00733,1706617091,1706617156,65
frontier00734,1706617068,1706617081,13
frontier00735,1706617180,1706617229,49
frontier00736,1706617207,1706617239,32
frontier00737,1706616957,1706616962,5
frontier00738,1706616970,1706616977,7
frontier00739,1706616974,1706616983,9
frontier00740,1706616958,1706616962,4
frontier00741,1706617207,1706617235,28
frontier00742,1706616989,1706616992,3
frontier00743,1706617069,1706617082,13
frontier00744,1706617180,1706617227,47
frontier00745,1706617091,1706617156,65
frontier00746,1706616967,1706616972,5
frontier00747,1706617189,1706617235,46
frontier00748,1706616959,1706616963,4
frontier00749,1706617068,1706617081,13
frontier00750,1706617110,1706617157,47
frontier00751,1706617205,1706617239,34
frontier00752,1706617137,1706617176,39
frontier00753,1706617206,1706617240,34
frontier00754,1706617207,1706617239,32
frontier00755,1706617091,1706617132,41
frontier00756,1706617016,1706617044,28
frontier00757,1706617091,1706617145,54
frontier00758,1706617091,1706617145,54
frontier00759,1706617205,1706617238,33
frontier00760,1706617207,1706617235,28
frontier00761,1706617006,1706617013,7
frontier00762,1706616969,1706616976,7
frontier00763,1706617205,1706617239,34
frontier00764,1706617081,1706617120,39
frontier00773,1706617172,1706617213,41
frontier00780,1706616986,1706616989,3
frontier00785,1706617189,1706617235,46
frontier00786,1706617071,1706617080,9
frontier00787,1706617206,1706617240,34
frontier00788,1706616997,1706616999,2
frontier00789,1706616951,1706616957,6
frontier00790,1706617016,1706617041,25
frontier00791,1706617091,1706617145,54
frontier00792,1706617005,1706617016,11
frontier00793,1706617205,1706617238,33
frontier00794,1706617068,1706617082,14
frontier00795,1706617093,1706617134,41
frontier00799,1706617180,1706617228,48
frontier00800,1706616960,1706616965,5
frontier00801,1706617110,1706617181,71
frontier00802,1706617110,1706617174,64
frontier00803,1706617047,1706617069,22
frontier00804,1706617031,1706617042,11
frontier00805,1706617091,1706617143,52
frontier00806,1706617205,1706617235,30
frontier00807,1706617130,1706617193,63
frontier00808,1706617144,1706617193,49
frontier00809,1706617182,1706617233,51
frontier00810,1706617205,1706617235,30
frontier00811,1706617207,1706617239,32
frontier00812,1706617205,1706617239,34
frontier00813,1706617206,1706617238,32
frontier00814,1706617004,1706617006,2
frontier00815,1706617050,1706617069,19
frontier00816,1706617190,1706617239,49
frontier00817,1706617205,1706617239,34
frontier00818,1706617205,1706617240,35
frontier00819,1706617015,1706617021,6
frontier00820,1706617091,1706617132,41
frontier00821,1706617047,1706617067,20
frontier00822,1706617181,1706617233,52
frontier00823,1706617205,1706617239,34
frontier00824,1706617091,1706617155,64
frontier00825,1706617091,1706617132,41
frontier00826,1706617091,1706617145,54
frontier00827,1706617205,1706617235,30
frontier00828,1706617206,1706617240,34
frontier00829,1706616978,1706616987,9
frontier00830,1706617189,1706617237,48
frontier00831,1706617016,1706617041,25
frontier00832,1706617091,1706617134,43
frontier00833,1706617110,1706617177,67
frontier00834,1706617016,1706617043,27
frontier00835,1706617091,1706617134,43
frontier00836,1706617181,1706617228,47
frontier00837,1706617205,1706617235,30
frontier00838,1706617050,1706617067,17
frontier00839,1706616950,1706616957,7
frontier00840,1706616990,1706616994,4
frontier00841,1706617173,1706617214,41
frontier00842,1706617206,1706617235,29
frontier00843,1706617038,1706617047,9
frontier00844,1706617016,1706617044,28
frontier00845,1706617206,1706617235,29
frontier00846,1706617136,1706617192,56
frontier00847,1706617016,1706617043,27
frontier00848,1706617038,1706617047,9
frontier00849,1706617079,1706617093,14
frontier00850,1706617207,1706617238,31
frontier00851,1706617077,1706617096,19
frontier00852,1706617206,1706617240,34
frontier00853,1706617205,1706617239,34
frontier00854,1706617013,1706617045,32
frontier00855,1706617180,1706617228,48
frontier00856,1706617152,1706617210,58
frontier00857,1706617016,1706617042,26
frontier00858,1706617205,1706617235,30
frontier00859,1706617047,1706617067,20
frontier00860,1706617091,1706617155,64
frontier00861,1706617207,1706617239,32
frontier00862,1706617183,1706617234,51
frontier00863,1706617047,1706617050,3
frontier00865,1706617091,1706617156,65
frontier00866,1706617205,1706617239,34
frontier00867,1706617047,1706617050,3
frontier00868,1706617110,1706617174,64
frontier00870,1706617190,1706617235,45
frontier00872,1706616959,1706616964,5
frontier00873,1706617155,1706617192,37
frontier00874,1706617207,1706617239,32
frontier00875,1706617130,1706617192,62
frontier00876,1706617207,1706617239,32
frontier00877,1706617205,1706617239,34
frontier00880,1706617206,1706617235,29
frontier00881,1706617205,1706617235,30
frontier00882,1706617187,1706617235,48
frontier00883,1706617091,1706617133,42
frontier00886,1706617016,1706617045,29
frontier00887,1706617205,1706617239,34
frontier00888,1706617206,1706617239,33
frontier00889,1706617206,1706617239,33
frontier00890,1706617081,1706617110,29
frontier00891,1706617047,1706617050,3
frontier00892,1706617038,1706617045,7
frontier00893,1706617190,1706617239,49
frontier00894,1706617205,1706617239,34
frontier00895,1706617188,1706617235,47
frontier00896,1706617136,1706617187,51
frontier00899,1706617205,1706617239,34
frontier00904,1706617069,1706617082,13
frontier00909,1706617137,1706617190,53
frontier00915,1706617091,1706617134,43
frontier00916,1706617090,1706617132,42
frontier00917,1706617130,1706617192,62
frontier00918,1706617091,1706617145,54
frontier00919,1706617038,1706617047,9
frontier00920,1706617205,1706617239,34
frontier00921,1706617136,1706617192,56
frontier00922,1706616975,1706616983,8
frontier00923,1706617087,1706617134,47
frontier00924,1706617181,1706617234,53
frontier00925,1706617047,1706617067,20
frontier00927,1706616959,1706616964,5
frontier00928,1706616973,1706616978,5
frontier00929,1706616962,1706616966,4
frontier00930,1706616963,1706616968,5
frontier00931,1706616973,1706616979,6
frontier00932,1706616968,1706616973,5
frontier00933,1706617205,1706617238,33
frontier00934,1706617174,1706617213,39
frontier00935,1706616978,1706616985,7
frontier00936,1706616967,1706616973,6
frontier00937,1706617207,1706617238,31
frontier00939,1706616963,1706616969,6
frontier00940,1706617090,1706617131,41
frontier00941,1706617079,1706617130,51
frontier00942,1706617205,1706617239,34
frontier00943,1706617207,1706617238,31
frontier00944,1706617050,1706617069,19
frontier00945,1706617021,1706617047,26
frontier00946,1706617110,1706617157,47
frontier00947,1706617082,1706617115,33
frontier00948,1706617091,1706617145,54
frontier00949,1706617080,1706617118,38
frontier00950,1706617136,1706617189,53
frontier00951,1706616974,1706616982,8
frontier00952,1706617206,1706617239,33
frontier00953,1706616988,1706616992,4
frontier00954,1706617068,1706617081,13
frontier00955,1706617207,1706617239,32
frontier00956,1706617014,1706617044,30
frontier00957,1706616984,1706616988,4
frontier00958,1706617206,1706617240,34
frontier00959,1706617206,1706617235,29
frontier00960,1706617137,1706617189,52
frontier00961,1706617110,1706617177,67
frontier00962,1706616959,1706616963,4
frontier00963,1706617091,1706617145,54
frontier00964,1706617091,1706617177,86
frontier00965,1706617205,1706617239,34
frontier00966,1706617180,1706617227,47
frontier00967,1706617047,1706617067,20
frontier00968,1706617110,1706617180,70
frontier00969,1706617205,1706617239,34
frontier00970,1706616982,1706616988,6
frontier00971,1706617172,1706617213,41
frontier00972,1706617136,1706617187,51
frontier00973,1706617205,1706617235,30
frontier00974,1706617207,1706617235,28
frontier00975,1706617205,1706617239,34
frontier00976,1706617013,1706617044,31
frontier00977,1706617136,1706617192,56
frontier00978,1706617137,1706617206,69
frontier00979,1706616969,1706616976,7
frontier00980,1706617016,1706617042,26
frontier00981,1706617050,1706617069,19
frontier00982,1706617189,1706617235,46
frontier00983,1706617205,1706617235,30
frontier00984,1706617091,1706617146,55
frontier00985,1706617015,1706617021,6
frontier00986,1706616965,1706616972,7
frontier00987,1706617004,1706617006,2
frontier00988,1706617090,1706617133,43
frontier00989,1706616978,1706616985,7
frontier00990,1706617137,1706617193,56
frontier00991,1706617207,1706617235,28
frontier00992,1706617077,1706617095,18
frontier00993,1706617016,1706617042,26
frontier00994,1706617079,1706617117,38
frontier00995,1706617181,1706617234,53
frontier00996,1706617014,1706617044,30
frontier00997,1706617110,1706617177,67
frontier00998,1706617014,1706617043,29
frontier00999,1706616963,1706616968,5
frontier01000,1706617206,1706617239,33
frontier01001,1706617068,1706617080,12
frontier01002,1706617205,1706617234,29
frontier01003,1706617205,1706617235,30
frontier01004,1706617206,1706617240,34
frontier01005,1706617206,1706617239,33
frontier01006,1706617183,1706617231,48
frontier01007,1706617038,1706617047,9
frontier01008,1706617174,1706617227,53
frontier01009,1706617091,1706617145,54
frontier01015,1706616974,1706616982,8
frontier01016,1706617180,1706617228,48
frontier01017,1706617032,1706617043,11
frontier01020,1706617180,1706617227,47
frontier01021,1706617090,1706617134,44
frontier01022,1706617091,1706617156,65
frontier01023,1706617190,1706617237,47
frontier01024,1706617205,1706617235,30
frontier01025,1706617144,1706617206,62
frontier01031,1706617110,1706617175,65
frontier01034,1706617075,1706617096,21
frontier01035,1706617205,1706617239,34
frontier01038,1706617183,1706617234,51
frontier01043,1706617205,1706617240,35
frontier01044,1706616967,1706616974,7
frontier01045,1706617136,1706617188,52
frontier01046,1706617172,1706617212,40
frontier01047,1706617172,1706617212,40
frontier01048,1706617122,1706617192,70
frontier01049,1706617189,1706617235,46
frontier01050,1706617205,1706617239,34
frontier01051,1706617206,1706617235,29
frontier01054,1706617091,1706617146,55
frontier01055,1706617091,1706617145,54
frontier01056,1706617136,1706617190,54
frontier01057,1706617079,1706617120,41
frontier01058,1706617110,1706617178,68
frontier01059,1706617181,1706617228,47
frontier01060,1706617110,1706617179,69
frontier01061,1706617110,1706617181,71
frontier01062,1706617137,1706617190,53
frontier01063,1706617080,1706617119,39
frontier01064,1706617205,1706617235,30
frontier01065,1706617207,1706617235,28
frontier01066,1706617207,1706617235,28
frontier01067,1706617172,1706617211,39
frontier01068,1706617205,1706617239,34
frontier01069,1706617050,1706617067,17
frontier01070,1706617207,1706617239,32
frontier01071,1706617205,1706617239,34
frontier01072,1706617050,1706617069,19
frontier01073,1706617182,1706617230,48
frontier01074,1706617205,1706617240,35
frontier01075,1706617015,1706617042,27
frontier01076,1706617205,1706617239,34
frontier01077,1706617205,1706617239,34
frontier01078,1706617075,1706617095,20
frontier01079,1706617136,1706617186,50
frontier01080,1706617207,1706617238,31
frontier01081,1706617190,1706617239,49
frontier01082,1706617091,1706617133,42
frontier01083,1706617079,1706617127,48
frontier01084,1706617048,1706617050,2
frontier01085,1706617067,1706617078,11
frontier01086,1706617069,1706617081,12
frontier01087,1706617091,1706617134,43
frontier01088,1706617073,1706617095,22
frontier01089,1706617015,1706617042,27
frontier01090,1706617190,1706617239,49
frontier01091,1706617136,1706617193,57
frontier01092,1706617016,1706617044,28
frontier01093,1706616961,1706616966,5
frontier01094,1706617038,1706617045,7
frontier01095,1706617206,1706617240,34
frontier01096,1706616964,1706616969,5
frontier01097,1706616958,1706616962,4
frontier01098,1706617032,1706617045,13
frontier01099,1706616955,1706616959,4
frontier01100,1706617008,1706617009,1
frontier01101,1706616969,1706616976,7
frontier01102,1706617172,1706617212,40
frontier01103,1706617068,1706617081,13
frontier01104,1706617143,1706617192,49
frontier01105,1706616962,1706616966,4
frontier01106,1706617091,1706617145,54
frontier01107,1706617023,1706617042,19
frontier01108,1706617136,1706617193,57
frontier01109,1706617207,1706617239,32
frontier01110,1706617207,1706617240,33
frontier01111,1706617079,1706617096,17
frontier01112,1706617079,1706617096,17
frontier01113,1706617019,1706617021,2
frontier01114,1706617206,1706617239,33
frontier01115,1706617110,1706617157,47
frontier01116,1706617007,1706617009,2
frontier01117,1706617004,1706617006,2
frontier01118,1706617091,1706617145,54
frontier01119,1706616994,1706616999,5
frontier01122,1706617173,1706617214,41
frontier01123,1706616970,1706616977,7
frontier01124,1706617006,1706617016,10
frontier01125,1706617136,1706617191,55
frontier01134,1706617136,1706617186,50
frontier01136,1706617040,1706617045,5
frontier01137,1706617080,1706617097,17
frontier01138,1706617079,1706617091,12
frontier01139,1706617207,1706617240,33
frontier01140,1706616974,1706616982,8
frontier01141,1706616964,1706616968,4
frontier01142,1706617206,1706617238,32
frontier01143,1706617015,1706617042,27
frontier01144,1706617055,1706617079,24
frontier01145,1706617079,1706617094,15
frontier01146,1706617079,1706617130,51
frontier01147,1706617074,1706617093,19
frontier01148,1706617130,1706617192,62
frontier01149,1706617016,1706617021,5
frontier01150,1706617047,1706617050,3
frontier01151,1706617208,1706617240,32
frontier01152,1706617180,1706617228,48
frontier01156,1706617172,1706617212,40
frontier01157,1706617205,1706617239,34
frontier01160,1706617016,1706617039,23
frontier01163,1706617144,1706617192,48
frontier01164,1706617136,1706617189,53
frontier01165,1706617144,1706617187,43
frontier01166,1706617207,1706617235,28
frontier01173,1706617207,1706617239,32
frontier01174,1706617014,1706617045,31
frontier01175,1706617066,1706617076,10
frontier01176,1706616986,1706616989,3
frontier01177,1706617173,1706617213,40
frontier01178,1706617006,1706617013,7
frontier01179,1706617206,1706617240,34
frontier01180,1706617136,1706617192,56
frontier01181,1706617181,1706617229,48
frontier01183,1706617206,1706617240,34
frontier01185,1706617205,1706617239,34
frontier01186,1706617015,1706617042,27
frontier01188,1706617041,1706617047,6
frontier01189,1706617180,1706617228,48
frontier01190,1706617190,1706617239,49
frontier01191,1706616974,1706616983,9
frontier01192,1706617187,1706617235,48
frontier01193,1706617136,1706617192,56
frontier01194,1706617205,1706617235,30
frontier01195,1706617091,1706617144,53
frontier01196,1706617047,1706617067,20
frontier01197,1706617205,1706617235,30
frontier01198,1706617130,1706617192,62
frontier01199,1706617091,1706617133,42
frontier01200,1706617110,1706617173,63
frontier01201,1706617190,1706617240,50
frontier01202,1706617016,1706617043,27
frontier01203,1706617181,1706617230,49
frontier01204,1706616958,1706616962,4
frontier01205,1706616965,1706616968,3
frontier01206,1706617205,1706617239,34
frontier01207,1706617016,1706617043,27
frontier01208,1706617190,1706617234,44
frontier01209,1706617091,1706617173,82
frontier01210,1706617207,1706617239,32
frontier01211,1706617048,1706617050,2
frontier01212,1706616994,1706617001,7
frontier01213,1706617136,1706617192,56
frontier01214,1706617136,1706617176,40
frontier01215,1706617091,1706617173,82
frontier01216,1706617110,1706617177,67
frontier01217,1706617143,1706617205,62
frontier01218,1706617172,1706617213,41
frontier01219,1706616965,1706616971,6
frontier01220,1706617031,1706617045,14
frontier01221,1706617038,1706617047,9
frontier01222,1706617207,1706617239,32
frontier01223,1706617049,1706617067,18
frontier01225,1706617040,1706617045,5
frontier01226,1706617207,1706617238,31
frontier01228,1706617136,1706617193,57
frontier01230,1706617205,1706617239,34
frontier01231,1706617091,1706617156,65
frontier01232,1706617190,1706617238,48
frontier01233,1706617155,1706617193,38
frontier01234,1706617137,1706617175,38
frontier01235,1706617205,1706617239,34
frontier01236,1706617186,1706617235,49
frontier01237,1706617038,1706617045,7
frontier01238,1706617136,1706617188,52
frontier01239,1706617136,1706617187,51
frontier01240,1706617206,1706617239,33
frontier01241,1706617181,1706617229,48
frontier01242,1706617136,1706617188,52
frontier01244,1706616978,1706616986,8
frontier01245,1706617091,1706617132,41
frontier01246,1706617091,1706617145,54
frontier01247,1706617130,1706617192,62
frontier01248,1706617207,1706617240,33
frontier01249,1706617205,1706617240,35
frontier01250,1706617079,1706617112,33
frontier01251,1706617091,1706617134,43
frontier01252,1706617091,1706617146,55
frontier01253,1706617047,1706617069,22
frontier01254,1706617136,1706617193,57
frontier01255,1706617206,1706617235,29
frontier01256,1706617091,1706617156,65
frontier01257,1706617181,1706617228,47
frontier01258,1706617189,1706617234,45
frontier01259,1706617205,1706617239,34
frontier01260,1706617206,1706617240,34
frontier01261,1706617174,1706617214,40
frontier01262,1706617180,1706617229,49
frontier01263,1706617181,1706617234,53
frontier01264,1706617081,1706617120,39
frontier01265,1706617180,1706617229,49
frontier01266,1706617136,1706617192,56
frontier01267,1706617091,1706617145,54
frontier01268,1706617091,1706617145,54
frontier01269,1706617189,1706617237,48
frontier01270,1706617047,1706617067,20
frontier01271,1706617205,1706617239,34
frontier01272,1706617069,1706617083,14
frontier01273,1706616969,1706616975,6
frontier01274,1706616958,1706616962,4
frontier01275,1706616965,1706616971,6
frontier01276,1706616961,1706616965,4
frontier01282,1706616963,1706616967,4
frontier01284,1706616966,1706616971,5
frontier01287,1706617091,1706617131,40
frontier01288,1706617173,1706617214,41
frontier01293,1706617032,1706617044,12
frontier01296,1706616972,1706616977,5
frontier01297,1706617189,1706617238,49
frontier01301,1706616979,1706616984,5
frontier01302,1706617090,1706617131,41
frontier01303,1706617079,1706617120,41
frontier01304,1706617021,1706617045,24
frontier01305,1706617143,1706617192,49
frontier01306,1706617206,1706617239,33
frontier01307,1706617081,1706617121,40
frontier01308,1706617091,1706617134,43
frontier01309,1706617090,1706617132,42
frontier01310,1706617136,1706617191,55
frontier01311,1706617205,1706617239,34
frontier01312,1706617091,1706617134,43
frontier01313,1706616953,1706616957,4
frontier01314,1706617004,1706617013,9
frontier01315,1706616970,1706616976,6
frontier01316,1706617188,1706617236,48
frontier01317,1706617058,1706617074,16
frontier01318,1706617205,1706617235,30
frontier01319,1706616955,1706616960,5
frontier01320,1706617021,1706617042,21
frontier01321,1706617113,1706617179,66
frontier01322,1706617136,1706617192,56
frontier01323,1706616958,1706616962,4
frontier01324,1706617080,1706617087,7
frontier01325,1706617189,1706617238,49
frontier01326,1706617206,1706617240,34
frontier01327,1706617091,1706617155,64
frontier01328,1706617068,1706617082,14
frontier01329,1706617091,1706617134,43
frontier01330,1706617205,1706617239,34
frontier01331,1706617040,1706617045,5
frontier01332,1706617079,1706617093,14
frontier01333,1706617180,1706617229,49
frontier01334,1706617137,1706617189,52
frontier01335,1706617091,1706617156,65
frontier01336,1706617136,1706617192,56
frontier01337,1706617205,1706617235,30
frontier01338,1706617144,1706617192,48
frontier01339,1706617068,1706617081,13
frontier01340,1706617205,1706617240,35
frontier01341,1706616970,1706616977,7
frontier01342,1706617136,1706617192,56
frontier01343,1706617180,1706617228,48
frontier01344,1706617016,1706617044,28
frontier01345,1706617205,1706617235,30
frontier01346,1706617001,1706617004,3
frontier01347,1706616971,1706616977,6
frontier01349,1706616989,1706616991,2
frontier01350,1706617205,1706617239,34
frontier01351,1706617080,1706617119,39
frontier01352,1706617205,1706617240,35
frontier01353,1706617130,1706617192,62
frontier01354,1706617091,1706617145,54
frontier01355,1706617079,1706617120,41
frontier01356,1706617190,1706617238,48
frontier01357,1706617076,1706617095,19
frontier01358,1706617205,1706617238,33
frontier01359,1706616993,1706616995,2
frontier01360,1706617136,1706617193,57
frontier01361,1706617031,1706617045,14
frontier01362,1706616991,1706616994,3
frontier01363,1706617091,1706617145,54
frontier01364,1706617205,1706617239,34
frontier01365,1706617136,1706617189,53
frontier01366,1706617091,1706617157,66
frontier01367,1706617180,1706617228,48
frontier01368,1706617155,1706617193,38
frontier01369,1706617171,1706617206,35
frontier01370,1706617091,1706617145,54
frontier01371,1706617206,1706617240,34
frontier01372,1706617043,1706617047,4
frontier01373,1706617205,1706617239,34
frontier01374,1706617172,1706617213,41
frontier01375,1706617130,1706617192,62
frontier01378,1706617206,1706617239,33
frontier01380,1706617110,1706617177,67
frontier01381,1706617047,1706617067,20
frontier01382,1706617047,1706617067,20
frontier01383,1706617047,1706617067,20
frontier01384,1706617143,1706617192,49
frontier01385,1706617174,1706617215,41
frontier01386,1706617079,1706617127,48
frontier01387,1706617069,1706617081,12
frontier01388,1706617190,1706617239,49
frontier01391,1706617207,1706617239,32
frontier01392,1706616978,1706616985,7
frontier01396,1706617188,1706617237,49
frontier01397,1706617205,1706617239,34
frontier01398,1706617205,1706617235,30
frontier01399,1706617207,1706617240,33
frontier01400,1706617050,1706617067,17
frontier01402,1706617014,1706617021,7
frontier01403,1706617207,1706617240,33
frontier01408,1706617180,1706617228,48
frontier01415,1706617205,1706617239,34
frontier01420,1706617206,1706617240,34
frontier01424,1706617136,1706617192,56
frontier01425,1706617207,1706617239,32
frontier01426,1706617206,1706617240,34
frontier01427,1706617181,1706617229,48
frontier01428,1706616963,1706616968,5
frontier01429,1706617091,1706617132,41
frontier01430,1706617205,1706617235,30
frontier01431,1706617136,1706617193,57
frontier01432,1706617205,1706617239,34
frontier01436,1706617136,1706617192,56
frontier01437,1706617143,1706617191,48
frontier01438,1706617207,1706617240,33
frontier01439,1706617130,1706617193,63
frontier01440,1706617207,1706617239,32
frontier01442,1706617172,1706617213,41
frontier01443,1706617113,1706617186,73
frontier01444,1706617206,1706617235,29
frontier01445,1706617205,1706617239,34
frontier01446,1706617130,1706617192,62
frontier01447,1706617205,1706617236,31
frontier01448,1706617130,1706617192,62
frontier01449,1706617047,1706617069,22
frontier01450,1706617207,1706617239,32
frontier01451,1706617091,1706617145,54
frontier01452,1706617207,1706617235,28
frontier01453,1706617190,1706617238,48
frontier01454,1706616998,1706617001,3
frontier01455,1706617182,1706617230,48
frontier01456,1706617136,1706617192,56
frontier01457,1706617205,1706617239,34
frontier01458,1706617110,1706617179,69
frontier01459,1706617172,1706617212,40
frontier01460,1706617181,1706617228,47
frontier01461,1706617038,1706617045,7
frontier01462,1706617155,1706617208,53
frontier01463,1706617205,1706617239,34
frontier01464,1706617180,1706617229,49
frontier01465,1706617079,1706617095,16
frontier01466,1706617136,1706617189,53
frontier01467,1706616951,1706616957,6
frontier01468,1706616948,1706616955,7
frontier01469,1706616972,1706616979,7
frontier01470,1706616962,1706616967,5
frontier01471,1706616959,1706616963,4
frontier01472,1706616967,1706616974,7
frontier01473,1706617047,1706617069,22
frontier01474,1706617143,1706617205,62
frontier01475,1706617205,1706617235,30
frontier01476,1706617090,1706617132,42
frontier01477,1706617079,1706617085,6
frontier01478,1706616953,1706616957,4
frontier01479,1706617047,1706617050,3
frontier01480,1706617136,1706617191,55
frontier01481,1706617205,1706617239,34
frontier01482,1706617205,1706617239,34
frontier01483,1706617040,1706617045,5
frontier01484,1706617079,1706617086,7
frontier01485,1706617091,1706617157,66
frontier01486,1706617137,1706617206,69
frontier01487,1706617068,1706617081,13
frontier01488,1706617091,1706617145,54
frontier01489,1706617183,1706617235,52
frontier01490,1706616950,1706616957,7
frontier01491,1706617130,1706617192,62
frontier01492,1706617091,1706617156,65
frontier01493,1706617091,1706617157,66
frontier01494,1706617091,1706617145,54
frontier01495,1706617205,1706617239,34
frontier01496,1706617206,1706617239,33
frontier01497,1706617206,1706617238,32
frontier01498,1706617015,1706617043,28
frontier01499,1706617091,1706617145,54
frontier01500,1706616967,1706616973,6
frontier01501,1706616970,1706616977,7
frontier01502,1706617021,1706617045,24
frontier01503,1706617015,1706617044,29
frontier01504,1706617091,1706617144,53
frontier01505,1706617137,1706617192,55
frontier01506,1706617207,1706617238,31
frontier01507,1706617091,1706617145,54
frontier01508,1706617205,1706617239,34
frontier01509,1706617003,1706617004,1
frontier01510,1706617189,1706617235,46
frontier01511,1706617091,1706617156,65
frontier01513,1706617136,1706617187,51
frontier01522,1706617205,1706617239,34
frontier01523,1706617207,1706617239,32
frontier01524,1706617190,1706617235,45
frontier01525,1706617136,1706617189,53
frontier01526,1706617205,1706617239,34
frontier01528,1706616966,1706616971,5
frontier01529,1706617070,1706617083,13
frontier01530,1706617207,1706617240,33
frontier01531,1706617079,1706617119,40
frontier01532,1706617173,1706617214,41
frontier01533,1706617090,1706617131,41
frontier01534,1706617091,1706617132,41
frontier01535,1706617016,1706617039,23
frontier01536,1706617205,1706617239,34
frontier01545,1706617206,1706617240,34
frontier01547,1706617130,1706617192,62
frontier01550,1706617206,1706617239,33
frontier01552,1706617080,1706617120,40
frontier01554,1706617205,1706617239,34
frontier01555,1706617205,1706617240,35
frontier01556,1706617144,1706617208,64
frontier01557,1706617205,1706617238,33
frontier01558,1706617014,1706617021,7
frontier01559,1706617068,1706617082,14
frontier01560,1706617207,1706617239,32
frontier01561,1706616961,1706616965,4
frontier01562,1706617081,1706617120,39
frontier01563,1706617130,1706617191,61
frontier01564,1706617090,1706617131,41
frontier01566,1706617182,1706617233,51
frontier01567,1706617181,1706617232,51
frontier01568,1706617136,1706617192,56
frontier01569,1706617136,1706617193,57
frontier01570,1706617110,1706617177,67
frontier01571,1706617047,1706617069,22
frontier01572,1706616963,1706616968,5
frontier01573,1706617050,1706617067,17
frontier01574,1706617075,1706617096,21
frontier01575,1706617205,1706617239,34
frontier01576,1706617205,1706617239,34
frontier01577,1706617205,1706617240,35
frontier01578,1706617086,1706617156,70
frontier01579,1706617200,1706617235,35
frontier01580,1706617004,1706617006,2
frontier01581,1706617206,1706617240,34
frontier01582,1706617031,1706617044,13
frontier01583,1706617126,1706617186,60
frontier01584,1706617180,1706617228,48
frontier01585,1706617141,1706617186,45
frontier01586,1706617079,1706617096,17
frontier01587,1706617091,1706617133,42
frontier01588,1706617205,1706617239,34
frontier01589,1706617079,1706617109,30
frontier01590,1706617175,1706617227,52
frontier01591,1706617207,1706617239,32
frontier01592,1706617188,1706617231,43
frontier01593,1706617205,1706617239,34
frontier01594,1706617205,1706617239,34
frontier01595,1706617207,1706617235,28
frontier01596,1706617068,1706617081,13
frontier01597,1706617130,1706617192,62
frontier01598,1706617136,1706617189,53
frontier01599,1706617180,1706617229,49
frontier01600,1706617207,1706617240,33
frontier01601,1706617207,1706617239,32
frontier01602,1706616973,1706616978,5
frontier01603,1706617190,1706617239,49
frontier01604,1706617079,1706617130,51
frontier01605,1706617205,1706617235,30
frontier01606,1706617205,1706617239,34
frontier01607,1706617110,1706617172,62
frontier01608,1706617047,1706617067,20
frontier01609,1706617180,1706617228,48
frontier01610,1706617136,1706617190,54
frontier01611,1706617207,1706617235,28
frontier01612,1706617205,1706617239,34
frontier01613,1706617087,1706617133,46
frontier01614,1706617181,1706617228,47
frontier01615,1706617205,1706617239,34
frontier01616,1706617206,1706617240,34
frontier01617,1706617090,1706617133,43
frontier01618,1706617130,1706617192,62
frontier01619,1706617190,1706617239,49
frontier01620,1706617144,1706617193,49
frontier01621,1706617207,1706617235,28
frontier01622,1706617207,1706617240,33
frontier01623,1706617205,1706617239,34
frontier01624,1706617181,1706617234,53
frontier01625,1706617207,1706617235,28
frontier01626,1706617016,1706617021,5
frontier01627,1706617079,1706617086,7
frontier01628,1706617205,1706617235,30
frontier01629,1706617136,1706617193,57
frontier01630,1706617174,1706617215,41
frontier01631,1706617205,1706617239,34
frontier01632,1706617068,1706617080,12
frontier01633,1706617076,1706617096,20
frontier01635,1706616978,1706616981,3
frontier01640,1706616993,1706616996,3
frontier01646,1706617032,1706617042,10
frontier01648,1706616963,1706616968,5
frontier01649,1706616958,1706616963,5
frontier01650,1706616949,1706616957,8
frontier01651,1706616953,1706616957,4
frontier01652,1706617091,1706617134,43
frontier01653,1706617042,1706617067,25
frontier01654,1706617205,1706617238,33
frontier01656,1706617080,1706617119,39
frontier01657,1706617207,1706617240,33
frontier01658,1706616970,1706616976,6
frontier01659,1706617016,1706617039,23
frontier01660,1706616981,1706616986,5
frontier01661,1706617180,1706617233,53
frontier01662,1706616986,1706616990,4
frontier01663,1706617080,1706617121,41
frontier01664,1706617205,1706617239,34
frontier01671,1706617068,1706617080,12
frontier01673,1706617047,1706617050,3
frontier01674,1706617005,1706617009,4
frontier01675,1706617189,1706617235,46
frontier01676,1706617136,1706617192,56
frontier01680,1706617091,1706617156,65
frontier01681,1706617205,1706617239,34
frontier01684,1706617181,1706617229,48
frontier01686,1706617207,1706617240,33
frontier01687,1706616954,1706616958,4
frontier01688,1706617205,1706617239,34
frontier01689,1706617207,1706617240,33
frontier01690,1706617206,1706617239,33
frontier01691,1706617075,1706617094,19
frontier01692,1706617206,1706617239,33
frontier01693,1706617138,1706617205,67
frontier01694,1706617091,1706617132,41
frontier01695,1706617205,1706617235,30
frontier01698,1706616986,1706616989,3
frontier01699,1706617181,1706617230,49
frontier01700,1706617189,1706617235,46
frontier01701,1706617136,1706617193,57
frontier01702,1706617016,1706617041,25
frontier01703,1706617040,1706617045,5
frontier01704,1706617047,1706617050,3
frontier01705,1706617182,1706617229,47
frontier01706,1706616982,1706616988,6
frontier01707,1706617205,1706617239,34
frontier01708,1706617171,1706617207,36
frontier01709,1706617069,1706617081,12
frontier01710,1706617205,1706617239,34
frontier01711,1706617004,1706617007,3
frontier01712,1706617040,1706617047,7
frontier01713,1706617136,1706617192,56
frontier01714,1706617091,1706617155,64
frontier01715,1706617047,1706617069,22
frontier01716,1706617126,1706617186,60
frontier01717,1706617207,1706617239,32
frontier01718,1706617205,1706617235,30
frontier01719,1706617190,1706617239,49
frontier01720,1706616981,1706616983,2
frontier01721,1706617110,1706617177,67
frontier01722,1706617205,1706617239,34
frontier01723,1706617091,1706617144,53
frontier01724,1706617047,1706617069,22
frontier01725,1706617079,1706617119,40
frontier01726,1706617067,1706617077,10
frontier01727,1706617068,1706617082,14
frontier01728,1706617207,1706617240,33
frontier01729,1706617078,1706617095,17
frontier01730,1706617110,1706617173,63
frontier01731,1706617079,1706617095,16
frontier01732,1706616978,1706616983,5
frontier01733,1706617090,1706617132,42
frontier01734,1706617090,1706617130,40
frontier01735,1706616978,1706616987,9
frontier01736,1706617016,1706617043,27
frontier01737,1706617180,1706617227,47
frontier01738,1706617068,1706617082,14
frontier01739,1706617080,1706617120,40
frontier01740,1706617188,1706617235,47
frontier01741,1706617172,1706617212,40
frontier01742,1706617091,1706617133,42
frontier01743,1706617207,1706617240,33
frontier01744,1706617181,1706617229,48
frontier01745,1706617207,1706617235,28
frontier01746,1706616976,1706616981,5
frontier01747,1706617069,1706617081,12
frontier01748,1706617180,1706617227,47
frontier01749,1706617047,1706617069,22
frontier01750,1706617136,1706617190,54
frontier01751,1706617189,1706617238,49
frontier01753,1706617082,1706617117,35
frontier01754,1706617189,1706617235,46
frontier01757,1706617206,1706617239,33
frontier01758,1706617207,1706617240,33
frontier01759,1706617110,1706617177,67
frontier01760,1706617050,1706617069,19
frontier01761,1706617047,1706617067,20
frontier01763,1706617110,1706617178,68
frontier01764,1706617068,1706617081,13
frontier01765,1706617173,1706617214,41
frontier01766,1706617110,1706617177,67
frontier01767,1706617116,1706617189,73
frontier01768,1706617091,1706617155,64
frontier01769,1706617136,1706617192,56
frontier01770,1706617137,1706617192,55
frontier01772,1706617205,1706617239,34
frontier01773,1706617175,1706617215,40
frontier01774,1706617205,1706617235,30
frontier01775,1706617048,1706617050,2
frontier01776,1706617172,1706617212,40
frontier01777,1706617040,1706617045,5
frontier01778,1706617207,1706617239,32
frontier01779,1706617091,1706617144,53
frontier01780,1706617081,1706617120,39
frontier01781,1706617047,1706617050,3
frontier01782,1706617205,1706617239,34
frontier01783,1706617206,1706617240,34
frontier01784,1706617137,1706617192,55
frontier01785,1706617016,1706617042,26
frontier01786,1706617205,1706617235,30
frontier01787,1706617186,1706617235,49
frontier01788,1706617205,1706617235,30
frontier01800,1706617189,1706617235,46
frontier01801,1706617091,1706617132,41
frontier01804,1706617180,1706617228,48
frontier01809,1706617050,1706617067,17
frontier01811,1706617206,1706617235,29
frontier01812,1706617206,1706617240,34
frontier01813,1706617206,1706617240,34
frontier01814,1706617207,1706617239,32
frontier01815,1706617180,1706617228,48
frontier01816,1706617130,1706617192,62
frontier01817,1706617181,1706617228,47
frontier01818,1706617180,1706617228,48
frontier01819,1706617206,1706617240,34
frontier01820,1706617207,1706617235,28
frontier01821,1706617205,1706617239,34
frontier01822,1706617190,1706617238,48
frontier01823,1706617079,1706617130,51
frontier01826,1706617205,1706617239,34
frontier01830,1706617189,1706617238,49
frontier01831,1706617172,1706617213,41
frontier01832,1706617144,1706617208,64
frontier01833,1706617110,1706617157,47
frontier01834,1706617205,1706617239,34
frontier01835,1706617031,1706617045,14
frontier01836,1706617091,1706617133,42
frontier01837,1706617205,1706617235,30
frontier01838,1706616972,1706616977,5
frontier01839,1706616968,1706616973,5
frontier01840,1706616961,1706616965,4
frontier01841,1706617038,1706617045,7
frontier01842,1706616953,1706616958,5
frontier01843,1706616969,1706616974,5
frontier01844,1706616976,1706616982,6
frontier01845,1706617180,1706617228,48
frontier01846,1706617172,1706617212,40
frontier01847,1706616978,1706616981,3
frontier01848,1706617050,1706617069,19
frontier01849,1706617137,1706617191,54
frontier01850,1706616998,1706617001,3
frontier01851,1706616990,1706616992,2
frontier01852,1706617205,1706617239,34
frontier01853,1706617014,1706617043,29
frontier01854,1706617091,1706617133,42
frontier01855,1706617171,1706617213,42
frontier01856,1706617205,1706617235,30
frontier01858,1706617130,1706617193,63
frontier01859,1706617182,1706617234,52
frontier01860,1706617138,1706617192,54
frontier01861,1706617207,1706617240,33
frontier01862,1706616953,1706616957,4
frontier01863,1706617205,1706617238,33
frontier01864,1706616953,1706616957,4
frontier01865,1706617091,1706617145,54
frontier01866,1706617205,1706617239,34
frontier01867,1706617110,1706617177,67
frontier01868,1706616962,1706616966,4
frontier01869,1706617038,1706617045,7
frontier01870,1706617138,1706617192,54
frontier01871,1706617050,1706617067,17
frontier01872,1706616953,1706616957,4
frontier01873,1706617091,1706617145,54
frontier01874,1706617091,1706617173,82
frontier01875,1706617172,1706617212,40
frontier01876,1706617206,1706617240,34
frontier01877,1706617205,1706617239,34
frontier01878,1706617068,1706617080,12
frontier01879,1706617091,1706617155,64
frontier01880,1706617181,1706617230,49
frontier01881,1706617205,1706617236,31
frontier01882,1706617136,1706617189,53
frontier01883,1706617190,1706617235,45
frontier01884,1706617205,1706617238,33
frontier01885,1706617207,1706617239,32
frontier01886,1706617205,1706617239,34
frontier01887,1706617181,1706617229,48
frontier01888,1706617207,1706617234,27
frontier01889,1706616998,1706617001,3
frontier01890,1706616978,1706616987,9
frontier01891,1706617205,1706617240,35
frontier01892,1706617206,1706617239,33
frontier01893,1706617180,1706617227,47
frontier01894,1706617207,1706617235,28
frontier01895,1706617021,1706617045,24
frontier01896,1706617005,1706617006,1
frontier01897,1706617206,1706617239,33
frontier01898,1706617080,1706617123,43
frontier01899,1706617068,1706617081,13
frontier01900,1706617208,1706617240,32
frontier01901,1706617110,1706617177,67
frontier01902,1706617130,1706617191,61
frontier01903,1706617189,1706617235,46
frontier01904,1706617126,1706617176,50
frontier01905,1706617206,1706617240,34
frontier01906,1706617205,1706617239,34
frontier01907,1706616967,1706616973,6
frontier01908,1706617205,1706617239,34
frontier01909,1706617136,1706617193,57
frontier01910,1706616954,1706616958,4
frontier01911,1706617016,1706617041,25
frontier01912,1706617206,1706617234,28
frontier01913,1706617090,1706617137,47
frontier01914,1706617072,1706617084,12
frontier01915,1706617136,1706617189,53
frontier01916,1706617074,1706617093,19
frontier01954,1706617068,1706617082,14
frontier01955,1706617207,1706617240,33
frontier01956,1706617143,1706617193,50
frontier01957,1706617206,1706617239,33
frontier01958,1706617189,1706617235,46
frontier01959,1706617130,1706617191,61
frontier01960,1706617090,1706617133,43
frontier01961,1706617047,1706617067,20
frontier01962,1706617016,1706617043,27
frontier01963,1706617137,1706617192,55
frontier01964,1706617186,1706617231,45
frontier01965,1706616954,1706616959,5
frontier01966,1706617172,1706617213,41
frontier01967,1706617090,1706617134,44
frontier01968,1706617091,1706617155,64
frontier01969,1706617207,1706617238,31
frontier01970,1706617205,1706617239,34
frontier01971,1706617137,1706617175,38
frontier01972,1706617136,1706617192,56
frontier01973,1706617016,1706617042,26
frontier01974,1706617068,1706617082,14
frontier01975,1706617207,1706617239,32
frontier01976,1706617087,1706617138,51
frontier01977,1706617205,1706617235,30
frontier01978,1706617068,1706617080,12
frontier01979,1706617079,1706617120,41
frontier01980,1706617205,1706617239,34
frontier01981,1706617091,1706617156,65
frontier01982,1706617091,1706617131,40
frontier01983,1706617068,1706617081,13
frontier01984,1706617137,1706617189,52
frontier01985,1706617190,1706617239,49
frontier01986,1706617068,1706617090,22
frontier01987,1706617169,1706617207,38
frontier01988,1706617205,1706617239,34
frontier01989,1706617091,1706617131,40
frontier01990,1706617183,1706617235,52
frontier01991,1706617207,1706617239,32
frontier01992,1706617206,1706617235,29
frontier01993,1706617079,1706617120,41
frontier01994,1706617171,1706617206,35
frontier01995,1706617091,1706617133,42
frontier01996,1706617053,1706617074,21
frontier01997,1706617171,1706617208,37
frontier01998,1706617144,1706617192,48
frontier01999,1706617091,1706617145,54
frontier02000,1706617091,1706617146,55
frontier02001,1706617172,1706617213,41
frontier02002,1706617144,1706617206,62
frontier02003,1706617090,1706617133,43
frontier02004,1706617079,1706617109,30
frontier02005,1706617171,1706617212,41
frontier02006,1706617207,1706617240,33
frontier02007,1706617205,1706617239,34
frontier02008,1706617205,1706617239,34
frontier02009,1706617207,1706617235,28
frontier02010,1706617206,1706617235,29
frontier02011,1706617189,1706617239,50
frontier02012,1706617205,1706617239,34
frontier02015,1706617090,1706617131,41
frontier02016,1706617016,1706617042,26
frontier02017,1706617206,1706617240,34
frontier02018,1706617206,1706617234,28
frontier02019,1706617047,1706617050,3
frontier02020,1706617207,1706617240,33
frontier02021,1706617171,1706617212,41
frontier02022,1706617188,1706617235,47
frontier02023,1706617189,1706617238,49
frontier02024,1706616959,1706616964,5
frontier02025,1706617047,1706617067,20
frontier02026,1706616965,1706616969,4
frontier02027,1706616953,1706616957,4
frontier02028,1706616973,1706616982,9
frontier02029,1706616968,1706616974,6
frontier02030,1706617205,1706617239,34
frontier02031,1706617068,1706617081,13
frontier02032,1706617207,1706617240,33
frontier02033,1706617050,1706617067,17
frontier02034,1706617080,1706617095,15
frontier02035,1706616962,1706616966,4
frontier02036,1706617206,1706617240,34
frontier02037,1706617206,1706617239,33
frontier02038,1706617050,1706617069,19
frontier02039,1706617136,1706617186,50
frontier02040,1706617050,1706617069,19
frontier02041,1706617205,1706617235,30
frontier02042,1706617079,1706617087,8
frontier02043,1706617012,1706617021,9
frontier02044,1706617207,1706617240,33
frontier02045,1706617205,1706617239,34
frontier02046,1706617190,1706617239,49
frontier02047,1706616954,1706616958,4
frontier02048,1706617091,1706617134,43
frontier02054,1706616974,1706616982,8
frontier02056,1706617136,1706617193,57
frontier02058,1706617189,1706617237,48
frontier02065,1706617068,1706617081,13
frontier02066,1706616993,1706616995,2
frontier02067,1706617080,1706617120,40
frontier02068,1706617136,1706617192,56
frontier02069,1706617040,1706617047,7
frontier02070,1706616967,1706616973,6
frontier02071,1706616970,1706616977,7
frontier02072,1706617207,1706617235,28
frontier02078,1706617206,1706617239,33
frontier02079,1706617069,1706617081,12
frontier02080,1706617001,1706617004,3
frontier02081,1706617206,1706617240,34
frontier02082,1706617033,1706617045,12
frontier02083,1706617038,1706617045,7
frontier02084,1706616953,1706616957,4
frontier02085,1706617207,1706617240,33
frontier02086,1706617186,1706617234,48
frontier02087,1706617181,1706617230,49
frontier02088,1706617205,1706617240,35
frontier02089,1706617205,1706617239,34
frontier02090,1706617091,1706617145,54
frontier02091,1706617144,1706617208,64
frontier02092,1706617206,1706617235,29
frontier02093,1706616954,1706616958,4
frontier02094,1706617205,1706617235,30
frontier02095,1706617187,1706617231,44
frontier02096,1706617005,1706617009,4
frontier02097,1706617190,1706617239,49
frontier02098,1706617004,1706617006,2
frontier02099,1706616971,1706616977,6
frontier02100,1706617205,1706617239,34
frontier02101,1706617015,1706617042,27
frontier02102,1706617205,1706617235,30
frontier02103,1706617080,1706617095,15
frontier02104,1706617038,1706617047,9
frontier02105,1706617180,1706617228,48
frontier02106,1706617181,1706617229,48
frontier02107,1706617188,1706617236,48
frontier02108,1706617171,1706617212,41
frontier02109,1706617038,1706617045,7
frontier02110,1706616977,1706616981,4
frontier02111,1706617190,1706617235,45
frontier02112,1706617137,1706617190,53
frontier02113,1706617188,1706617238,50
frontier02114,1706617180,1706617228,48
frontier02115,1706617130,1706617193,63
frontier02116,1706617182,1706617230,48
frontier02117,1706617190,1706617235,45
frontier02118,1706617130,1706617192,62
frontier02119,1706617188,1706617236,48
frontier02120,1706617172,1706617213,41
frontier02121,1706617188,1706617235,47
frontier02122,1706617206,1706617239,33
frontier02123,1706616967,1706616973,6
frontier02124,1706616950,1706616957,7
frontier02125,1706617091,1706617178,87
frontier02126,1706617207,1706617239,32
frontier02127,1706617172,1706617213,41
frontier02128,1706617016,1706617044,28
frontier02129,1706617110,1706617182,72
frontier02130,1706617205,1706617239,34
frontier02131,1706617006,1706617016,10
frontier02132,1706617040,1706617045,5
frontier02133,1706617207,1706617239,32
frontier02134,1706617207,1706617239,32
frontier02135,1706617047,1706617067,20
frontier02136,1706616993,1706616998,5
frontier02137,1706617190,1706617239,49
frontier02139,1706617130,1706617192,62
frontier02140,1706617136,1706617192,56
frontier02141,1706617038,1706617045,7
frontier02142,1706617076,1706617095,19
frontier02144,1706617190,1706617239,49
frontier02145,1706617207,1706617235,28
frontier02146,1706617205,1706617240,35
frontier02147,1706617189,1706617238,49
frontier02148,1706617207,1706617235,28
frontier02149,1706617173,1706617213,40
frontier02150,1706617016,1706617043,27
frontier02151,1706617205,1706617239,34
frontier02152,1706617004,1706617006,2
frontier02153,1706617068,1706617081,13
frontier02154,1706617091,1706617155,64
frontier02155,1706617207,1706617239,32
frontier02156,1706617136,1706617193,57
frontier02157,1706617205,1706617235,30
frontier02158,1706617079,1706617130,51
frontier02159,1706617068,1706617080,12
frontier02160,1706617208,1706617240,32
frontier02161,1706617205,1706617239,34
frontier02162,1706617182,1706617230,48
frontier02163,1706617172,1706617213,41
frontier02164,1706617016,1706617041,25
frontier02165,1706617014,1706617036,22
frontier02166,1706617206,1706617240,34
frontier02167,1706617136,1706617190,54
frontier02168,1706617090,1706617131,41
frontier02169,1706617180,1706617229,49
frontier02170,1706617138,1706617190,52
frontier02171,1706617047,1706617050,3
frontier02172,1706617205,1706617239,34
frontier02180,1706617068,1706617081,13
frontier02188,1706617014,1706617022,8
frontier02192,1706617050,1706617069,19
frontier02193,1706617067,1706617079,12
frontier02194,1706617016,1706617043,27
frontier02195,1706617181,1706617229,48
frontier02196,1706616966,1706616972,6
frontier02197,1706617069,1706617082,13
frontier02198,1706617188,1706617239,51
frontier02199,1706617136,1706617190,54
frontier02200,1706617016,1706617039,23
frontier02204,1706617180,1706617227,47
frontier02205,1706616979,1706616987,8
frontier02206,1706617180,1706617227,47
frontier02207,1706617081,1706617118,37
frontier02208,1706617047,1706617067,20
frontier02209,1706617201,1706617235,34
frontier02210,1706617091,1706617134,43
frontier02211,1706616974,1706616981,7
frontier02212,1706616972,1706616978,6
frontier02213,1706616965,1706616971,6
frontier02214,1706617190,1706617239,49
frontier02215,1706617091,1706617156,65
frontier02216,1706617190,1706617235,45
frontier02217,1706616999,1706617001,2
frontier02218,1706617189,1706617238,49
frontier02219,1706616969,1706616975,6
frontier02220,1706617205,1706617235,30
frontier02221,1706616969,1706616974,5
frontier02222,1706617207,1706617239,32
frontier02223,1706617113,1706617157,44
frontier02224,1706617091,1706617145,54
frontier02225,1706617137,1706617193,56
frontier02226,1706617091,1706617134,43
frontier02227,1706617068,1706617080,12
frontier02228,1706617038,1706617047,9
frontier02229,1706617206,1706617238,32
frontier02230,1706617016,1706617043,27
frontier02231,1706617049,1706617067,18
frontier02232,1706617068,1706617081,13
frontier02233,1706617050,1706617069,19
frontier02234,1706617207,1706617235,28
frontier02235,1706616973,1706616982,9
frontier02236,1706617206,1706617239,33
frontier02237,1706617136,1706617190,54
frontier02238,1706617068,1706617081,13
frontier02239,1706617091,1706617134,43
frontier02240,1706617207,1706617240,33
frontier02241,1706617182,1706617234,52
frontier02242,1706617038,1706617045,7
frontier02244,1706616948,1706616955,7
frontier02245,1706617205,1706617240,35
frontier02246,1706617206,1706617239,33
frontier02247,1706617189,1706617235,46
frontier02248,1706617206,1706617235,29
frontier02249,1706617205,1706617236,31
frontier02250,1706617206,1706617239,33
frontier02251,1706617137,1706617205,68
frontier02252,1706617207,1706617239,32
frontier02253,1706616970,1706616977,7
frontier02254,1706617122,1706617192,70
frontier02255,1706617091,1706617174,83
frontier02256,1706617021,1706617047,26
frontier02257,1706617087,1706617134,47
frontier02258,1706617207,1706617234,27
frontier02259,1706617205,1706617239,34
frontier02260,1706617047,1706617067,20
frontier02261,1706617068,1706617081,13
frontier02262,1706617090,1706617134,44
frontier02263,1706617090,1706617134,44
frontier02264,1706617206,1706617239,33
frontier02265,1706617040,1706617045,5
frontier02268,1706617081,1706617120,39
frontier02269,1706617136,1706617176,40
frontier02270,1706617091,1706617177,86
frontier02271,1706617005,1706617013,8
frontier02273,1706617205,1706617239,34
frontier02274,1706617182,1706617233,51
frontier02275,1706617181,1706617228,47
frontier02276,1706617205,1706617239,34
frontier02277,1706617016,1706617041,25
frontier02278,1706617205,1706617235,30
frontier02279,1706617091,1706617133,42
frontier02280,1706617130,1706617191,61
frontier02281,1706617050,1706617067,17
frontier02282,1706617038,1706617047,9
frontier02283,1706617016,1706617039,23
frontier02284,1706617205,1706617235,30
frontier02285,1706617190,1706617235,45
frontier02287,1706617207,1706617239,32
frontier02288,1706617047,1706617067,20
frontier02290,1706617123,1706617192,69
frontier02291,1706617181,1706617229,48
frontier02292,1706617207,1706617240,33
frontier02294,1706617079,1706617096,17
frontier02295,1706617207,1706617234,27
frontier02296,1706617091,1706617134,43
frontier02297,1706617205,1706617235,30
frontier02298,1706617091,1706617146,55
frontier02299,1706617130,1706617192,62
frontier02300,1706617069,1706617080,11
frontier02301,1706617206,1706617239,33
frontier02309,1706617091,1706617133,42
frontier02310,1706617181,1706617234,53
frontier02316,1706617068,1706617079,11
frontier02320,1706617079,1706617130,51
frontier02322,1706616981,1706616986,5
frontier02323,1706617069,1706617083,14
frontier02324,1706617050,1706617067,17
frontier02325,1706617047,1706617067,20
frontier02326,1706617206,1706617240,34
frontier02327,1706617130,1706617192,62
frontier02328,1706617205,1706617239,34
frontier02329,1706616973,1706616977,4
frontier02330,1706617206,1706617240,34
frontier02333,1706617171,1706617213,42
frontier02334,1706617031,1706617043,12
frontier02335,1706617172,1706617213,41
frontier02336,1706617205,1706617234,29
frontier02337,1706617207,1706617239,32
frontier02338,1706617207,1706617239,32
frontier02339,1706617206,1706617235,29
frontier02340,1706617091,1706617134,43
frontier02341,1706617136,1706617192,56
frontier02342,1706617091,1706617145,54
frontier02343,1706617205,1706617240,35
frontier02344,1706617207,1706617239,32
frontier02345,1706617079,1706617091,12
frontier02346,1706617136,1706617190,54
frontier02347,1706617038,1706617045,7
frontier02348,1706617182,1706617234,52
frontier02349,1706617205,1706617239,34
frontier02350,1706617207,1706617240,33
frontier02351,1706617183,1706617234,51
frontier02352,1706617206,1706617239,33
frontier02353,1706617079,1706617086,7
frontier02354,1706617205,1706617235,30
frontier02355,1706617189,1706617238,49
frontier02356,1706617016,1706617042,26
frontier02358,1706617207,1706617239,32
frontier02359,1706617047,1706617050,3
frontier02360,1706617068,1706617080,12
frontier02361,1706617205,1706617235,30
frontier02362,1706617189,1706617237,48
frontier02363,1706617080,1706617119,39
frontier02364,1706617207,1706617238,31
frontier02365,1706617205,1706617239,34
frontier02366,1706617206,1706617240,34
frontier02367,1706617110,1706617177,67
frontier02368,1706617079,1706617086,7
frontier02369,1706617205,1706617239,34
frontier02370,1706617050,1706617067,17
frontier02371,1706617205,1706617239,34
frontier02372,1706617052,1706617067,15
frontier02373,1706617047,1706617067,20
frontier02374,1706617091,1706617155,64
frontier02375,1706617205,1706617239,34
frontier02376,1706617205,1706617239,34
frontier02377,1706616965,1706616970,5
frontier02378,1706617130,1706617192,62
frontier02379,1706617206,1706617235,29
frontier02380,1706617206,1706617239,33
frontier02381,1706617091,1706617144,53
frontier02382,1706616987,1706616990,3
frontier02383,1706616953,1706616957,4
frontier02384,1706616968,1706616974,6
frontier02385,1706616951,1706616957,6
frontier02386,1706616961,1706616964,3
frontier02387,1706616949,1706616957,8
frontier02388,1706617047,1706617067,20
frontier02389,1706617093,1706617137,44
frontier02390,1706617080,1706617119,39
frontier02391,1706617205,1706617240,35
frontier02392,1706617068,1706617082,14
frontier02393,1706616975,1706616983,8
frontier02394,1706617047,1706617067,20
frontier02395,1706617110,1706617178,68
frontier02396,1706617081,1706617116,35
frontier02397,1706617205,1706617239,34
frontier02398,1706617182,1706617231,49
frontier02399,1706617016,1706617044,28
frontier02400,1706617173,1706617214,41
frontier02401,1706617205,1706617239,34
frontier02402,1706617110,1706617179,69
frontier02403,1706617206,1706617240,34
frontier02404,1706617205,1706617235,30
frontier02405,1706616991,1706616993,2
frontier02406,1706617136,1706617192,56
frontier02407,1706616986,1706616989,3
frontier02408,1706617016,1706617043,27
frontier02412,1706617206,1706617239,33
frontier02420,1706617188,1706617236,48
frontier02421,1706617205,1706617235,30
frontier02422,1706617068,1706617081,13
frontier02423,1706617090,1706617133,43
frontier02424,1706617207,1706617235,28
frontier02425,1706617136,1706617193,57
frontier02426,1706617110,1706617175,65
frontier02427,1706617206,1706617238,32
frontier02428,1706617090,1706617132,42
frontier02429,1706617205,1706617239,34
frontier02430,1706617205,1706617239,34
frontier02431,1706617137,1706617206,69
frontier02432,1706617074,1706617092,18
frontier02443,1706617205,1706617239,34
frontier02452,1706617038,1706617045,7
frontier02465,1706617136,1706617192,56
frontier02466,1706617079,1706617096,17
frontier02467,1706617091,1706617134,43
frontier02468,1706617180,1706617233,53
frontier02469,1706617144,1706617193,49
frontier02470,1706617091,1706617145,54
frontier02471,1706617068,1706617080,12
frontier02472,1706617047,1706617069,22
frontier02473,1706616964,1706616969,5
frontier02474,1706617038,1706617045,7
frontier02475,1706617016,1706617039,23
frontier02476,1706617207,1706617240,33
frontier02477,1706617040,1706617045,5
frontier02478,1706616992,1706616994,2
frontier02479,1706617180,1706617228,48
frontier02480,1706617090,1706617133,43
frontier02481,1706617205,1706617238,33
frontier02482,1706617207,1706617235,28
frontier02483,1706617038,1706617047,9
frontier02484,1706617038,1706617047,9
frontier02485,1706617079,1706617086,7
frontier02486,1706617091,1706617131,40
frontier02487,1706617016,1706617042,26
frontier02488,1706617205,1706617239,34
frontier02489,1706617079,1706617094,15
frontier02490,1706617175,1706617216,41
frontier02491,1706617207,1706617235,28
frontier02492,1706617021,1706617047,26
frontier02493,1706617205,1706617239,34
frontier02494,1706617206,1706617235,29
frontier02495,1706617079,1706617094,15
frontier02496,1706617038,1706617045,7
frontier02497,1706617206,1706617235,29
frontier02498,1706617110,1706617174,64
frontier02500,1706617136,1706617189,53
frontier02501,1706617047,1706617069,22
frontier02502,1706617207,1706617240,33
frontier02503,1706617205,1706617235,30
frontier02504,1706617206,1706617239,33
frontier02505,1706617127,1706617192,65
frontier02506,1706617205,1706617239,34
frontier02507,1706617207,1706617235,28
frontier02508,1706617205,1706617235,30
frontier02509,1706617205,1706617235,30
frontier02510,1706617181,1706617230,49
frontier02511,1706617002,1706617004,2
frontier02512,1706617136,1706617190,54
frontier02513,1706617205,1706617234,29
frontier02514,1706617205,1706617235,30
frontier02515,1706617183,1706617234,51
frontier02516,1706617126,1706617187,61
frontier02517,1706617048,1706617050,2
frontier02518,1706617189,1706617238,49
frontier02519,1706617064,1706617079,15
frontier02520,1706617187,1706617235,48
frontier02521,1706617137,1706617192,55
frontier02522,1706617207,1706617238,31
frontier02523,1706617077,1706617096,19
frontier02524,1706617207,1706617239,32
frontier02525,1706617205,1706617235,30
frontier02526,1706617175,1706617215,40
frontier02527,1706617130,1706617192,62
frontier02528,1706617091,1706617134,43
frontier02529,1706617207,1706617239,32
frontier02530,1706617172,1706617212,40
frontier02531,1706617136,1706617192,56
frontier02532,1706617205,1706617235,30
frontier02533,1706617016,1706617042,26
frontier02534,1706617049,1706617067,18
frontier02535,1706617207,1706617240,33
frontier02536,1706617207,1706617235,28
frontier02537,1706617205,1706617239,34
frontier02538,1706617113,1706617175,62
frontier02539,1706617090,1706617132,42
frontier02540,1706617068,1706617081,13
frontier02541,1706617205,1706617239,34
frontier02542,1706617040,1706617045,5
frontier02543,1706617091,1706617134,43
frontier02544,1706617180,1706617228,48
frontier02545,1706617049,1706617069,20
frontier02546,1706617137,1706617192,55
frontier02547,1706617130,1706617192,62
frontier02548,1706617205,1706617235,30
frontier02549,1706617130,1706617193,63
frontier02550,1706617110,1706617178,68
frontier02551,1706617205,1706617239,34
frontier02552,1706617171,1706617211,40
frontier02553,1706617091,1706617145,54
frontier02554,1706617186,1706617235,49
frontier02555,1706617205,1706617239,34
frontier02556,1706617172,1706617213,41
frontier02557,1706617136,1706617193,57
frontier02558,1706616959,1706616964,5
frontier02559,1706617090,1706617134,44
frontier02560,1706617207,1706617239,32
frontier02563,1706617206,1706617240,34
frontier02569,1706617110,1706617177,67
frontier02573,1706617180,1706617228,48
frontier02577,1706617181,1706617229,48
frontier02578,1706617091,1706617145,54
frontier02579,1706617079,1706617087,8
frontier02580,1706617032,1706617043,11
frontier02581,1706617130,1706617193,63
frontier02582,1706616953,1706616958,5
frontier02583,1706616974,1706616981,7
frontier02584,1706617137,1706617193,56
frontier02588,1706616970,1706616974,4
frontier02589,1706616989,1706616992,3
frontier02590,1706616966,1706616972,6
frontier02591,1706617110,1706617181,71
frontier02592,1706617091,1706617134,43
frontier02593,1706617172,1706617213,41
frontier02594,1706616968,1706616974,6
frontier02595,1706617207,1706617240,33
frontier02596,1706617068,1706617081,13
frontier02597,1706617189,1706617237,48
frontier02598,1706617079,1706617120,41
frontier02599,1706617012,1706617015,3
frontier02600,1706617068,1706617080,12
frontier02601,1706617016,1706617042,26
frontier02602,1706617091,1706617157,66
frontier02603,1706617171,1706617213,42
frontier02604,1706617014,1706617043,29
frontier02605,1706617136,1706617187,51
frontier02606,1706617068,1706617079,11
frontier02607,1706617207,1706617239,32
frontier02608,1706616967,1706616972,5
frontier02609,1706617207,1706617240,33
frontier02610,1706616953,1706616957,4
frontier02611,1706617205,1706617239,34
frontier02612,1706617205,1706617235,30
frontier02613,1706617205,1706617239,34
frontier02614,1706616953,1706616958,5
frontier02615,1706617206,1706617240,34
frontier02616,1706617180,1706617228,48
frontier02617,1706617091,1706617131,40
frontier02618,1706616970,1706616974,4
frontier02621,1706617207,1706617239,32
frontier02622,1706617144,1706617193,49
frontier02623,1706617173,1706617214,41
frontier02626,1706617181,1706617233,52
frontier02627,1706617081,1706617120,39
frontier02628,1706617137,1706617206,69
frontier02630,1706617050,1706617069,19
frontier02631,1706617068,1706617080,12
frontier02632,1706617207,1706617235,28
frontier02633,1706617074,1706617093,19
frontier02634,1706617180,1706617228,48
frontier02635,1706617207,1706617239,32
frontier02636,1706617205,1706617239,34
frontier02637,1706617207,1706617239,32
frontier02638,1706617207,1706617240,33
frontier02639,1706617130,1706617190,60
frontier02640,1706617091,1706617156,65
frontier02641,1706617091,1706617155,64
frontier02642,1706617205,1706617234,29
frontier02643,1706617207,1706617239,32
frontier02644,1706617091,1706617146,55
frontier02645,1706617207,1706617235,28
frontier02646,1706617148,1706617211,63
frontier02647,1706616976,1706616982,6
frontier02648,1706616953,1706616958,5
frontier02649,1706617079,1706617093,14
frontier02650,1706617182,1706617234,52
frontier02651,1706617180,1706617228,48
frontier02652,1706617206,1706617239,33
frontier02653,1706617050,1706617069,19
frontier02654,1706617205,1706617239,34
frontier02655,1706617207,1706617239,32
frontier02656,1706617180,1706617229,49
frontier02657,1706617207,1706617240,33
frontier02658,1706617013,1706617042,29
frontier02659,1706617068,1706617080,12
frontier02660,1706617172,1706617214,42
frontier02661,1706617068,1706617080,12
frontier02662,1706617205,1706617239,34
frontier02663,1706617206,1706617235,29
frontier02664,1706617091,1706617133,42
frontier02665,1706617082,1706617109,27
frontier02666,1706617206,1706617239,33
frontier02667,1706617181,1706617229,48
frontier02668,1706617038,1706617047,9
frontier02669,1706617206,1706617239,33
frontier02670,1706617143,1706617192,49
frontier02671,1706616965,1706616971,6
frontier02672,1706617207,1706617239,32
frontier02673,1706617189,1706617235,46
frontier02674,1706617015,1706617035,20
frontier02675,1706617136,1706617187,51
frontier02676,1706617171,1706617211,40
frontier02677,1706617015,1706617044,29
frontier02678,1706617091,1706617132,41
frontier02679,1706617068,1706617081,13
frontier02680,1706617180,1706617229,49
frontier02681,1706617206,1706617239,33
frontier02682,1706617182,1706617230,48
frontier02683,1706617205,1706617239,34
frontier02684,1706617130,1706617175,45
frontier02685,1706617068,1706617080,12
frontier02693,1706616959,1706616964,5
frontier02696,1706617207,1706617239,32
frontier02703,1706617015,1706617047,32
frontier02704,1706617207,1706617235,28
frontier02707,1706617091,1706617145,54
frontier02709,1706617050,1706617069,19
frontier02710,1706617137,1706617206,69
frontier02711,1706617087,1706617134,47
frontier02712,1706617040,1706617045,5
frontier02713,1706617175,1706617215,40
frontier02714,1706617091,1706617132,41
frontier02715,1706617182,1706617234,52
frontier02716,1706617050,1706617067,17
frontier02718,1706617206,1706617235,29
frontier02719,1706617136,1706617186,50
frontier02720,1706617091,1706617145,54
frontier02721,1706617206,1706617239,33
frontier02722,1706617110,1706617181,71
frontier02723,1706617205,1706617238,33
frontier02724,1706617091,1706617176,85
frontier02725,1706617021,1706617045,24
frontier02726,1706617206,1706617235,29
frontier02727,1706617207,1706617239,32
frontier02728,1706617205,1706617239,34
frontier02729,1706617130,1706617192,62
frontier02730,1706617206,1706617235,29
frontier02731,1706617207,1706617239,32
frontier02732,1706617189,1706617234,45
frontier02733,1706617130,1706617192,62
frontier02734,1706617190,1706617239,49
frontier02735,1706617047,1706617050,3
frontier02736,1706617091,1706617177,86
frontier02737,1706617188,1706617236,48
frontier02738,1706617205,1706617238,33
frontier02739,1706617206,1706617240,34
frontier02740,1706617079,1706617109,30
frontier02741,1706617080,1706617119,39
frontier02742,1706617205,1706617239,34
frontier02743,1706617205,1706617239,34
frontier02744,1706617068,1706617081,13
frontier02745,1706617136,1706617192,56
frontier02746,1706617171,1706617212,41
frontier02752,1706617068,1706617081,13
frontier02753,1706617130,1706617193,63
frontier02754,1706617016,1706617045,29
frontier02755,1706617190,1706617235,45
frontier02756,1706617016,1706617042,26
frontier02757,1706617032,1706617044,12
frontier02758,1706617175,1706617216,41
frontier02759,1706617172,1706617213,41
frontier02760,1706617200,1706617235,35
frontier02761,1706617206,1706617240,34
frontier02762,1706617087,1706617145,58
frontier02763,1706616953,1706616957,4
frontier02764,1706617144,1706617193,49
frontier02765,1706617205,1706617239,34
frontier02766,1706617201,1706617235,34
frontier02767,1706617206,1706617235,29
frontier02768,1706617143,1706617192,49
frontier02769,1706617079,1706617087,8
frontier02770,1706617188,1706617235,47
frontier02771,1706617206,1706617240,34
frontier02772,1706617091,1706617134,43
frontier02773,1706617079,1706617093,14
frontier02774,1706617190,1706617239,49
frontier02775,1706617090,1706617133,43
frontier02776,1706617171,1706617212,41
frontier02777,1706617205,1706617239,34
frontier02778,1706617143,1706617206,63
frontier02779,1706617144,1706617205,61
frontier02780,1706617205,1706617240,35
frontier02781,1706617205,1706617238,33
frontier02782,1706617136,1706617187,51
frontier02783,1706617189,1706617235,46
frontier02784,1706617207,1706617240,33
frontier02785,1706617206,1706617240,34
frontier02786,1706617079,1706617093,14
frontier02787,1706617205,1706617239,34
frontier02788,1706617205,1706617239,34
frontier02789,1706616954,1706616958,4
frontier02790,1706617205,1706617239,34
frontier02791,1706617189,1706617239,50
frontier02792,1706617205,1706617239,34
frontier02793,1706617015,1706617043,28
frontier02794,1706617110,1706617158,48
frontier02795,1706617047,1706617069,22
frontier02796,1706617122,1706617192,70
frontier02797,1706617079,1706617091,12
frontier02798,1706617091,1706617132,41
frontier02799,1706617091,1706617174,83
frontier02800,1706617205,1706617235,30
frontier02801,1706617206,1706617239,33
frontier02802,1706617206,1706617239,33
frontier02803,1706617180,1706617227,47
frontier02804,1706617207,1706617235,28
frontier02805,1706617136,1706617192,56
frontier02806,1706617190,1706617239,49
frontier02807,1706617170,1706617211,41
frontier02808,1706617156,1706617212,56
frontier02809,1706617189,1706617234,45
frontier02810,1706617091,1706617155,64
frontier02811,1706616999,1706617001,2
frontier02812,1706617068,1706617081,13
frontier02813,1706617189,1706617235,46
frontier02829,1706617077,1706617094,17
frontier02830,1706617207,1706617239,32
frontier02831,1706616994,1706616999,5
frontier02832,1706617207,1706617235,28
frontier02836,1706617004,1706617006,2
frontier02837,1706617205,1706617239,34
frontier02838,1706617207,1706617239,32
frontier02839,1706617177,1706617228,51
frontier02840,1706617090,1706617134,44
frontier02841,1706617136,1706617192,56
frontier02842,1706617207,1706617238,31
frontier02843,1706617091,1706617155,64
frontier02844,1706617180,1706617230,50
frontier02847,1706617205,1706617239,34
frontier02848,1706617068,1706617080,12
frontier02849,1706617188,1706617239,51
frontier02850,1706617189,1706617237,48
frontier02851,1706617091,1706617132,41
frontier02852,1706617207,1706617240,33
frontier02853,1706617016,1706617045,29
frontier02854,1706617068,1706617080,12
frontier02855,1706617091,1706617155,64
frontier02856,1706617181,1706617234,53
frontier02857,1706617206,1706617239,33
frontier02858,1706617181,1706617229,48
frontier02859,1706617205,1706617239,34
frontier02860,1706617190,1706617238,48
frontier02861,1706617047,1706617050,3
frontier02863,1706617200,1706617239,39
frontier02864,1706617091,1706617173,82
frontier02865,1706617038,1706617047,9
frontier02866,1706617205,1706617235,30
frontier02867,1706617086,1706617176,90
frontier02868,1706617136,1706617192,56
frontier02869,1706617207,1706617239,32
frontier02870,1706617205,1706617239,34
frontier02871,1706617091,1706617145,54
frontier02872,1706617079,1706617120,41
frontier02873,1706617207,1706617239,32
frontier02874,1706617170,1706617211,41
frontier02875,1706617001,1706617004,3
frontier02876,1706617189,1706617238,49
frontier02877,1706617038,1706617045,7
frontier02878,1706617190,1706617239,49
frontier02879,1706617207,1706617239,32
frontier02880,1706617189,1706617235,46
frontier02881,1706617126,1706617180,54
frontier02882,1706617016,1706617042,26
frontier02883,1706617064,1706617078,14
frontier02885,1706617207,1706617239,32
frontier02886,1706617050,1706617069,19
frontier02887,1706617047,1706617050,3
frontier02888,1706617091,1706617156,65
frontier02889,1706617137,1706617192,55
frontier02890,1706617047,1706617050,3
frontier02891,1706617189,1706617238,49
frontier02892,1706617180,1706617228,48
frontier02893,1706617206,1706617239,33
frontier02894,1706617205,1706617239,34
frontier02895,1706617207,1706617235,28
frontier02896,1706617143,1706617206,63
frontier02897,1706617207,1706617235,28
frontier02898,1706617110,1706617175,65
frontier02899,1706617079,1706617094,15
frontier02900,1706617047,1706617067,20
frontier02901,1706617136,1706617189,53
frontier02902,1706617172,1706617213,41
frontier02903,1706617079,1706617118,39
frontier02904,1706617205,1706617239,34
frontier02905,1706617110,1706617175,65
frontier02906,1706617205,1706617239,34
frontier02907,1706617182,1706617234,52
frontier02908,1706617050,1706617069,19
frontier02909,1706617206,1706617239,33
frontier02910,1706617206,1706617240,34
frontier02911,1706617190,1706617240,50
frontier02912,1706617175,1706617216,41
frontier02913,1706617091,1706617134,43
frontier02914,1706617205,1706617239,34
frontier02915,1706617068,1706617083,15
frontier02916,1706617206,1706617240,34
frontier02917,1706617091,1706617131,40
frontier02918,1706617182,1706617234,52
frontier02919,1706617144,1706617191,47
frontier02920,1706617110,1706617182,72
frontier02921,1706617137,1706617192,55
frontier02922,1706617079,1706617116,37
frontier02923,1706617091,1706617145,54
frontier02926,1706617136,1706617189,53
frontier02927,1706617205,1706617239,34
frontier02928,1706617205,1706617239,34
frontier02929,1706617189,1706617237,48
frontier02930,1706617079,1706617093,14
frontier02931,1706617136,1706617189,53
frontier02932,1706617136,1706617192,56
frontier02933,1706617014,1706617021,7
frontier02934,1706617090,1706617132,42
frontier02935,1706617189,1706617234,45
frontier02936,1706617068,1706617080,12
frontier02937,1706617043,1706617047,4
frontier02938,1706617171,1706617213,42
frontier02939,1706617137,1706617206,69
frontier02940,1706617090,1706617134,44
frontier02941,1706617091,1706617177,86
frontier02960,1706617047,1706617067,20
frontier02961,1706617206,1706617240,34
frontier02962,1706617206,1706617239,33
frontier02963,1706617186,1706617231,45
frontier02967,1706617091,1706617174,83
frontier02968,1706617207,1706617239,32
frontier02969,1706617144,1706617206,62
frontier02970,1706617081,1706617116,35
frontier02971,1706617050,1706617066,16
frontier02972,1706617038,1706617045,7
frontier02973,1706617016,1706617043,27
frontier02974,1706617173,1706617227,54
frontier02975,1706617074,1706617092,18
frontier02976,1706617172,1706617213,41
frontier02977,1706617067,1706617079,12
frontier02978,1706617074,1706617093,19
frontier02981,1706617207,1706617239,32
frontier02982,1706617205,1706617239,34
frontier02983,1706617144,1706617206,62
frontier02984,1706617144,1706617206,62
frontier02985,1706617110,1706617181,71
frontier02986,1706617171,1706617211,40
frontier02987,1706617205,1706617239,34
frontier02988,1706617180,1706617227,47
frontier02989,1706617130,1706617192,62
frontier02990,1706617206,1706617240,34
frontier02991,1706617016,1706617042,26
frontier02992,1706617205,1706617239,34
frontier02993,1706617047,1706617067,20
frontier02994,1706617205,1706617240,35
frontier02995,1706617048,1706617069,21
frontier02996,1706617206,1706617240,34
frontier02997,1706617205,1706617235,30
frontier02998,1706617136,1706617186,50
frontier02999,1706617181,1706617228,47
frontier03000,1706617091,1706617174,83
frontier03001,1706617180,1706617228,48
frontier03002,1706617205,1706617235,30
frontier03003,1706617031,1706617042,11
frontier03004,1706617180,1706617228,48
frontier03005,1706617040,1706617047,7
frontier03006,1706617180,1706617227,47
frontier03007,1706617047,1706617067,20
frontier03008,1706617190,1706617239,49
frontier03009,1706617172,1706617213,41
frontier03010,1706617206,1706617240,34
frontier03013,1706617091,1706617155,64
frontier03014,1706617091,1706617131,40
frontier03015,1706617130,1706617192,62
frontier03016,1706617091,1706617144,53
frontier03017,1706617174,1706617215,41
frontier03018,1706617091,1706617145,54
frontier03019,1706617182,1706617230,48
frontier03020,1706617181,1706617228,47
frontier03021,1706617205,1706617239,34
frontier03022,1706617206,1706617238,32
frontier03023,1706617205,1706617234,29
frontier03024,1706617047,1706617050,3
frontier03025,1706617130,1706617188,58
frontier03026,1706617181,1706617228,47
frontier03027,1706617079,1706617119,40
frontier03028,1706617205,1706617238,33
frontier03029,1706617136,1706617193,57
frontier03030,1706617038,1706617047,9
frontier03031,1706617205,1706617239,34
frontier03032,1706617205,1706617239,34
frontier03033,1706617206,1706617239,33
frontier03034,1706617205,1706617239,34
frontier03035,1706617016,1706617042,26
frontier03036,1706617206,1706617240,34
frontier03037,1706617090,1706617130,40
frontier03038,1706617181,1706617229,48
frontier03039,1706617200,1706617239,39
frontier03040,1706617090,1706617133,43
frontier03041,1706617205,1706617239,34
frontier03042,1706617110,1706617157,47
frontier03043,1706617172,1706617213,41
frontier03044,1706617144,1706617205,61
frontier03045,1706617176,1706617227,51
frontier03046,1706617136,1706617192,56
frontier03047,1706617206,1706617240,34
frontier03048,1706617188,1706617235,47
frontier03049,1706617068,1706617081,13
frontier03050,1706617137,1706617193,56
frontier03051,1706617182,1706617230,48
frontier03052,1706617091,1706617132,41
frontier03053,1706617068,1706617080,12
frontier03054,1706617130,1706617192,62
frontier03055,1706617180,1706617227,47
frontier03056,1706617207,1706617240,33
frontier03057,1706617189,1706617237,48
frontier03058,1706617205,1706617239,34
frontier03059,1706617189,1706617235,46
frontier03060,1706617172,1706617213,41
frontier03061,1706617069,1706617082,13
frontier03062,1706617015,1706617021,6
frontier03063,1706617079,1706617095,16
frontier03064,1706617021,1706617045,24
frontier03065,1706617181,1706617229,48
frontier03066,1706617207,1706617239,32
frontier03067,1706617189,1706617237,48
frontier03068,1706617173,1706617214,41
frontier03069,1706617172,1706617213,41
frontier03070,1706617048,1706617050,2
frontier03079,1706617091,1706617131,40
frontier03086,1706617206,1706617239,33
frontier03087,1706617205,1706617235,30
frontier03088,1706617083,1706617133,50
frontier03089,1706617206,1706617239,33
frontier03090,1706617180,1706617228,48
frontier03091,1706617206,1706617239,33
frontier03092,1706617205,1706617239,34
frontier03093,1706617188,1706617235,47
frontier03094,1706617144,1706617190,46
frontier03097,1706617205,1706617239,34
frontier03099,1706617207,1706617235,28
frontier03100,1706617136,1706617176,40
frontier03101,1706617181,1706617229,48
frontier03102,1706617205,1706617240,35
frontier03103,1706617205,1706617239,34
frontier03104,1706617091,1706617177,86
frontier03105,1706617081,1706617116,35
frontier03106,1706617080,1706617116,36
frontier03107,1706617207,1706617240,33
frontier03108,1706617040,1706617047,7
frontier03109,1706617205,1706617239,34
frontier03110,1706617205,1706617235,30
frontier03111,1706617189,1706617235,46
frontier03112,1706617070,1706617081,11
frontier03113,1706617130,1706617192,62
frontier03114,1706617078,1706617096,18
frontier03115,1706617136,1706617193,57
frontier03116,1706617207,1706617239,32
frontier03117,1706617144,1706617206,62
frontier03118,1706617205,1706617239,34
frontier03119,1706617180,1706617227,47
frontier03120,1706617189,1706617237,48
frontier03121,1706617207,1706617240,33
frontier03122,1706617205,1706617239,34
frontier03123,1706617090,1706617131,41
frontier03124,1706617206,1706617239,33
frontier03125,1706617091,1706617156,65
frontier03126,1706617205,1706617239,34
frontier03127,1706616950,1706616958,8
frontier03128,1706617078,1706617095,17
frontier03129,1706617207,1706617240,33
frontier03130,1706617079,1706617097,18
frontier03131,1706617091,1706617177,86
frontier03132,1706617038,1706617045,7
frontier03133,1706617047,1706617067,20
frontier03134,1706617206,1706617235,29
frontier03135,1706617091,1706617145,54
frontier03136,1706617172,1706617213,41
frontier03137,1706617079,1706617096,17
frontier03138,1706617196,1706617238,42
frontier03139,1706617181,1706617234,53
frontier03140,1706617040,1706617045,5
frontier03141,1706617075,1706617095,20
frontier03142,1706617038,1706617047,9
frontier03143,1706617205,1706617238,33
frontier03144,1706617207,1706617239,32
frontier03145,1706617091,1706617134,43
frontier03146,1706617205,1706617240,35
frontier03147,1706616972,1706616977,5
frontier03148,1706617136,1706617193,57
frontier03149,1706617207,1706617240,33
frontier03150,1706617068,1706617079,11
frontier03151,1706617136,1706617186,50
frontier03152,1706617206,1706617240,34
frontier03153,1706617068,1706617081,13
frontier03154,1706617144,1706617206,62
frontier03155,1706617205,1706617239,34
frontier03156,1706617110,1706617175,65
frontier03159,1706617049,1706617067,18
frontier03160,1706616989,1706616992,3
frontier03161,1706617091,1706617134,43
frontier03162,1706617206,1706617239,33
frontier03164,1706617207,1706617235,28
frontier03165,1706617180,1706617228,48
frontier03166,1706617079,1706617096,17
frontier03167,1706617205,1706617239,34
frontier03168,1706617091,1706617133,42
frontier03169,1706617155,1706617192,37
frontier03170,1706617137,1706617186,49
frontier03171,1706617180,1706617227,47
frontier03172,1706617181,1706617234,53
frontier03173,1706616990,1706616993,3
frontier03174,1706617174,1706617215,41
frontier03183,1706617181,1706617229,48
frontier03184,1706617206,1706617240,34
frontier03185,1706616955,1706616959,4
frontier03186,1706617175,1706617215,40
frontier03187,1706617172,1706617213,41
frontier03188,1706617205,1706617239,34
frontier03189,1706617144,1706617206,62
frontier03190,1706617170,1706617210,40
frontier03191,1706617205,1706617239,34
frontier03192,1706617155,1706617208,53
frontier03193,1706617016,1706617043,27
frontier03194,1706617031,1706617043,12
frontier03195,1706617205,1706617239,34
frontier03196,1706617137,1706617187,50
frontier03197,1706617126,1706617187,61
frontier03198,1706617091,1706617134,43
frontier03199,1706617190,1706617239,49
frontier03200,1706616958,1706616962,4
frontier03218,1706617172,1706617213,41
frontier03219,1706617136,1706617190,54
frontier03220,1706617137,1706617206,69
frontier03221,1706617182,1706617234,52
frontier03225,1706617137,1706617192,55
frontier03226,1706617190,1706617239,49
frontier03227,1706617091,1706617132,41
frontier03228,1706617207,1706617239,32
frontier03229,1706617048,1706617050,2
frontier03230,1706617143,1706617192,49
frontier03231,1706617090,1706617145,55
frontier03232,1706617205,1706617239,34
frontier03233,1706617090,1706617133,43
frontier03234,1706617016,1706617021,5
frontier03235,1706617190,1706617239,49
frontier03236,1706617130,1706617192,62
frontier03237,1706617091,1706617155,64
frontier03238,1706617040,1706617045,5
frontier03239,1706617016,1706617043,27
frontier03240,1706617136,1706617189,53
frontier03241,1706617021,1706617045,24
frontier03242,1706617183,1706617234,51
frontier03243,1706617144,1706617192,48
frontier03244,1706617180,1706617227,47
frontier03245,1706617031,1706617043,12
frontier03246,1706617038,1706617045,7
frontier03247,1706617091,1706617134,43
frontier03248,1706617207,1706617239,32
frontier03249,1706617136,1706617192,56
frontier03250,1706617078,1706617095,17
frontier03251,1706617149,1706617211,62
frontier03252,1706617181,1706617234,53
frontier03253,1706617207,1706617240,33
frontier03254,1706617080,1706617119,39
frontier03255,1706617188,1706617236,48
frontier03256,1706617189,1706617238,49
frontier03257,1706617091,1706617134,43
frontier03258,1706617207,1706617235,28
frontier03259,1706617205,1706617235,30
frontier03260,1706617207,1706617236,29
frontier03261,1706617113,1706617193,80
frontier03262,1706617206,1706617239,33
frontier03263,1706617136,1706617192,56
frontier03264,1706617016,1706617021,5
frontier03265,1706617136,1706617193,57
frontier03266,1706617205,1706617239,34
frontier03267,1706617171,1706617212,41
frontier03268,1706617091,1706617145,54
frontier03269,1706617091,1706617178,87
frontier03270,1706617207,1706617240,33
frontier03271,1706617205,1706617239,34
frontier03272,1706617205,1706617240,35
frontier03275,1706617205,1706617235,30
frontier03276,1706617143,1706617192,49
frontier03277,1706617069,1706617081,12
frontier03278,1706617205,1706617235,30
frontier03279,1706617189,1706617239,50
frontier03280,1706617155,1706617193,38
frontier03281,1706617180,1706617227,47
frontier03282,1706617130,1706617192,62
frontier03283,1706617136,1706617192,56
frontier03284,1706617205,1706617239,34
frontier03285,1706617205,1706617239,34
frontier03286,1706617048,1706617050,2
frontier03287,1706617082,1706617118,36
frontier03288,1706617130,1706617192,62
frontier03289,1706617079,1706617096,17
frontier03290,1706617189,1706617239,50
frontier03291,1706617081,1706617118,37
frontier03292,1706617144,1706617207,63
frontier03293,1706617079,1706617115,36
frontier03294,1706617038,1706617047,9
frontier03295,1706617092,1706617145,53
frontier03296,1706617019,1706617021,2
frontier03297,1706617206,1706617239,33
frontier03298,1706616950,1706616957,7
frontier03299,1706617038,1706617047,9
frontier03300,1706616962,1706616966,4
frontier03301,1706617016,1706617021,5
frontier03302,1706616970,1706616977,7
frontier03303,1706617188,1706617237,49
frontier03304,1706617155,1706617193,38
frontier03305,1706617091,1706617131,40
frontier03306,1706616959,1706616964,5
frontier03307,1706617040,1706617047,7
frontier03308,1706617188,1706617237,49
frontier03309,1706617205,1706617239,34
frontier03310,1706617047,1706617050,3
frontier03311,1706617207,1706617239,32
frontier03312,1706617079,1706617110,31
frontier03313,1706617047,1706617069,22
frontier03314,1706617070,1706617082,12
frontier03315,1706617205,1706617239,34
frontier03316,1706617205,1706617239,34
frontier03317,1706617205,1706617239,34
frontier03318,1706617110,1706617177,67
frontier03319,1706617207,1706617235,28
frontier03320,1706616958,1706616962,4
frontier03321,1706617110,1706617178,68
frontier03322,1706617079,1706617108,29
frontier03323,1706617207,1706617239,32
frontier03324,1706617047,1706617050,3
frontier03325,1706617205,1706617239,34
frontier03326,1706616969,1706616976,7
frontier03331,1706617090,1706617133,43
frontier03332,1706617205,1706617239,34
frontier03345,1706617040,1706617045,5
frontier03355,1706617075,1706617095,20
frontier03362,1706617205,1706617236,31
frontier03369,1706617189,1706617238,49
frontier03370,1706617206,1706617240,34
frontier03371,1706617079,1706617120,41
frontier03372,1706617205,1706617238,33
frontier03373,1706617206,1706617240,34
frontier03374,1706617189,1706617237,48
frontier03375,1706617080,1706617119,39
frontier03376,1706617038,1706617045,7
frontier03377,1706617180,1706617232,52
frontier03378,1706617050,1706617069,19
frontier03379,1706617206,1706617240,34
frontier03380,1706617205,1706617238,33
frontier03381,1706617079,1706617130,51
frontier03382,1706617207,1706617238,31
frontier03383,1706617127,1706617191,64
frontier03384,1706617174,1706617215,41
frontier03385,1706617171,1706617213,42
frontier03386,1706617110,1706617158,48
frontier03387,1706617047,1706617050,3
frontier03388,1706617079,1706617115,36
frontier03389,1706617038,1706617045,7
frontier03390,1706616955,1706616959,4
frontier03391,1706616965,1706616970,5
frontier03392,1706617143,1706617192,49
frontier03393,1706617205,1706617239,34
frontier03394,1706617110,1706617177,67
frontier03395,1706617206,1706617235,29
frontier03396,1706617189,1706617235,46
frontier03397,1706617207,1706617240,33
frontier03398,1706617205,1706617239,34
frontier03399,1706617205,1706617239,34
frontier03400,1706617205,1706617239,34
frontier03401,1706617205,1706617239,34
frontier03402,1706617016,1706617043,27
frontier03403,1706617205,1706617239,34
frontier03404,1706617207,1706617238,31
frontier03405,1706617173,1706617215,42
frontier03406,1706617080,1706617120,40
frontier03407,1706617180,1706617229,49
frontier03408,1706617182,1706617230,48
frontier03409,1706617171,1706617212,41
frontier03410,1706617015,1706617045,30
frontier03411,1706617172,1706617213,41
frontier03412,1706617180,1706617227,47
frontier03413,1706617136,1706617192,56
frontier03414,1706617156,1706617207,51
frontier03415,1706617189,1706617235,46
frontier03416,1706617126,1706617192,66
frontier03417,1706617074,1706617094,20
frontier03418,1706617205,1706617239,34
frontier03419,1706617206,1706617239,33
frontier03420,1706617043,1706617047,4
frontier03421,1706617031,1706617041,10
frontier03422,1706617050,1706617069,19
frontier03423,1706617004,1706617006,2
frontier03424,1706617038,1706617045,7
frontier03425,1706617136,1706617189,53
frontier03426,1706617068,1706617081,13
frontier03427,1706617155,1706617193,38
frontier03428,1706617130,1706617190,60
frontier03429,1706617130,1706617192,62
frontier03430,1706617205,1706617238,33
frontier03431,1706617174,1706617215,41
frontier03432,1706617091,1706617134,43
frontier03433,1706617091,1706617134,43
frontier03434,1706617137,1706617192,55
frontier03435,1706617180,1706617227,47
frontier03436,1706617205,1706617240,35
frontier03437,1706617091,1706617145,54
frontier03438,1706617190,1706617235,45
frontier03439,1706617130,1706617192,62
frontier03440,1706617130,1706617189,59
frontier03441,1706617091,1706617145,54
frontier03442,1706617207,1706617240,33
frontier03443,1706617110,1706617178,68
frontier03444,1706617136,1706617187,51
frontier03445,1706617038,1706617045,7
frontier03446,1706617016,1706617043,27
frontier03447,1706617050,1706617069,19
frontier03448,1706617130,1706617192,62
frontier03449,1706617180,1706617228,48
frontier03450,1706617180,1706617228,48
frontier03451,1706617207,1706617240,33
frontier03452,1706617110,1706617178,68
frontier03453,1706617047,1706617069,22
frontier03454,1706617190,1706617239,49
frontier03455,1706617206,1706617239,33
frontier03456,1706617136,1706617175,39
frontier03457,1706617021,1706617047,26
frontier03458,1706617137,1706617191,54
frontier03464,1706617050,1706617069,19
frontier03472,1706617205,1706617235,30
frontier03473,1706617208,1706617240,32
frontier03474,1706617207,1706617238,31
frontier03475,1706617172,1706617213,41
frontier03476,1706617207,1706617240,33
frontier03477,1706617172,1706617213,41
frontier03478,1706617091,1706617138,47
frontier03479,1706617189,1706617238,49
frontier03483,1706617172,1706617213,41
frontier03484,1706617172,1706617213,41
frontier03485,1706617091,1706617145,54
frontier03486,1706617206,1706617240,34
frontier03487,1706617031,1706617045,14
frontier03488,1706617091,1706617134,43
frontier03489,1706617070,1706617081,11
frontier03490,1706617200,1706617239,39
frontier03491,1706617079,1706617127,48
frontier03492,1706617091,1706617134,43
frontier03493,1706617091,1706617133,42
frontier03494,1706617190,1706617239,49
frontier03495,1706616958,1706616962,4
frontier03496,1706616971,1706616977,6
frontier03497,1706617205,1706617239,34
frontier03498,1706617205,1706617239,34
frontier03499,1706616969,1706616975,6
frontier03500,1706617205,1706617235,30
frontier03501,1706617016,1706617042,26
frontier03502,1706617205,1706617239,34
frontier03503,1706617091,1706617134,43
frontier03504,1706617110,1706617181,71
frontier03505,1706617113,1706617188,75
frontier03506,1706617207,1706617239,32
frontier03507,1706617091,1706617131,40
frontier03508,1706617032,1706617043,11
frontier03509,1706617206,1706617240,34
frontier03510,1706617205,1706617239,34
frontier03511,1706617093,1706617158,65
frontier03512,1706617090,1706617133,43
frontier03513,1706617016,1706617044,28
frontier03514,1706617181,1706617230,49
frontier03515,1706617019,1706617021,2
frontier03516,1706617205,1706617239,34
frontier03517,1706617207,1706617240,33
frontier03518,1706616966,1706616971,5
frontier03519,1706617205,1706617239,34
frontier03520,1706617180,1706617227,47
frontier03521,1706617079,1706617116,37
frontier03522,1706617064,1706617078,14
frontier03523,1706617205,1706617239,34
frontier03525,1706617090,1706617132,42
frontier03526,1706617110,1706617178,68
frontier03527,1706617180,1706617228,48
frontier03528,1706617207,1706617239,32
frontier03529,1706616967,1706616973,6
frontier03530,1706617181,1706617234,53
frontier03531,1706617205,1706617239,34
frontier03532,1706617180,1706617227,47
frontier03533,1706617206,1706617240,34
frontier03534,1706617079,1706617113,34
frontier03535,1706617137,1706617192,55
frontier03536,1706617090,1706617132,42
frontier03537,1706617182,1706617234,52
frontier03538,1706617091,1706617134,43
frontier03539,1706617189,1706617239,50
frontier03540,1706617091,1706617134,43
frontier03541,1706617084,1706617132,48
frontier03542,1706617206,1706617239,33
frontier03543,1706617205,1706617239,34
frontier03544,1706617127,1706617189,62
frontier03545,1706617091,1706617145,54
frontier03546,1706617207,1706617239,32
frontier03547,1706616988,1706616991,3
frontier03548,1706617207,1706617235,28
frontier03549,1706617136,1706617193,57
frontier03550,1706617206,1706617240,34
frontier03551,1706617206,1706617235,29
frontier03552,1706617079,1706617118,39
frontier03553,1706617110,1706617173,63
frontier03555,1706617091,1706617144,53
frontier03556,1706617091,1706617177,86
frontier03557,1706617047,1706617050,3
frontier03558,1706617016,1706617042,26
frontier03559,1706617050,1706617069,19
frontier03560,1706617206,1706617240,34
frontier03563,1706617130,1706617192,62
frontier03567,1706617130,1706617192,62
frontier03569,1706617013,1706617045,32
frontier03570,1706617091,1706617134,43
frontier03571,1706617190,1706617239,49
frontier03572,1706617206,1706617239,33
frontier03573,1706617110,1706617176,66
frontier03574,1706617144,1706617193,49
frontier03575,1706617206,1706617239,33
frontier03576,1706617205,1706617239,34
frontier03577,1706617068,1706617083,15
frontier03578,1706617091,1706617144,53
frontier03579,1706617189,1706617237,48
frontier03580,1706617205,1706617239,34
frontier03581,1706617081,1706617117,36
frontier03582,1706617049,1706617069,20
frontier03583,1706617207,1706617239,32
frontier03586,1706617000,1706617002,2
frontier03598,1706617205,1706617239,34
frontier03599,1706617194,1706617235,41
frontier03600,1706617136,1706617188,52
frontier03601,1706617205,1706617239,34
frontier03602,1706617200,1706617239,39
frontier03603,1706617078,1706617096,18
frontier03607,1706617079,1706617110,31
frontier03608,1706617091,1706617134,43
frontier03609,1706617174,1706617229,55
frontier03610,1706617079,1706617120,41
frontier03611,1706617182,1706617229,47
frontier03612,1706617204,1706617239,35
frontier03613,1706617172,1706617212,40
frontier03614,1706617206,1706617235,29
frontier03615,1706617047,1706617067,20
frontier03616,1706617172,1706617213,41
frontier03617,1706617205,1706617239,34
frontier03618,1706617206,1706617239,33
frontier03619,1706617190,1706617235,45
frontier03620,1706617069,1706617081,12
frontier03621,1706617173,1706617213,40
frontier03622,1706617189,1706617237,48
frontier03623,1706617194,1706617239,45
frontier03624,1706617136,1706617192,56
frontier03625,1706617083,1706617134,51
frontier03626,1706617091,1706617144,53
frontier03627,1706617205,1706617239,34
frontier03628,1706617207,1706617240,33
frontier03629,1706617079,1706617086,7
frontier03630,1706617171,1706617213,42
frontier03631,1706617207,1706617239,32
frontier03632,1706617172,1706617212,40
frontier03633,1706617206,1706617240,34
frontier03634,1706617206,1706617238,32
frontier03635,1706617075,1706617093,18
frontier03636,1706617091,1706617144,53
frontier03637,1706617187,1706617231,44
frontier03638,1706617038,1706617045,7
frontier03639,1706617206,1706617239,33
frontier03640,1706617205,1706617240,35
frontier03641,1706617206,1706617236,30
frontier03642,1706617205,1706617239,34
frontier03643,1706617136,1706617191,55
frontier03644,1706617016,1706617044,28
frontier03645,1706617136,1706617192,56
frontier03646,1706617091,1706617155,64
frontier03647,1706617189,1706617235,46
frontier03648,1706617038,1706617045,7
frontier03649,1706617090,1706617132,42
frontier03650,1706617181,1706617228,47
frontier03651,1706617137,1706617207,70
frontier03652,1706617205,1706617235,30
frontier03653,1706617130,1706617192,62
frontier03654,1706617050,1706617069,19
frontier03655,1706617091,1706617134,43
frontier03656,1706617081,1706617121,40
frontier03657,1706617110,1706617177,67
frontier03659,1706617016,1706617043,27
frontier03660,1706617077,1706617095,18
frontier03661,1706617110,1706617176,66
frontier03662,1706617206,1706617239,33
frontier03663,1706617080,1706617116,36
frontier03665,1706617206,1706617239,33
frontier03666,1706617047,1706617050,3
frontier03667,1706617205,1706617235,30
frontier03668,1706617144,1706617206,62
frontier03669,1706617090,1706617132,42
frontier03670,1706617091,1706617134,43
frontier03671,1706617091,1706617155,64
frontier03672,1706617049,1706617069,20
frontier03673,1706617130,1706617192,62
frontier03674,1706617206,1706617239,33
frontier03675,1706617174,1706617215,41
frontier03676,1706617110,1706617181,71
frontier03677,1706617090,1706617134,44
frontier03678,1706617068,1706617082,14
frontier03679,1706617206,1706617239,33
frontier03680,1706617082,1706617117,35
frontier03681,1706617207,1706617240,33
frontier03682,1706617136,1706617190,54
frontier03683,1706617078,1706617095,17
frontier03684,1706617207,1706617239,32
frontier03687,1706617206,1706617239,33
frontier03688,1706617091,1706617175,84
frontier03691,1706617143,1706617206,63
frontier03694,1706617207,1706617236,29
frontier03695,1706617113,1706617176,63
frontier03696,1706617012,1706617016,4
frontier03697,1706617172,1706617212,40
frontier03698,1706617205,1706617240,35
frontier03699,1706617137,1706617192,55
frontier03700,1706617079,1706617094,15
frontier03701,1706617090,1706617134,44
frontier03702,1706617205,1706617239,34
frontier03703,1706617137,1706617191,54
frontier03704,1706617188,1706617235,47
frontier03705,1706617091,1706617145,54
frontier03706,1706617013,1706617043,30
frontier03707,1706617071,1706617094,23
frontier03708,1706617091,1706617133,42
frontier03709,1706617016,1706617042,26
frontier03710,1706617091,1706617145,54
frontier03711,1706617180,1706617228,48
frontier03716,1706617207,1706617240,33
frontier03728,1706617069,1706617081,12
frontier03729,1706617136,1706617186,50
frontier03730,1706617205,1706617239,34
frontier03731,1706617206,1706617239,33
frontier03732,1706617172,1706617213,41
frontier03733,1706617091,1706617155,64
frontier03734,1706617086,1706617134,48
frontier03735,1706617016,1706617042,26
frontier03739,1706617137,1706617193,56
frontier03740,1706617207,1706617239,32
frontier03741,1706617138,1706617206,68
frontier03742,1706617173,1706617213,40
frontier03743,1706617189,1706617234,45
frontier03744,1706617068,1706617083,15
frontier03745,1706617207,1706617239,32
frontier03746,1706617136,1706617187,51
frontier03747,1706617189,1706617237,48
frontier03748,1706617205,1706617235,30
frontier03749,1706617190,1706617239,49
frontier03750,1706617091,1706617134,43
frontier03751,1706617205,1706617239,34
frontier03752,1706617206,1706617235,29
frontier03753,1706617130,1706617192,62
frontier03754,1706617090,1706617133,43
frontier03755,1706617031,1706617041,10
frontier03756,1706617196,1706617239,43
frontier03757,1706617205,1706617239,34
frontier03758,1706617206,1706617236,30
frontier03759,1706617136,1706617176,40
frontier03760,1706617207,1706617240,33
frontier03761,1706617136,1706617191,55
frontier03762,1706617049,1706617067,18
frontier03763,1706617130,1706617191,61
frontier03764,1706617189,1706617238,49
frontier03765,1706617207,1706617238,31
frontier03766,1706617205,1706617239,34
frontier03767,1706617205,1706617234,29
frontier03768,1706617049,1706617067,18
frontier03769,1706617207,1706617239,32
frontier03770,1706617180,1706617227,47
frontier03771,1706617080,1706617130,50
frontier03772,1706617205,1706617239,34
frontier03773,1706617205,1706617239,34
frontier03774,1706617050,1706617069,19
frontier03775,1706617207,1706617240,33
frontier03776,1706617205,1706617239,34
frontier03777,1706617206,1706617240,34
frontier03778,1706617091,1706617131,40
frontier03779,1706617144,1706617175,31
frontier03780,1706617205,1706617236,31
frontier03781,1706617205,1706617239,34
frontier03782,1706617206,1706617240,34
frontier03783,1706617136,1706617192,56
frontier03784,1706617068,1706617081,13
frontier03785,1706617205,1706617240,35
frontier03786,1706617207,1706617240,33
frontier03787,1706617091,1706617134,43
frontier03788,1706617110,1706617178,68
frontier03789,1706617205,1706617239,34
frontier03790,1706617038,1706617045,7
frontier03791,1706617207,1706617239,32
frontier03792,1706617115,1706617178,63
frontier03795,1706617090,1706617145,55
frontier03796,1706617047,1706617069,22
frontier03797,1706617144,1706617207,63
frontier03798,1706617206,1706617239,33
frontier03801,1706617136,1706617187,51
frontier03802,1706617130,1706617192,62
frontier03803,1706617136,1706617189,53
frontier03804,1706617137,1706617192,55
frontier03805,1706617206,1706617239,33
frontier03806,1706617189,1706617237,48
frontier03807,1706617031,1706617042,11
frontier03808,1706617207,1706617239,32
frontier03812,1706617047,1706617050,3
frontier03813,1706617205,1706617239,34
frontier03814,1706617016,1706617044,28
frontier03815,1706617205,1706617239,34
frontier03816,1706617016,1706617043,27
frontier03817,1706617205,1706617239,34
frontier03818,1706617110,1706617177,67
frontier03819,1706617050,1706617069,19
frontier03820,1706617207,1706617240,33
frontier03821,1706617076,1706617095,19
frontier03822,1706617130,1706617191,61
frontier03823,1706617080,1706617119,39
frontier03824,1706617091,1706617145,54
frontier03825,1706617207,1706617238,31
frontier03826,1706617080,1706617121,41
frontier03827,1706617180,1706617227,47
frontier03828,1706617206,1706617239,33
frontier03834,1706617069,1706617081,12
frontier03835,1706617091,1706617177,86
frontier03836,1706617181,1706617228,47
frontier03837,1706617205,1706617239,34
frontier03838,1706617182,1706617234,52
frontier03839,1706617175,1706617216,41
frontier03840,1706617079,1706617086,7
frontier03844,1706617206,1706617238,32
frontier03852,1706617136,1706617190,54
frontier03855,1706617180,1706617227,47
frontier03856,1706617206,1706617239,33
frontier03857,1706616994,1706616999,5
frontier03858,1706617206,1706617239,33
frontier03860,1706617174,1706617213,39
frontier03863,1706617136,1706617188,52
frontier03864,1706617172,1706617213,41
frontier03865,1706617207,1706617240,33
frontier03866,1706617144,1706617187,43
frontier03867,1706617091,1706617132,41
frontier03869,1706617189,1706617238,49
frontier03870,1706617206,1706617235,29
frontier03871,1706617090,1706617133,43
frontier03872,1706617172,1706617213,41
frontier03873,1706617137,1706617186,49
frontier03874,1706617013,1706617043,30
frontier03875,1706617189,1706617239,50
frontier03876,1706617206,1706617239,33
frontier03877,1706617091,1706617145,54
frontier03878,1706617206,1706617239,33
frontier03879,1706617207,1706617235,28
frontier03880,1706617091,1706617178,87
frontier03881,1706617074,1706617091,17
frontier03882,1706617136,1706617192,56
frontier03883,1706617172,1706617212,40
frontier03884,1706617189,1706617234,45
frontier03885,1706617091,1706617131,40
frontier03886,1706617205,1706617238,33
frontier03887,1706617110,1706617157,47
frontier03888,1706617207,1706617240,33
frontier03889,1706617081,1706617119,38
frontier03890,1706617205,1706617234,29
frontier03891,1706617137,1706617192,55
frontier03892,1706617181,1706617229,48
frontier03893,1706617112,1706617182,70
frontier03894,1706617137,1706617206,69
frontier03897,1706617207,1706617238,31
frontier03898,1706617207,1706617239,32
frontier03899,1706617206,1706617235,29
frontier03900,1706617091,1706617177,86
frontier03901,1706617047,1706617050,3
frontier03902,1706617050,1706617069,19
frontier03903,1706617068,1706617081,13
frontier03904,1706617110,1706617173,63
frontier03905,1706617079,1706617087,8
frontier03906,1706617016,1706617043,27
frontier03911,1706617205,1706617239,34
frontier03912,1706617136,1706617192,56
frontier03913,1706617205,1706617235,30
frontier03914,1706617189,1706617237,48
frontier03915,1706617189,1706617237,48
frontier03916,1706617079,1706617120,41
frontier03917,1706617172,1706617213,41
frontier03918,1706617130,1706617193,63
frontier03919,1706617130,1706617192,62
frontier03920,1706617205,1706617235,30
frontier03921,1706617130,1706617190,60
frontier03922,1706617172,1706617213,41
frontier03923,1706617110,1706617177,67
frontier03924,1706617205,1706617239,34
frontier03925,1706617079,1706617096,17
frontier03926,1706617049,1706617067,18
frontier03927,1706617190,1706617236,46
frontier03928,1706617113,1706617187,74
frontier03929,1706617038,1706617045,7
frontier03930,1706617090,1706617132,42
frontier03931,1706617206,1706617239,33
frontier03932,1706617174,1706617215,41
frontier03935,1706617205,1706617238,33
frontier03936,1706617188,1706617239,51
frontier03937,1706617091,1706617146,55
frontier03938,1706617136,1706617188,52
frontier03939,1706617206,1706617235,29
frontier03940,1706617206,1706617239,33
frontier03941,1706617174,1706617214,40
frontier03942,1706617207,1706617235,28
frontier03943,1706617205,1706617240,35
frontier03944,1706617205,1706617239,34
frontier03945,1706617068,1706617081,13
frontier03946,1706617110,1706617175,65
frontier03947,1706617016,1706617042,26
frontier03948,1706617207,1706617239,32
frontier03949,1706617015,1706617043,28
frontier03950,1706617175,1706617216,41
frontier03951,1706617032,1706617044,12
frontier03952,1706617091,1706617155,64
frontier03953,1706617021,1706617045,24
frontier03954,1706617206,1706617240,34
frontier03955,1706617205,1706617239,34
frontier03956,1706617172,1706617213,41
frontier03957,1706617091,1706617144,53
frontier03958,1706617014,1706617021,7
frontier03959,1706617136,1706617192,56
frontier03960,1706617172,1706617212,40
frontier03961,1706617180,1706617227,47
frontier03962,1706617080,1706617110,30
frontier03963,1706617206,1706617240,34
frontier03964,1706617091,1706617156,65
frontier03965,1706617206,1706617234,28
frontier03966,1706617180,1706617228,48
frontier03967,1706617190,1706617238,48
frontier03968,1706617182,1706617234,52
frontier03973,1706617206,1706617240,34
frontier03979,1706617155,1706617207,52
frontier03981,1706617130,1706617192,62
frontier03982,1706617136,1706617192,56
frontier03987,1706617130,1706617188,58
frontier03988,1706617137,1706617194,57
frontier03989,1706617181,1706617234,53
frontier03990,1706617180,1706617227,47
frontier03991,1706617136,1706617187,51
frontier03992,1706617207,1706617236,29
frontier03993,1706617073,1706617093,20
frontier03994,1706617172,1706617212,40
frontier03996,1706617205,1706617240,35
frontier03997,1706617207,1706617240,33
frontier04000,1706617016,1706617043,27
frontier04001,1706617069,1706617081,12
frontier04002,1706617068,1706617081,13
frontier04003,1706617091,1706617155,64
frontier04004,1706617137,1706617192,55
frontier04005,1706617207,1706617240,33
frontier04007,1706617205,1706617239,34
frontier04008,1706617206,1706617235,29
frontier04009,1706617137,1706617206,69
frontier04010,1706617206,1706617239,33
frontier04011,1706617205,1706617239,34
frontier04012,1706617130,1706617189,59
frontier04015,1706617180,1706617227,47
frontier04016,1706617137,1706617193,56
frontier04017,1706617205,1706617239,34
frontier04018,1706617206,1706617239,33
frontier04019,1706617181,1706617228,47
frontier04020,1706617207,1706617240,33
frontier04021,1706617206,1706617235,29
frontier04022,1706617205,1706617235,30
frontier04023,1706617156,1706617208,52
frontier04024,1706617207,1706617235,28
frontier04025,1706617090,1706617134,44
frontier04026,1706617113,1706617192,79
frontier04029,1706617207,1706617240,33
frontier04030,1706617206,1706617236,30
frontier04031,1706617205,1706617235,30
frontier04032,1706617091,1706617134,43
frontier04033,1706617207,1706617235,28
frontier04034,1706617206,1706617238,32
frontier04035,1706617205,1706617239,34
frontier04036,1706617205,1706617239,34
frontier04037,1706617047,1706617050,3
frontier04038,1706617123,1706617192,69
frontier04039,1706617207,1706617239,32
frontier04040,1706617190,1706617239,49
frontier04041,1706617040,1706617045,5
frontier04042,1706617091,1706617145,54
frontier04043,1706617207,1706617235,28
frontier04044,1706617090,1706617134,44
frontier04045,1706617206,1706617234,28
frontier04046,1706617172,1706617212,40
frontier04047,1706617205,1706617239,34
frontier04048,1706617180,1706617228,48
frontier04049,1706617144,1706617192,48
frontier04050,1706617205,1706617235,30
frontier04051,1706617141,1706617192,51
frontier04052,1706617130,1706617191,61
frontier04053,1706617206,1706617240,34
frontier04054,1706617205,1706617240,35
frontier04055,1706617079,1706617093,14
frontier04056,1706617068,1706617080,12
frontier04057,1706617079,1706617120,41
frontier04058,1706617206,1706617239,33
frontier04059,1706617080,1706617119,39
frontier04060,1706617207,1706617240,33
frontier04061,1706617206,1706617238,32
frontier04062,1706617205,1706617240,35
frontier04063,1706617207,1706617240,33
frontier04064,1706617205,1706617239,34
frontier04065,1706617091,1706617176,85
frontier04066,1706617015,1706617047,32
frontier04068,1706617137,1706617193,56
frontier04069,1706617079,1706617096,17
frontier04070,1706617205,1706617239,34
frontier04071,1706617144,1706617192,48
frontier04072,1706617080,1706617119,39
frontier04073,1706617074,1706617093,19
frontier04074,1706617205,1706617240,35
frontier04075,1706616989,1706616993,4
frontier04076,1706617091,1706617132,41
frontier04077,1706617079,1706617094,15
frontier04078,1706617091,1706617156,65
frontier04079,1706617205,1706617239,34
frontier04080,1706617207,1706617238,31
frontier04081,1706617189,1706617239,50
frontier04082,1706617091,1706617134,43
frontier04083,1706617182,1706617234,52
frontier04084,1706617205,1706617235,30
frontier04085,1706617205,1706617236,31
frontier04086,1706617207,1706617239,32
frontier04087,1706617091,1706617132,41
frontier04088,1706617172,1706617213,41
frontier04089,1706617207,1706617235,28
frontier04090,1706617205,1706617239,34
frontier04091,1706617190,1706617237,47
frontier04092,1706617130,1706617188,58
frontier04093,1706617050,1706617069,19
frontier04094,1706617205,1706617235,30
frontier04095,1706617205,1706617239,34
frontier04097,1706617136,1706617192,56
frontier04098,1706617180,1706617228,48
frontier04111,1706617206,1706617239,33
frontier04112,1706617173,1706617214,41
frontier04113,1706617091,1706617145,54
frontier04114,1706617205,1706617239,34
frontier04115,1706617136,1706617192,56
frontier04119,1706617207,1706617235,28
frontier04120,1706617207,1706617240,33
frontier04121,1706617091,1706617132,41
frontier04122,1706617144,1706617206,62
frontier04123,1706617137,1706617192,55
frontier04124,1706617136,1706617192,56
frontier04126,1706617206,1706617235,29
frontier04127,1706617047,1706617067,20
frontier04128,1706617079,1706617096,17
frontier04129,1706617136,1706617191,55
frontier04130,1706617091,1706617145,54
frontier04131,1706617205,1706617239,34
frontier04132,1706617172,1706617213,41
frontier04133,1706617091,1706617134,43
frontier04134,1706617110,1706617175,65
frontier04135,1706617091,1706617155,64
frontier04136,1706617038,1706617045,7
frontier04137,1706617206,1706617239,33
frontier04138,1706617136,1706617192,56
frontier04139,1706617091,1706617145,54
frontier04140,1706617206,1706617239,33
frontier04141,1706617138,1706617193,55
frontier04142,1706617110,1706617169,59
frontier04143,1706617205,1706617239,34
frontier04144,1706617188,1706617235,47
frontier04145,1706617075,1706617095,20
frontier04146,1706617207,1706617235,28
frontier04147,1706617040,1706617047,7
frontier04148,1706617091,1706617134,43
frontier04149,1706617190,1706617239,49
frontier04150,1706617130,1706617192,62
frontier04151,1706617205,1706617235,30
frontier04152,1706617068,1706617082,14
frontier04153,1706617189,1706617235,46
frontier04154,1706617206,1706617240,34
frontier04155,1706617136,1706617193,57
frontier04156,1706617137,1706617206,69
frontier04157,1706617180,1706617227,47
frontier04158,1706617050,1706617069,19
frontier04159,1706617016,1706617042,26
frontier04160,1706617188,1706617237,49
frontier04161,1706617205,1706617235,30
frontier04162,1706617188,1706617238,50
frontier04163,1706617180,1706617227,47
frontier04164,1706617180,1706617229,49
frontier04165,1706617123,1706617192,69
frontier04166,1706617138,1706617207,69
frontier04167,1706617205,1706617238,33
frontier04168,1706617021,1706617043,22
frontier04169,1706617206,1706617239,33
frontier04170,1706617110,1706617177,67
frontier04171,1706617087,1706617145,58
frontier04172,1706617205,1706617240,35
frontier04173,1706617205,1706617235,30
frontier04174,1706617110,1706617177,67
frontier04177,1706617190,1706617240,50
frontier04178,1706617205,1706617235,30
frontier04179,1706617155,1706617192,37
frontier04180,1706617047,1706617050,3
frontier04181,1706617206,1706617239,33
frontier04182,1706617206,1706617238,32
frontier04183,1706617180,1706617227,47
frontier04184,1706617181,1706617229,48
frontier04185,1706617130,1706617192,62
frontier04186,1706617172,1706617212,40
frontier04187,1706617205,1706617239,34
frontier04188,1706617205,1706617239,34
frontier04189,1706617155,1706617191,36
frontier04190,1706617205,1706617238,33
frontier04191,1706617047,1706617067,20
frontier04192,1706617068,1706617081,13
frontier04193,1706617155,1706617206,51
frontier04194,1706617079,1706617130,51
frontier04195,1706617205,1706617239,34
frontier04196,1706617080,1706617130,50
frontier04197,1706617090,1706617133,43
frontier04198,1706617194,1706617239,45
frontier04199,1706617205,1706617235,30
frontier04200,1706617205,1706617238,33
frontier04201,1706617205,1706617239,34
frontier04202,1706617138,1706617192,54
frontier04203,1706617136,1706617189,53
frontier04204,1706617049,1706617069,20
frontier04205,1706617130,1706617191,61
frontier04206,1706617206,1706617235,29
frontier04207,1706617205,1706617235,30
frontier04208,1706617205,1706617235,30
frontier04209,1706617068,1706617082,14
frontier04210,1706617068,1706617082,14
frontier04212,1706617180,1706617229,49
frontier04216,1706617047,1706617050,3
frontier04217,1706617207,1706617235,28
frontier04218,1706617144,1706617206,62
frontier04219,1706617172,1706617213,41
frontier04220,1706617091,1706617145,54
frontier04221,1706617090,1706617133,43
frontier04222,1706617079,1706617119,40
frontier04232,1706617091,1706617158,67
frontier04235,1706617205,1706617239,34
frontier04239,1706617206,1706617240,34
frontier04240,1706617206,1706617240,34
frontier04241,1706617079,1706617086,7
frontier04242,1706617016,1706617042,26
frontier04243,1706617068,1706617091,23
frontier04244,1706617091,1706617155,64
frontier04248,1706617068,1706617080,12
frontier04249,1706617080,1706617130,50
frontier04250,1706617205,1706617239,34
frontier04251,1706617189,1706617238,49
frontier04252,1706617016,1706617039,23
frontier04254,1706617020,1706617041,21
frontier04255,1706617207,1706617239,32
frontier04256,1706617205,1706617239,34
frontier04257,1706617091,1706617133,42
frontier04258,1706617038,1706617047,9
frontier04259,1706617194,1706617239,45
frontier04260,1706617194,1706617239,45
frontier04261,1706617047,1706617067,20
frontier04262,1706617205,1706617240,35
frontier04263,1706617047,1706617069,22
frontier04264,1706617205,1706617239,34
frontier04265,1706617091,1706617155,64
frontier04266,1706617205,1706617240,35
frontier04267,1706617207,1706617240,33
frontier04268,1706617136,1706617192,56
frontier04269,1706617182,1706617230,48
frontier04270,1706617206,1706617239,33
frontier04271,1706617155,1706617207,52
frontier04272,1706617205,1706617240,35
frontier04273,1706617180,1706617227,47
frontier04274,1706617205,1706617235,30
frontier04275,1706617130,1706617192,62
frontier04276,1706617143,1706617206,63
frontier04277,1706617091,1706617172,81
frontier04278,1706617144,1706617188,44
frontier04279,1706617205,1706617239,34
frontier04280,1706617136,1706617189,53
frontier04281,1706617188,1706617234,46
frontier04282,1706617016,1706617039,23
frontier04283,1706617068,1706617082,14
frontier04284,1706617206,1706617239,33
frontier04285,1706617174,1706617214,40
frontier04286,1706617137,1706617193,56
frontier04287,1706617205,1706617238,33
frontier04288,1706617183,1706617234,51
frontier04289,1706617172,1706617213,41
frontier04290,1706617205,1706617239,34
frontier04291,1706617171,1706617212,41
frontier04292,1706617080,1706617086,6
frontier04293,1706617110,1706617176,66
frontier04294,1706617207,1706617239,32
frontier04295,1706617080,1706617117,37
frontier04296,1706617188,1706617235,47
frontier04297,1706617206,1706617235,29
frontier04298,1706617207,1706617240,33
frontier04299,1706617016,1706617044,28
frontier04300,1706617207,1706617239,32
frontier04301,1706617068,1706617081,13
frontier04302,1706617080,1706617121,41
frontier04303,1706617091,1706617133,42
frontier04304,1706617130,1706617192,62
frontier04305,1706617091,1706617157,66
frontier04306,1706617207,1706617239,32
frontier04307,1706617090,1706617133,43
frontier04308,1706617130,1706617192,62
frontier04309,1706617136,1706617189,53
frontier04310,1706617090,1706617145,55
frontier04311,1706617207,1706617240,33
frontier04312,1706617205,1706617239,34
frontier04313,1706617091,1706617143,52
frontier04314,1706617031,1706617041,10
frontier04315,1706617038,1706617047,9
frontier04316,1706617205,1706617238,33
frontier04317,1706617206,1706617238,32
frontier04318,1706617173,1706617214,41
frontier04319,1706617091,1706617133,42
frontier04320,1706617207,1706617239,32
frontier04321,1706617172,1706617212,40
frontier04324,1706617175,1706617216,41
frontier04325,1706617144,1706617206,62
frontier04326,1706617205,1706617239,34
frontier04330,1706617205,1706617235,30
frontier04331,1706617205,1706617239,34
frontier04332,1706617207,1706617240,33
frontier04333,1706617172,1706617213,41
frontier04334,1706617021,1706617045,24
frontier04335,1706617207,1706617239,32
frontier04336,1706617091,1706617133,42
frontier04338,1706617091,1706617146,55
frontier04339,1706617110,1706617175,65
frontier04340,1706617205,1706617239,34
frontier04343,1706617207,1706617240,33
frontier04344,1706617091,1706617134,43
frontier04345,1706617206,1706617239,33
frontier04348,1706617016,1706617039,23
frontier04349,1706617068,1706617081,13
frontier04350,1706617189,1706617235,46
frontier04351,1706617205,1706617239,34
frontier04352,1706617190,1706617235,45
frontier04355,1706617092,1706617137,45
frontier04358,1706617079,1706617095,16
frontier04361,1706617091,1706617133,42
frontier04365,1706617207,1706617235,28
frontier04369,1706617021,1706617047,26
frontier04371,1706617207,1706617239,32
frontier04372,1706617130,1706617192,62
frontier04373,1706617092,1706617145,53
frontier04374,1706617207,1706617238,31
frontier04378,1706617112,1706617180,68
frontier04379,1706617186,1706617235,49
frontier04380,1706617181,1706617228,47
frontier04381,1706617073,1706617094,21
frontier04382,1706617136,1706617192,56
frontier04383,1706617047,1706617067,20
frontier04384,1706617206,1706617239,33
frontier04385,1706617144,1706617192,48
frontier04386,1706617032,1706617044,12
frontier04387,1706617078,1706617095,17
frontier04388,1706617207,1706617239,32
frontier04389,1706617068,1706617082,14
frontier04390,1706617205,1706617240,35
frontier04391,1706617189,1706617238,49
frontier04392,1706617172,1706617212,40
frontier04393,1706617110,1706617175,65
frontier04394,1706617136,1706617192,56
frontier04395,1706617190,1706617238,48
frontier04396,1706617205,1706617239,34
frontier04397,1706617205,1706617239,34
frontier04398,1706617207,1706617239,32
frontier04399,1706617122,1706617193,71
frontier04400,1706617182,1706617229,47
frontier04401,1706617137,1706617192,55
frontier04402,1706617038,1706617047,9
frontier04403,1706617206,1706617235,29
frontier04404,1706617205,1706617239,34
frontier04405,1706617091,1706617134,43
frontier04406,1706617086,1706617134,48
frontier04407,1706617068,1706617080,12
frontier04408,1706617206,1706617239,33
frontier04409,1706617180,1706617228,48
frontier04410,1706617190,1706617239,49
frontier04411,1706617180,1706617228,48
frontier04413,1706617188,1706617238,50
frontier04414,1706617082,1706617115,33
frontier04415,1706617081,1706617117,36
frontier04416,1706617038,1706617045,7
frontier04417,1706617200,1706617239,39
frontier04418,1706617205,1706617235,30
frontier04419,1706617205,1706617239,34
frontier04421,1706617188,1706617235,47
frontier04422,1706617207,1706617239,32
frontier04423,1706617144,1706617206,62
frontier04424,1706617172,1706617213,41
frontier04425,1706617206,1706617240,34
frontier04426,1706617206,1706617235,29
frontier04427,1706617182,1706617234,52
frontier04428,1706617047,1706617067,20
frontier04429,1706617130,1706617192,62
frontier04430,1706617186,1706617235,49
frontier04431,1706617188,1706617235,47
frontier04432,1706617091,1706617145,54
frontier04433,1706617205,1706617239,34
frontier04434,1706617207,1706617236,29
frontier04435,1706617004,1706617006,2
frontier04436,1706617207,1706617239,32
frontier04437,1706617182,1706617231,49
frontier04438,1706617206,1706617240,34
frontier04439,1706617091,1706617157,66
frontier04440,1706617077,1706617096,19
frontier04441,1706617091,1706617134,43
frontier04442,1706617137,1706617193,56
frontier04443,1706617047,1706617067,20
frontier04444,1706617205,1706617235,30
frontier04445,1706617207,1706617234,27
frontier04446,1706617136,1706617187,51
frontier04447,1706617068,1706617080,12
frontier04448,1706617206,1706617238,32
frontier04449,1706617205,1706617239,34
frontier04450,1706617174,1706617214,40
frontier04453,1706617207,1706617239,32
frontier04454,1706617205,1706617239,34
frontier04455,1706617130,1706617193,63
frontier04456,1706617130,1706617193,63
frontier04457,1706617205,1706617239,34
frontier04458,1706617155,1706617193,38
frontier04459,1706617205,1706617238,33
frontier04460,1706617206,1706617240,34
frontier04462,1706617205,1706617239,34
frontier04463,1706617031,1706617042,11
frontier04464,1706617015,1706617041,26
frontier04465,1706617130,1706617191,61
frontier04466,1706617136,1706617189,53
frontier04467,1706617205,1706617239,34
frontier04468,1706617207,1706617240,33
frontier04469,1706617127,1706617192,65
frontier04470,1706617068,1706617080,12
frontier04471,1706617206,1706617239,33
frontier04472,1706617172,1706617212,40
frontier04473,1706617205,1706617239,34
frontier04474,1706617091,1706617134,43
frontier04475,1706617180,1706617228,48
frontier04476,1706617181,1706617229,48
frontier04477,1706617205,1706617239,34
frontier04481,1706617206,1706617239,33
frontier04482,1706617090,1706617132,42
frontier04502,1706617205,1706617239,34
frontier04507,1706617016,1706617039,23
frontier04508,1706617189,1706617235,46
frontier04510,1706617205,1706617234,29
frontier04511,1706617137,1706617193,56
frontier04517,1706617170,1706617211,41
frontier04518,1706617068,1706617089,21
frontier04519,1706617136,1706617192,56
frontier04520,1706617172,1706617213,41
frontier04521,1706617091,1706617145,54
frontier04522,1706617144,1706617209,65
frontier04523,1706617206,1706617235,29
frontier04524,1706617040,1706617045,5
frontier04525,1706617205,1706617239,34
frontier04526,1706617171,1706617211,40
frontier04527,1706617110,1706617177,67
frontier04528,1706617079,1706617116,37
frontier04529,1706617016,1706617042,26
frontier04530,1706617137,1706617192,55
frontier04531,1706617016,1706617043,27
frontier04532,1706617083,1706617134,51
frontier04533,1706617130,1706617193,63
frontier04534,1706617205,1706617238,33
frontier04535,1706617206,1706617238,32
frontier04536,1706617091,1706617132,41
frontier04537,1706617049,1706617069,20
frontier04538,1706617078,1706617094,16
frontier04539,1706617136,1706617176,40
frontier04540,1706617205,1706617239,34
frontier04541,1706617205,1706617239,34
frontier04542,1706617189,1706617237,48
frontier04543,1706617206,1706617235,29
frontier04544,1706617136,1706617193,57
frontier04545,1706617079,1706617127,48
frontier04546,1706617143,1706617192,49
frontier04547,1706617032,1706617043,11
frontier04548,1706617021,1706617047,26
frontier04549,1706617091,1706617132,41
frontier04550,1706617047,1706617067,20
frontier04551,1706617130,1706617192,62
frontier04552,1706617055,1706617080,25
frontier04553,1706617180,1706617229,49
frontier04554,1706617205,1706617239,34
frontier04555,1706617205,1706617239,34
frontier04556,1706617201,1706617238,37
frontier04557,1706617206,1706617234,28
frontier04558,1706617181,1706617229,48
frontier04559,1706617205,1706617235,30
frontier04560,1706617110,1706617174,64
frontier04561,1706617206,1706617239,33
frontier04562,1706617068,1706617081,13
frontier04563,1706617205,1706617239,34
frontier04564,1706617189,1706617235,46
frontier04565,1706617180,1706617228,48
frontier04566,1706617180,1706617230,50
frontier04567,1706617137,1706617192,55
frontier04568,1706617090,1706617145,55
frontier04569,1706617206,1706617238,32
frontier04571,1706617175,1706617215,40
frontier04572,1706617188,1706617235,47
frontier04573,1706617136,1706617176,40
frontier04574,1706617206,1706617240,34
frontier04575,1706617067,1706617075,8
frontier04576,1706617205,1706617239,34
frontier04577,1706617207,1706617239,32
frontier04578,1706617205,1706617239,34
frontier04579,1706617172,1706617212,40
frontier04580,1706617206,1706617236,30
frontier04581,1706617182,1706617234,52
frontier04582,1706617180,1706617228,48
frontier04583,1706617080,1706617120,40
frontier04584,1706617207,1706617240,33
frontier04585,1706617031,1706617044,13
frontier04586,1706617077,1706617095,18
frontier04587,1706617207,1706617235,28
frontier04588,1706617205,1706617240,35
frontier04589,1706617207,1706617239,32
frontier04590,1706617172,1706617213,41
frontier04591,1706617091,1706617145,54
frontier04592,1706617077,1706617096,19
frontier04593,1706617205,1706617239,34
frontier04594,1706617189,1706617234,45
frontier04595,1706617206,1706617239,33
frontier04596,1706617068,1706617079,11
frontier04597,1706617050,1706617069,19
frontier04598,1706617174,1706617214,40
frontier04599,1706617173,1706617213,40
frontier04600,1706617172,1706617213,41
frontier04601,1706617172,1706617214,42
frontier04602,1706617206,1706617240,34
frontier04603,1706617135,1706617208,73
frontier04604,1706617091,1706617134,43
frontier04606,1706617206,1706617238,32
frontier04607,1706617207,1706617235,28
frontier04608,1706617181,1706617234,53
frontier04610,1706617090,1706617134,44
frontier04621,1706617171,1706617207,36
frontier04632,1706617136,1706617190,54
frontier04635,1706617031,1706617043,12
frontier04637,1706617205,1706617239,34
frontier04663,1706617205,1706617235,30
frontier04667,1706617188,1706617238,50
frontier04677,1706617016,1706617042,26
frontier04696,1706617206,1706617239,33
frontier04697,1706617207,1706617238,31
frontier04698,1706617172,1706617213,41
frontier04699,1706617180,1706617232,52
frontier04700,1706617205,1706617235,30
frontier04701,1706617205,1706617235,30
frontier04702,1706617047,1706617067,20
frontier04703,1706617053,1706617074,21
frontier04704,1706617136,1706617192,56
frontier04705,1706617207,1706617240,33
frontier04706,1706617091,1706617145,54
frontier04707,1706617182,1706617234,52
frontier04708,1706617207,1706617235,28
frontier04709,1706617144,1706617206,62
frontier04710,1706617091,1706617144,53
frontier04711,1706617206,1706617238,32
frontier04712,1706617075,1706617095,20
frontier04713,1706617050,1706617069,19
frontier04714,1706617174,1706617214,40
frontier04715,1706617091,1706617156,65
frontier04716,1706617205,1706617239,34
frontier04717,1706617144,1706617192,48
frontier04718,1706617038,1706617045,7
frontier04719,1706617079,1706617096,17
frontier04720,1706617205,1706617235,30
frontier04721,1706617137,1706617193,56
frontier04722,1706617205,1706617238,33
frontier04723,1706617091,1706617155,64
frontier04724,1706617206,1706617240,34
frontier04725,1706617205,1706617239,34
frontier04726,1706617091,1706617134,43
frontier04727,1706617137,1706617192,55
frontier04728,1706617080,1706617119,39
frontier04729,1706617091,1706617174,83
frontier04730,1706617207,1706617239,32
frontier04731,1706617196,1706617239,43
frontier04732,1706617130,1706617192,62
frontier04733,1706617189,1706617234,45
frontier04734,1706617038,1706617047,9
frontier04735,1706617180,1706617229,49
frontier04736,1706617136,1706617190,54
frontier04738,1706617047,1706617050,3
frontier04745,1706617188,1706617238,50
frontier04750,1706617068,1706617083,15
frontier04751,1706617135,1706617205,70
frontier04753,1706617138,1706617192,54
frontier04754,1706617206,1706617235,29
frontier04755,1706617091,1706617157,66
frontier04756,1706617206,1706617235,29
frontier04757,1706617205,1706617238,33
frontier04758,1706617091,1706617145,54
frontier04762,1706617181,1706617228,47
frontier04763,1706617090,1706617133,43
frontier04764,1706617206,1706617240,34
frontier04765,1706617155,1706617191,36
frontier04766,1706617173,1706617214,41
frontier04767,1706617040,1706617045,5
frontier04768,1706617172,1706617212,40
frontier04769,1706617205,1706617235,30
frontier04770,1706617079,1706617120,41
frontier04771,1706617077,1706617096,19
frontier04772,1706617205,1706617239,34
frontier04773,1706617201,1706617239,38
frontier04774,1706617068,1706617082,14
frontier04775,1706617207,1706617235,28
frontier04776,1706617137,1706617190,53
frontier04777,1706617180,1706617229,49
frontier04778,1706617113,1706617174,61
frontier04779,1706617068,1706617091,23
frontier04780,1706617068,1706617080,12
frontier04781,1706617092,1706617145,53
frontier04782,1706617205,1706617239,34
frontier04783,1706617182,1706617234,52
frontier04784,1706617156,1706617210,54
frontier04785,1706617080,1706617118,38
frontier04786,1706617144,1706617191,47
frontier04787,1706617206,1706617240,34
frontier04788,1706617091,1706617132,41
frontier04789,1706617207,1706617235,28
frontier04790,1706617207,1706617240,33
frontier04791,1706617205,1706617239,34
frontier04792,1706617205,1706617239,34
frontier04793,1706617047,1706617069,22
frontier04794,1706617205,1706617239,34
frontier04795,1706617038,1706617045,7
frontier04796,1706617207,1706617240,33
frontier04797,1706617205,1706617235,30
frontier04798,1706617136,1706617193,57
frontier04799,1706617190,1706617235,45
frontier04800,1706617190,1706617238,48
frontier04801,1706617081,1706617117,36
frontier04802,1706617082,1706617117,35
frontier04803,1706617079,1706617095,16
frontier04804,1706617205,1706617239,34
frontier04805,1706617205,1706617239,34
frontier04806,1706617171,1706617212,41
frontier04807,1706617090,1706617134,44
frontier04808,1706617091,1706617145,54
frontier04809,1706617207,1706617239,32
frontier04810,1706617130,1706617189,59
frontier04811,1706617206,1706617240,34
frontier04812,1706617205,1706617235,30
frontier04813,1706617144,1706617193,49
frontier04814,1706617091,1706617134,43
frontier04815,1706617077,1706617098,21
frontier04816,1706617068,1706617082,14
frontier04817,1706617205,1706617235,30
frontier04818,1706617092,1706617178,86
frontier04819,1706617189,1706617235,46
frontier04820,1706617207,1706617239,32
frontier04821,1706617206,1706617239,33
frontier04822,1706617113,1706617173,60
frontier04823,1706617091,1706617155,64
frontier04824,1706617144,1706617193,49
frontier04825,1706617174,1706617215,41
frontier04826,1706617205,1706617239,34
frontier04827,1706617091,1706617146,55
frontier04828,1706617090,1706617133,43
frontier04829,1706617207,1706617238,31
frontier04830,1706617189,1706617239,50
frontier04831,1706617136,1706617192,56
frontier04832,1706617207,1706617239,32
frontier04833,1706617190,1706617237,47
frontier04834,1706617205,1706617239,34
frontier04835,1706617205,1706617239,34
frontier04836,1706617110,1706617174,64
frontier04837,1706617205,1706617239,34
frontier04838,1706617207,1706617239,32
frontier04839,1706617068,1706617081,13
frontier04842,1706617207,1706617238,31
frontier04843,1706617137,1706617190,53
frontier04844,1706617207,1706617239,32
frontier04845,1706617189,1706617239,50
frontier04847,1706617205,1706617238,33
frontier04848,1706617180,1706617227,47
frontier04852,1706617110,1706617177,67
frontier04853,1706617130,1706617192,62
frontier04854,1706617081,1706617110,29
frontier04855,1706617206,1706617239,33
frontier04856,1706617091,1706617138,47
frontier04857,1706617174,1706617215,41
frontier04858,1706617136,1706617193,57
frontier04859,1706617091,1706617155,64
frontier04860,1706617205,1706617239,34
frontier04868,1706617079,1706617110,31
frontier04877,1706617068,1706617082,14
frontier04879,1706617205,1706617239,34
frontier04880,1706617205,1706617239,34
frontier04881,1706617206,1706617240,34
frontier04882,1706617048,1706617050,2
frontier04883,1706617205,1706617240,35
frontier04884,1706617047,1706617050,3
frontier04885,1706617016,1706617042,26
frontier04887,1706617068,1706617082,14
frontier04890,1706617207,1706617235,28
frontier04891,1706617180,1706617232,52
frontier04892,1706617091,1706617132,41
frontier04893,1706617144,1706617192,48
frontier04894,1706617181,1706617229,48
frontier04895,1706617137,1706617175,38
frontier04896,1706617136,1706617192,56
frontier04897,1706617080,1706617120,40
frontier04898,1706617091,1706617156,65
frontier04899,1706617016,1706617042,26
frontier04900,1706617205,1706617235,30
frontier04901,1706617194,1706617239,45
frontier04902,1706617136,1706617192,56
frontier04903,1706617206,1706617240,34
frontier04904,1706617180,1706617228,48
frontier04905,1706617183,1706617231,48
frontier04906,1706617182,1706617229,47
frontier04907,1706617079,1706617101,22
frontier04908,1706617049,1706617067,18
frontier04909,1706617206,1706617239,33
frontier04910,1706617110,1706617176,66
frontier04911,1706617091,1706617134,43
frontier04912,1706617136,1706617187,51
frontier04913,1706617092,1706617157,65
frontier04914,1706617182,1706617234,52
frontier04915,1706617205,1706617240,35
frontier04916,1706617080,1706617121,41
frontier04917,1706617205,1706617239,34
frontier04918,1706617205,1706617238,33
frontier04919,1706617136,1706617192,56
frontier04920,1706617181,1706617228,47
frontier04921,1706617205,1706617235,30
frontier04922,1706617085,1706617155,70
frontier04923,1706617110,1706617173,63
frontier04924,1706617067,1706617075,8
frontier04925,1706617091,1706617134,43
frontier04926,1706617050,1706617067,17
frontier04927,1706617079,1706617086,7
frontier04928,1706617090,1706617131,41
frontier04929,1706617047,1706617050,3
frontier04930,1706617189,1706617237,48
frontier04931,1706617207,1706617239,32
frontier04932,1706617187,1706617231,44
frontier04933,1706617143,1706617192,49
frontier04934,1706617205,1706617235,30
frontier04935,1706617206,1706617239,33
frontier04936,1706617015,1706617042,27
frontier04937,1706617207,1706617239,32
frontier04938,1706617113,1706617188,75
frontier04939,1706617038,1706617045,7
frontier04940,1706617205,1706617239,34
frontier04941,1706617130,1706617192,62
frontier04942,1706617205,1706617238,33
frontier04943,1706617206,1706617240,34
frontier04944,1706617205,1706617240,35
frontier04945,1706617207,1706617234,27
frontier04946,1706617205,1706617239,34
frontier04947,1706617205,1706617239,34
frontier04948,1706617189,1706617235,46
frontier04949,1706617136,1706617192,56
frontier04950,1706617190,1706617238,48
frontier04951,1706617180,1706617227,47
frontier04952,1706617205,1706617239,34
frontier04953,1706617136,1706617189,53
frontier04954,1706617136,1706617186,50
frontier04955,1706617019,1706617021,2
frontier04956,1706617143,1706617206,63
frontier04957,1706617087,1706617134,47
frontier04958,1706617206,1706617240,34
frontier04959,1706617081,1706617120,39
frontier04960,1706617073,1706617094,21
frontier04961,1706617205,1706617240,35
frontier04962,1706617110,1706617181,71
frontier04963,1706617205,1706617238,33
frontier04964,1706617047,1706617050,3
frontier04965,1706617130,1706617192,62
frontier04966,1706617091,1706617177,86
frontier04967,1706617144,1706617205,61
frontier04968,1706617205,1706617235,30
frontier04969,1706617189,1706617235,46
frontier04970,1706617110,1706617177,67
frontier04971,1706617079,1706617087,8
frontier04973,1706617136,1706617186,50
frontier04976,1706617205,1706617239,34
frontier04977,1706617189,1706617234,45
frontier04978,1706617091,1706617155,64
frontier04979,1706617130,1706617192,62
frontier04980,1706617180,1706617228,48
frontier04981,1706617172,1706617213,41
frontier04982,1706617189,1706617235,46
frontier04983,1706617149,1706617211,62
frontier04984,1706617172,1706617212,40
frontier04985,1706617180,1706617228,48
frontier04993,1706617206,1706617240,34
frontier04995,1706617207,1706617240,33
frontier04996,1706617144,1706617206,62
frontier04998,1706617091,1706617134,43
frontier05000,1706617091,1706617145,54
frontier05004,1706617068,1706617079,11
frontier05008,1706617189,1706617238,49
frontier05009,1706617170,1706617211,41
frontier05010,1706617092,1706617144,52
frontier05012,1706617207,1706617235,28
frontier05015,1706617207,1706617240,33
frontier05016,1706617091,1706617145,54
frontier05017,1706617090,1706617134,44
frontier05018,1706617206,1706617235,29
frontier05019,1706617074,1706617093,19
frontier05020,1706617079,1706617092,13
frontier05022,1706617205,1706617239,34
frontier05024,1706617173,1706617214,41
frontier05026,1706617196,1706617239,43
frontier05027,1706617205,1706617236,31
frontier05028,1706617136,1706617193,57
frontier05029,1706617207,1706617239,32
frontier05030,1706617091,1706617134,43
frontier05031,1706617194,1706617239,45
frontier05032,1706617091,1706617145,54
frontier05033,1706617205,1706617239,34
frontier05034,1706617206,1706617238,32
frontier05035,1706617188,1706617239,51
frontier05036,1706617207,1706617240,33
frontier05037,1706617175,1706617215,40
frontier05038,1706617091,1706617132,41
frontier05039,1706617207,1706617234,27
frontier05040,1706617126,1706617183,57
frontier05041,1706617091,1706617145,54
frontier05042,1706617205,1706617239,34
frontier05043,1706617190,1706617239,49
frontier05044,1706617136,1706617189,53
frontier05045,1706617205,1706617235,30
frontier05046,1706617091,1706617145,54
frontier05047,1706617205,1706617239,34
frontier05048,1706617207,1706617240,33
frontier05049,1706617205,1706617239,34
frontier05050,1706617091,1706617156,65
frontier05051,1706617206,1706617235,29
frontier05052,1706617136,1706617192,56
frontier05053,1706617207,1706617239,32
frontier05054,1706617206,1706617240,34
frontier05055,1706617136,1706617193,57
frontier05056,1706617050,1706617067,17
frontier05057,1706617205,1706617235,30
frontier05058,1706617205,1706617234,29
frontier05059,1706617080,1706617095,15
frontier05060,1706617081,1706617120,39
frontier05061,1706617038,1706617047,9
frontier05062,1706617137,1706617206,69
frontier05063,1706617110,1706617177,67
frontier05064,1706617189,1706617235,46
frontier05065,1706617190,1706617238,48
frontier05066,1706617087,1706617134,47
frontier05067,1706617090,1706617144,54
frontier05068,1706617172,1706617213,41
frontier05069,1706617205,1706617239,34
frontier05070,1706617091,1706617172,81
frontier05071,1706617047,1706617050,3
frontier05072,1706617205,1706617239,34
frontier05073,1706616973,1706616982,9
frontier05074,1706617180,1706617228,48
frontier05075,1706617205,1706617239,34
frontier05076,1706617180,1706617227,47
frontier05077,1706617207,1706617240,33
frontier05078,1706617091,1706617173,82
frontier05079,1706617206,1706617239,33
frontier05080,1706617180,1706617228,48
frontier05081,1706617207,1706617240,33
frontier05082,1706617205,1706617234,29
frontier05083,1706617205,1706617239,34
frontier05084,1706617190,1706617240,50
frontier05085,1706617206,1706617240,34
frontier05086,1706617019,1706617021,2
frontier05087,1706617190,1706617235,45
frontier05088,1706617205,1706617239,34
frontier05089,1706617205,1706617235,30
frontier05096,1706617174,1706617214,40
frontier05097,1706617205,1706617239,34
frontier05098,1706617091,1706617145,54
frontier05099,1706617205,1706617235,30
frontier05100,1706617079,1706617093,14
frontier05101,1706617206,1706617240,34
frontier05102,1706617206,1706617240,34
frontier05103,1706617081,1706617120,39
frontier05104,1706617205,1706617239,34
frontier05105,1706617136,1706617190,54
frontier05106,1706617205,1706617238,33
frontier05107,1706617205,1706617240,35
frontier05108,1706617079,1706617099,20
frontier05109,1706617047,1706617067,20
frontier05110,1706617050,1706617069,19
frontier05111,1706617049,1706617067,18
frontier05112,1706617077,1706617096,19
frontier05113,1706617090,1706617134,44
frontier05114,1706617091,1706617133,42
frontier05115,1706617015,1706617021,6
frontier05116,1706617205,1706617239,34
frontier05122,1706617179,1706617227,48
frontier05134,1706617016,1706617042,26
frontier05135,1706617206,1706617239,33
frontier05136,1706617076,1706617094,18
frontier05137,1706617207,1706617239,32
frontier05140,1706617093,1706617146,53
frontier05142,1706617174,1706617214,40
frontier05143,1706617016,1706617044,28
frontier05144,1706617207,1706617240,33
frontier05145,1706617155,1706617208,53
frontier05146,1706617049,1706617067,18
frontier05147,1706617137,1706617193,56
frontier05148,1706617189,1706617234,45
frontier05149,1706617091,1706617145,54
frontier05150,1706617207,1706617240,33
frontier05151,1706617047,1706617067,20
frontier05152,1706617207,1706617235,28
frontier05153,1706617090,1706617133,43
frontier05154,1706617206,1706617234,28
frontier05155,1706617136,1706617190,54
frontier05156,1706617091,1706617134,43
frontier05157,1706617038,1706617045,7
frontier05158,1706617172,1706617213,41
frontier05159,1706617015,1706617042,27
frontier05160,1706617079,1706617086,7
frontier05161,1706617172,1706617213,41
frontier05162,1706617207,1706617234,27
frontier05163,1706617016,1706617043,27
frontier05164,1706617207,1706617235,28
frontier05165,1706617130,1706617192,62
frontier05166,1706617189,1706617235,46
frontier05167,1706617130,1706617192,62
frontier05168,1706617206,1706617235,29
frontier05169,1706617172,1706617212,40
frontier05170,1706617180,1706617228,48
frontier05171,1706617181,1706617233,52
frontier05172,1706617040,1706617047,7
frontier05173,1706617130,1706617193,63
frontier05174,1706617082,1706617119,37
frontier05175,1706617144,1706617206,62
frontier05176,1706617207,1706617235,28
frontier05177,1706617190,1706617237,47
frontier05178,1706617047,1706617067,20
frontier05179,1706617091,1706617132,41
frontier05180,1706617206,1706617238,32
frontier05181,1706617206,1706617235,29
frontier05182,1706617175,1706617215,40
frontier05183,1706617136,1706617192,56
frontier05184,1706617180,1706617227,47
frontier05185,1706617190,1706617239,49
frontier05186,1706617182,1706617230,48
frontier05187,1706617205,1706617239,34
frontier05188,1706617031,1706617043,12
frontier05189,1706617047,1706617067,20
frontier05190,1706617205,1706617235,30
frontier05191,1706617206,1706617234,28
frontier05192,1706617207,1706617240,33
frontier05193,1706617206,1706617239,33
frontier05194,1706617002,1706617004,2
frontier05195,1706617130,1706617191,61
frontier05196,1706616999,1706617001,2
frontier05197,1706617081,1706617120,39
frontier05198,1706617130,1706617192,62
frontier05199,1706617137,1706617193,56
frontier05200,1706617136,1706617191,55
frontier05201,1706617016,1706617042,26
frontier05202,1706617190,1706617235,45
frontier05203,1706617090,1706617131,41
frontier05204,1706616988,1706616991,3
frontier05205,1706617207,1706617240,33
frontier05206,1706617091,1706617144,53
frontier05207,1706617016,1706617041,25
frontier05208,1706617080,1706617119,39
frontier05209,1706617091,1706617177,86
frontier05210,1706617068,1706617083,15
frontier05211,1706617091,1706617155,64
frontier05212,1706617205,1706617234,29
frontier05213,1706617110,1706617177,67
frontier05214,1706617205,1706617235,30
frontier05215,1706617110,1706617174,64
frontier05216,1706617136,1706617192,56
frontier05217,1706617123,1706617192,69
frontier05218,1706617015,1706617044,29
frontier05219,1706617180,1706617229,49
frontier05220,1706617206,1706617239,33
frontier05221,1706617090,1706617133,43
frontier05222,1706617205,1706617239,34
frontier05223,1706617031,1706617043,12
frontier05224,1706617172,1706617213,41
frontier05225,1706617091,1706617144,53
frontier05226,1706617091,1706617134,43
frontier05228,1706617079,1706617096,17
frontier05231,1706617014,1706617043,29
frontier05232,1706617074,1706617093,19
frontier05233,1706617190,1706617236,46
frontier05234,1706617016,1706617042,26
frontier05235,1706617110,1706617178,68
frontier05236,1706617050,1706617069,19
frontier05237,1706617091,1706617145,54
frontier05238,1706617205,1706617235,30
frontier05239,1706617079,1706617120,41
frontier05240,1706617091,1706617132,41
frontier05241,1706617207,1706617235,28
frontier05260,1706617014,1706617043,29
frontier05265,1706617080,1706617121,41
frontier05274,1706617091,1706617134,43
frontier05279,1706617137,1706617190,53
frontier05280,1706617091,1706617145,54
frontier05281,1706617172,1706617212,40
frontier05282,1706617079,1706617094,15
frontier05283,1706617172,1706617213,41
frontier05284,1706617091,1706617133,42
frontier05285,1706617068,1706617081,13
frontier05286,1706617173,1706617213,40
frontier05287,1706617110,1706617175,65
frontier05288,1706617068,1706617081,13
frontier05289,1706617136,1706617192,56
frontier05290,1706617136,1706617189,53
frontier05292,1706617091,1706617134,43
frontier05293,1706617144,1706617193,49
frontier05294,1706617208,1706617240,32
frontier05295,1706617110,1706617175,65
frontier05296,1706617090,1706617132,42
frontier05297,1706617130,1706617206,76
frontier05298,1706617171,1706617208,37
frontier05299,1706617173,1706617213,40
frontier05300,1706617190,1706617239,49
frontier05301,1706617136,1706617189,53
frontier05302,1706617207,1706617239,32
frontier05303,1706617068,1706617082,14
frontier05304,1706617205,1706617235,30
frontier05305,1706617181,1706617234,53
frontier05306,1706617206,1706617235,29
frontier05307,1706617182,1706617234,52
frontier05308,1706617207,1706617238,31
frontier05309,1706617090,1706617132,42
frontier05310,1706617189,1706617235,46
frontier05311,1706617087,1706617134,47
frontier05312,1706617076,1706617095,19
frontier05313,1706617171,1706617212,41
frontier05314,1706617110,1706617177,67
frontier05315,1706617207,1706617240,33
frontier05316,1706617205,1706617239,34
frontier05317,1706617206,1706617239,33
frontier05318,1706617136,1706617189,53
frontier05319,1706617068,1706617079,11
frontier05320,1706617205,1706617239,34
frontier05321,1706617038,1706617045,7
frontier05322,1706617188,1706617235,47
frontier05323,1706617016,1706617042,26
frontier05324,1706617182,1706617235,53
frontier05325,1706617144,1706617189,45
frontier05326,1706617047,1706617069,22
frontier05327,1706617171,1706617212,41
frontier05328,1706617015,1706617042,27
frontier05329,1706617205,1706617239,34
frontier05330,1706617174,1706617214,40
frontier05331,1706617205,1706617234,29
frontier05332,1706617207,1706617239,32
frontier05333,1706617144,1706617191,47
frontier05334,1706617081,1706617119,38
frontier05335,1706617031,1706617044,13
frontier05336,1706617053,1706617078,25
frontier05337,1706617047,1706617050,3
frontier05338,1706617091,1706617133,42
frontier05339,1706617038,1706617045,7
frontier05340,1706617079,1706617094,15
frontier05341,1706617206,1706617240,34
frontier05342,1706617047,1706617069,22
frontier05343,1706617180,1706617227,47
frontier05344,1706617207,1706617240,33
frontier05345,1706617180,1706617227,47
frontier05346,1706617079,1706617087,8
frontier05347,1706617038,1706617045,7
frontier05348,1706617016,1706617039,23
frontier05349,1706617205,1706617239,34
frontier05350,1706617171,1706617207,36
frontier05351,1706617206,1706617240,34
frontier05352,1706617021,1706617044,23
frontier05353,1706617110,1706617177,67
frontier05354,1706617079,1706617130,51
frontier05355,1706617189,1706617235,46
frontier05356,1706617205,1706617240,35
frontier05357,1706617205,1706617239,34
frontier05358,1706617047,1706617069,22
frontier05359,1706617130,1706617192,62
frontier05360,1706617136,1706617192,56
frontier05361,1706617207,1706617235,28
frontier05362,1706617205,1706617239,34
frontier05363,1706617206,1706617235,29
frontier05364,1706617190,1706617238,48
frontier05365,1706617090,1706617133,43
frontier05366,1706617195,1706617239,44
frontier05367,1706617174,1706617213,39
frontier05368,1706617038,1706617045,7
frontier05369,1706617188,1706617234,46
frontier05370,1706617205,1706617239,34
frontier05371,1706617189,1706617234,45
frontier05372,1706617038,1706617047,9
frontier05373,1706617207,1706617239,32
frontier05374,1706617190,1706617239,49
frontier05375,1706617205,1706617239,34
frontier05376,1706617189,1706617235,46
frontier05392,1706617205,1706617235,30
frontier05394,1706617205,1706617239,34
frontier05395,1706617207,1706617238,31
frontier05396,1706617130,1706617193,63
frontier05397,1706617047,1706617066,19
frontier05398,1706617205,1706617239,34
frontier05402,1706617206,1706617239,33
frontier05403,1706617136,1706617192,56
frontier05404,1706617206,1706617239,33
frontier05405,1706617172,1706617213,41
frontier05407,1706617207,1706617238,31
frontier05409,1706617207,1706617238,31
frontier05427,1706617205,1706617239,34
frontier05428,1706617181,1706617229,48
frontier05429,1706617206,1706617239,33
frontier05430,1706617081,1706617117,36
frontier05431,1706617182,1706617229,47
frontier05432,1706617068,1706617080,12
frontier05433,1706617136,1706617192,56
frontier05434,1706617091,1706617132,41
frontier05435,1706617047,1706617049,2
frontier05436,1706617206,1706617239,33
frontier05437,1706617130,1706617192,62
frontier05438,1706617180,1706617229,49
frontier05439,1706617180,1706617228,48
frontier05440,1706617130,1706617187,57
frontier05441,1706617205,1706617239,34
frontier05442,1706617136,1706617192,56
frontier05443,1706617206,1706617240,34
frontier05444,1706617205,1706617239,34
frontier05445,1706617136,1706617176,40
frontier05446,1706617207,1706617238,31
frontier05447,1706617049,1706617067,18
frontier05448,1706616989,1706616992,3
frontier05449,1706617091,1706617157,66
frontier05450,1706617180,1706617228,48
frontier05451,1706617079,1706617120,41
frontier05452,1706617130,1706617192,62
frontier05453,1706617080,1706617127,47
frontier05454,1706617173,1706617213,40
frontier05455,1706617040,1706617045,5
frontier05456,1706617206,1706617239,33
frontier05457,1706617069,1706617076,7
frontier05458,1706617174,1706617213,39
frontier05459,1706617049,1706617069,20
frontier05460,1706617172,1706617212,40
frontier05461,1706617040,1706617045,5
frontier05462,1706617174,1706617215,41
frontier05463,1706617087,1706617156,69
frontier05464,1706617207,1706617239,32
frontier05465,1706617091,1706617134,43
frontier05466,1706617083,1706617134,51
frontier05467,1706617188,1706617236,48
frontier05468,1706617189,1706617235,46
frontier05469,1706617205,1706617235,30
frontier05470,1706617047,1706617050,3
frontier05471,1706617091,1706617130,39
frontier05472,1706617189,1706617237,48
frontier05473,1706617207,1706617240,33
frontier05474,1706617090,1706617131,41
frontier05476,1706617078,1706617095,17
frontier05477,1706617189,1706617236,47
frontier05478,1706617205,1706617240,35
frontier05479,1706617047,1706617067,20
frontier05481,1706617207,1706617235,28
frontier05486,1706617090,1706617132,42
frontier05487,1706617072,1706617085,13
frontier05488,1706617068,1706617082,14
frontier05489,1706617016,1706617042,26
frontier05490,1706617050,1706617069,19
frontier05491,1706617136,1706617186,50
frontier05492,1706617050,1706617069,19
frontier05493,1706617205,1706617235,30
frontier05494,1706617038,1706617047,9
frontier05495,1706617136,1706617193,57
frontier05496,1706617206,1706617240,34
frontier05497,1706617040,1706617045,5
frontier05498,1706617091,1706617145,54
frontier05499,1706617050,1706617069,19
frontier05500,1706617188,1706617237,49
frontier05501,1706617144,1706617191,47
frontier05502,1706617207,1706617239,32
frontier05503,1706617130,1706617192,62
frontier05504,1706617205,1706617239,34
frontier05505,1706617080,1706617118,38
frontier05507,1706617207,1706617238,31
frontier05513,1706617207,1706617239,32
frontier05514,1706617040,1706617045,5
frontier05518,1706617205,1706617239,34
frontier05520,1706617205,1706617239,34
frontier05521,1706617182,1706617234,52
frontier05522,1706617079,1706617096,17
frontier05525,1706617206,1706617240,34
frontier05526,1706617205,1706617235,30
frontier05527,1706617207,1706617239,32
frontier05528,1706617205,1706617239,34
frontier05529,1706617155,1706617209,54
frontier05530,1706617137,1706617206,69
frontier05534,1706617068,1706617082,14
frontier05535,1706617181,1706617229,48
frontier05536,1706617091,1706617145,54
frontier05537,1706617110,1706617174,64
frontier05538,1706617205,1706617239,34
frontier05539,1706617015,1706617042,27
frontier05540,1706617136,1706617188,52
frontier05541,1706617079,1706617109,30
frontier05542,1706617079,1706617096,17
frontier05543,1706617190,1706617238,48
frontier05544,1706617188,1706617235,47
frontier05545,1706617181,1706617228,47
frontier05546,1706617205,1706617236,31
frontier05547,1706617075,1706617096,21
frontier05548,1706617205,1706617234,29
frontier05549,1706617021,1706617047,26
frontier05550,1706617205,1706617235,30
frontier05551,1706617180,1706617228,48
frontier05552,1706617182,1706617229,47
frontier05553,1706617207,1706617240,33
frontier05554,1706617207,1706617235,28
frontier05555,1706617016,1706617043,27
frontier05556,1706617090,1706617133,43
frontier05557,1706617080,1706617116,36
frontier05558,1706617038,1706617045,7
frontier05559,1706617091,1706617146,55
frontier05560,1706617207,1706617239,32
frontier05561,1706617205,1706617235,30
frontier05562,1706617181,1706617229,48
frontier05563,1706617205,1706617239,34
frontier05565,1706617188,1706617235,47
frontier05566,1706617076,1706617096,20
frontier05567,1706617068,1706617083,15
frontier05568,1706617082,1706617117,35
frontier05569,1706617206,1706617236,30
frontier05570,1706617205,1706617240,35
frontier05571,1706617171,1706617207,36
frontier05572,1706617079,1706617087,8
frontier05573,1706617174,1706617214,40
frontier05574,1706617130,1706617193,63
frontier05575,1706617205,1706617235,30
frontier05576,1706617155,1706617193,38
frontier05577,1706617090,1706617134,44
frontier05578,1706617190,1706617239,49
frontier05579,1706617205,1706617239,34
frontier05580,1706617091,1706617155,64
frontier05581,1706617205,1706617239,34
frontier05582,1706617205,1706617239,34
frontier05583,1706617174,1706617214,40
frontier05584,1706617091,1706617175,84
frontier05585,1706617091,1706617133,42
frontier05586,1706617206,1706617239,33
frontier05587,1706617182,1706617230,48
frontier05588,1706617205,1706617239,34
frontier05591,1706617180,1706617227,47
frontier05592,1706617082,1706617117,35
frontier05593,1706617206,1706617240,34
frontier05594,1706617172,1706617213,41
frontier05595,1706617136,1706617193,57
frontier05596,1706617091,1706617145,54
frontier05597,1706617091,1706617134,43
frontier05598,1706617205,1706617235,30
frontier05599,1706617091,1706617145,54
frontier05600,1706617137,1706617193,56
frontier05601,1706617110,1706617175,65
frontier05602,1706617135,1706617206,71
frontier05603,1706617180,1706617227,47
frontier05604,1706617068,1706617081,13
frontier05605,1706617188,1706617235,47
frontier05606,1706617032,1706617044,12
frontier05607,1706617205,1706617238,33
frontier05608,1706617206,1706617240,34
frontier05609,1706617130,1706617188,58
frontier05610,1706617138,1706617206,68
frontier05611,1706617207,1706617239,32
frontier05612,1706617189,1706617235,46
frontier05617,1706617205,1706617239,34
frontier05619,1706617188,1706617238,50
frontier05620,1706617091,1706617132,41
frontier05621,1706617205,1706617235,30
frontier05622,1706617144,1706617206,62
frontier05623,1706617079,1706617115,36
frontier05627,1706617079,1706617110,31
frontier05628,1706617205,1706617239,34
frontier05629,1706617081,1706617120,39
frontier05630,1706617016,1706617043,27
frontier05631,1706617206,1706617238,32
frontier05632,1706617079,1706617094,15
frontier05644,1706617189,1706617235,46
frontier05645,1706617189,1706617234,45
frontier05646,1706617205,1706617239,34
frontier05647,1706617205,1706617240,35
frontier05648,1706617079,1706617086,7
frontier05649,1706617091,1706617134,43
frontier05650,1706617206,1706617239,33
frontier05651,1706617205,1706617235,30
frontier05652,1706617207,1706617239,32
frontier05656,1706617110,1706617173,63
frontier05657,1706617091,1706617138,47
frontier05658,1706617091,1706617156,65
frontier05659,1706617079,1706617130,51
frontier05660,1706617091,1706617145,54
frontier05661,1706617038,1706617047,9
frontier05662,1706617172,1706617212,40
frontier05663,1706617090,1706617134,44
frontier05664,1706617205,1706617239,34
frontier05665,1706617047,1706617050,3
frontier05666,1706617047,1706617069,22
frontier05667,1706617091,1706617134,43
frontier05668,1706617205,1706617235,30
frontier05669,1706617180,1706617227,47
frontier05670,1706617206,1706617238,32
frontier05671,1706617130,1706617207,77
frontier05672,1706617068,1706617080,12
frontier05673,1706617091,1706617156,65
frontier05674,1706617091,1706617144,53
frontier05675,1706617091,1706617155,64
frontier05676,1706617110,1706617174,64
frontier05677,1706617205,1706617239,34
frontier05678,1706617068,1706617080,12
frontier05679,1706617205,1706617239,34
frontier05680,1706617206,1706617240,34
frontier05681,1706617207,1706617239,32
frontier05682,1706617136,1706617193,57
frontier05683,1706617205,1706617235,30
frontier05684,1706617205,1706617238,33
frontier05685,1706617130,1706617189,59
frontier05686,1706617205,1706617235,30
frontier05687,1706617207,1706617239,32
frontier05688,1706617079,1706617094,15
frontier05689,1706617181,1706617233,52
frontier05690,1706617205,1706617239,34
frontier05691,1706617205,1706617238,33
frontier05692,1706617180,1706617228,48
frontier05693,1706617207,1706617240,33
frontier05694,1706617091,1706617145,54
frontier05695,1706617206,1706617239,33
frontier05696,1706617038,1706617045,7
frontier05697,1706617205,1706617240,35
frontier05698,1706617205,1706617239,34
frontier05699,1706617172,1706617213,41
frontier05700,1706617205,1706617239,34
frontier05701,1706617172,1706617212,40
frontier05702,1706617091,1706617155,64
frontier05703,1706617087,1706617134,47
frontier05704,1706617205,1706617235,30
frontier05705,1706617205,1706617239,34
frontier05706,1706617136,1706617193,57
frontier05707,1706617047,1706617067,20
frontier05708,1706617068,1706617081,13
frontier05709,1706617206,1706617239,33
frontier05710,1706617206,1706617239,33
frontier05711,1706617130,1706617192,62
frontier05712,1706617091,1706617173,82
frontier05713,1706617172,1706617212,40
frontier05714,1706617038,1706617045,7
frontier05715,1706617190,1706617239,49
frontier05716,1706617206,1706617240,34
frontier05717,1706617172,1706617213,41
frontier05718,1706617207,1706617238,31
frontier05719,1706617205,1706617239,34
frontier05720,1706617189,1706617238,49
frontier05721,1706617047,1706617050,3
frontier05722,1706617075,1706617094,19
frontier05723,1706617205,1706617235,30
frontier05724,1706617016,1706617042,26
frontier05725,1706617047,1706617067,20
frontier05726,1706617068,1706617080,12
frontier05727,1706617205,1706617240,35
frontier05728,1706617205,1706617235,30
frontier05729,1706617067,1706617075,8
frontier05730,1706617016,1706617042,26
frontier05731,1706617144,1706617206,62
frontier05732,1706617110,1706617178,68
frontier05733,1706617113,1706617177,64
frontier05734,1706617047,1706617067,20
frontier05735,1706617076,1706617096,20
frontier05742,1706617130,1706617191,61
frontier05743,1706617205,1706617238,33
frontier05744,1706617040,1706617045,5
frontier05745,1706617205,1706617238,33
frontier05746,1706617068,1706617082,14
frontier05747,1706617207,1706617240,33
frontier05748,1706617205,1706617239,34
frontier05749,1706617130,1706617192,62
frontier05750,1706617040,1706617045,5
frontier05751,1706617079,1706617094,15
frontier05752,1706617090,1706617134,44
frontier05753,1706617205,1706617239,34
frontier05754,1706617091,1706617145,54
frontier05755,1706617207,1706617239,32
frontier05763,1706617172,1706617213,41
frontier05772,1706617136,1706617193,57
frontier05773,1706617207,1706617235,28
frontier05774,1706617144,1706617206,62
frontier05775,1706617144,1706617206,62
frontier05776,1706617091,1706617131,40
frontier05777,1706617180,1706617228,48
frontier05778,1706617090,1706617132,42
frontier05779,1706617205,1706617235,30
frontier05780,1706617090,1706617134,44
frontier05781,1706617205,1706617239,34
frontier05782,1706617173,1706617214,41
frontier05785,1706617171,1706617207,36
frontier05786,1706617175,1706617215,40
frontier05788,1706617091,1706617133,42
frontier05789,1706617091,1706617145,54
frontier05790,1706617136,1706617189,53
frontier05791,1706617091,1706617174,83
frontier05792,1706617205,1706617239,34
frontier05793,1706617050,1706617069,19
frontier05794,1706617016,1706617039,23
frontier05795,1706617135,1706617206,71
frontier05796,1706617091,1706617175,84
frontier05797,1706617205,1706617234,29
frontier05798,1706617136,1706617188,52
frontier05801,1706617091,1706617133,42
frontier05802,1706617180,1706617229,49
frontier05803,1706617171,1706617212,41
frontier05804,1706617091,1706617157,66
frontier05805,1706617207,1706617239,32
frontier05806,1706617090,1706617134,44
frontier05807,1706617090,1706617133,43
frontier05808,1706617205,1706617239,34
frontier05809,1706617205,1706617239,34
frontier05810,1706617091,1706617156,65
frontier05811,1706617205,1706617239,34
frontier05812,1706617205,1706617238,33
frontier05813,1706617207,1706617235,28
frontier05814,1706617130,1706617192,62
frontier05815,1706617182,1706617234,52
frontier05816,1706617194,1706617239,45
frontier05817,1706617207,1706617239,32
frontier05818,1706617207,1706617240,33
frontier05819,1706617130,1706617192,62
frontier05820,1706617205,1706617239,34
frontier05821,1706617136,1706617192,56
frontier05822,1706617181,1706617229,48
frontier05823,1706617206,1706617239,33
frontier05824,1706617130,1706617192,62
frontier05825,1706617205,1706617238,33
frontier05827,1706617086,1706617177,91
frontier05828,1706617206,1706617238,32
frontier05829,1706617207,1706617235,28
frontier05830,1706617194,1706617239,45
frontier05831,1706617015,1706617043,28
frontier05832,1706617190,1706617238,48
frontier05833,1706617207,1706617234,27
frontier05834,1706617206,1706617240,34
frontier05835,1706617110,1706617176,66
frontier05836,1706617079,1706617120,41
frontier05837,1706617180,1706617228,48
frontier05838,1706617136,1706617192,56
frontier05839,1706617180,1706617229,49
frontier05840,1706617091,1706617145,54
frontier05841,1706617207,1706617235,28
frontier05842,1706617206,1706617240,34
frontier05843,1706617070,1706617074,4
frontier05844,1706617206,1706617239,33
frontier05845,1706617091,1706617145,54
frontier05846,1706617019,1706617021,2
frontier05847,1706617079,1706617110,31
frontier05848,1706617188,1706617238,50
frontier05849,1706617205,1706617239,34
frontier05850,1706617205,1706617238,33
frontier05851,1706617047,1706617067,20
frontier05852,1706617016,1706617043,27
frontier05853,1706617207,1706617239,32
frontier05854,1706617079,1706617095,16
frontier05855,1706617016,1706617044,28
frontier05856,1706617091,1706617134,43
frontier05857,1706617174,1706617214,40
frontier05858,1706617205,1706617239,34
frontier05859,1706617047,1706617050,3
frontier05860,1706617206,1706617239,33
frontier05861,1706617092,1706617144,52
frontier05862,1706617207,1706617235,28
frontier05863,1706617206,1706617240,34
frontier05864,1706617190,1706617239,49
frontier05865,1706617205,1706617235,30
frontier05866,1706617136,1706617175,39
frontier05867,1706617016,1706617045,29
frontier05868,1706617091,1706617177,86
frontier05869,1706617182,1706617230,48
frontier05870,1706617136,1706617193,57
frontier05871,1706617110,1706617157,47
frontier05872,1706617186,1706617235,49
frontier05873,1706617189,1706617235,46
frontier05874,1706617207,1706617239,32
frontier05875,1706617206,1706617239,33
frontier05876,1706617038,1706617047,9
frontier05877,1706617090,1706617132,42
frontier05878,1706617080,1706617120,40
frontier05879,1706617205,1706617239,34
frontier05889,1706617205,1706617238,33
frontier05892,1706617050,1706617067,17
frontier05895,1706617130,1706617188,58
frontier05902,1706617190,1706617239,49
frontier05903,1706617130,1706617192,62
frontier05904,1706617174,1706617215,41
frontier05905,1706617205,1706617235,30
frontier05906,1706617194,1706617239,45
frontier05911,1706617091,1706617156,65
frontier05912,1706617038,1706617045,7
frontier05913,1706617205,1706617239,34
frontier05914,1706617155,1706617205,50
frontier05915,1706617079,1706617106,27
frontier05916,1706617188,1706617235,47
frontier05917,1706617091,1706617146,55
frontier05918,1706617091,1706617155,64
frontier05919,1706617205,1706617239,34
frontier05920,1706617016,1706617045,29
frontier05921,1706617207,1706617235,28
frontier05922,1706617205,1706617239,34
frontier05923,1706617136,1706617193,57
frontier05924,1706617091,1706617145,54
frontier05925,1706617181,1706617228,47
frontier05926,1706617138,1706617186,48
frontier05927,1706617207,1706617238,31
frontier05928,1706617015,1706617043,28
frontier05929,1706617048,1706617050,2
frontier05930,1706617068,1706617081,13
frontier05931,1706617171,1706617207,36
frontier05932,1706617137,1706617191,54
frontier05933,1706617123,1706617192,69
frontier05934,1706617110,1706617174,64
frontier05935,1706617113,1706617179,66
frontier05936,1706617040,1706617045,5
frontier05937,1706617181,1706617228,47
frontier05938,1706617049,1706617067,18
frontier05939,1706617205,1706617235,30
frontier05940,1706617110,1706617180,70
frontier05941,1706617207,1706617240,33
frontier05942,1706617180,1706617228,48
frontier05943,1706617205,1706617235,30
frontier05944,1706617144,1706617192,48
frontier05945,1706617207,1706617239,32
frontier05946,1706617205,1706617239,34
frontier05947,1706617187,1706617235,48
frontier05948,1706617130,1706617192,62
frontier05949,1706617188,1706617237,49
frontier05950,1706617091,1706617157,66
frontier05951,1706617143,1706617192,49
frontier05952,1706617130,1706617192,62
frontier05953,1706617205,1706617238,33
frontier05954,1706617110,1706617178,68
frontier05955,1706617207,1706617235,28
frontier05956,1706617144,1706617187,43
frontier05957,1706617182,1706617233,51
frontier05958,1706617091,1706617145,54
frontier05959,1706617172,1706617212,40
frontier05960,1706617189,1706617238,49
frontier05961,1706617207,1706617238,31
frontier05962,1706617015,1706617043,28
frontier05963,1706617080,1706617108,28
frontier05964,1706617079,1706617130,51
frontier05965,1706617189,1706617235,46
frontier05966,1706617090,1706617132,42
frontier05967,1706617207,1706617239,32
frontier05968,1706617130,1706617191,61
frontier05969,1706617180,1706617227,47
frontier05970,1706617190,1706617239,49
frontier05971,1706617205,1706617239,34
frontier05972,1706617181,1706617228,47
frontier05973,1706617080,1706617118,38
frontier05974,1706617205,1706617239,34
frontier05975,1706617188,1706617235,47
frontier05976,1706617043,1706617048,5
frontier05977,1706617205,1706617239,34
frontier05978,1706617130,1706617192,62
frontier05979,1706617155,1706617193,38
frontier05980,1706617068,1706617081,13
frontier05981,1706617172,1706617212,40
frontier05982,1706617207,1706617240,33
frontier05983,1706617206,1706617235,29
frontier05984,1706617172,1706617212,40
frontier05985,1706617180,1706617228,48
frontier05986,1706617172,1706617213,41
frontier05987,1706617205,1706617240,35
frontier05988,1706617206,1706617239,33
frontier05989,1706617172,1706617213,41
frontier05990,1706617207,1706617239,32
frontier05991,1706617130,1706617192,62
frontier05992,1706617038,1706617045,7
frontier05993,1706617181,1706617228,47
frontier05994,1706617174,1706617215,41
frontier05995,1706617205,1706617239,34
frontier05996,1706617180,1706617229,49
frontier05997,1706617091,1706617131,40
frontier05998,1706617136,1706617192,56
frontier05999,1706617047,1706617067,20
frontier06000,1706617189,1706617238,49
frontier06001,1706617207,1706617240,33
frontier06002,1706617206,1706617239,33
frontier06003,1706617019,1706617045,26
frontier06004,1706617189,1706617237,48
frontier06005,1706617172,1706617212,40
frontier06017,1706617136,1706617187,51
frontier06022,1706617090,1706617134,44
frontier06029,1706617136,1706617193,57
frontier06030,1706617090,1706617131,41
frontier06031,1706617110,1706617179,69
frontier06032,1706617205,1706617239,34
frontier06033,1706617205,1706617239,34
frontier06034,1706617206,1706617239,33
frontier06035,1706617068,1706617080,12
frontier06039,1706617172,1706617212,40
frontier06040,1706617190,1706617236,46
frontier06041,1706617091,1706617133,42
frontier06042,1706617038,1706617047,9
frontier06043,1706617172,1706617212,40
frontier06044,1706617136,1706617192,56
frontier06045,1706617130,1706617191,61
frontier06046,1706617181,1706617228,47
frontier06047,1706617014,1706617043,29
frontier06048,1706617207,1706617235,28
frontier06049,1706617206,1706617239,33
frontier06050,1706617019,1706617021,2
frontier06051,1706617207,1706617239,32
frontier06052,1706617205,1706617240,35
frontier06053,1706617207,1706617239,32
frontier06054,1706617206,1706617240,34
frontier06055,1706617205,1706617235,30
frontier06056,1706617205,1706617239,34
frontier06057,1706617091,1706617156,65
frontier06058,1706617136,1706617192,56
frontier06059,1706617091,1706617134,43
frontier06060,1706617205,1706617238,33
frontier06061,1706617205,1706617239,34
frontier06062,1706617136,1706617190,54
frontier06063,1706617207,1706617239,32
frontier06064,1706617205,1706617239,34
frontier06065,1706617188,1706617235,47
frontier06066,1706617180,1706617228,48
frontier06067,1706617206,1706617239,33
frontier06068,1706617016,1706617043,27
frontier06069,1706616996,1706617000,4
frontier06070,1706617180,1706617227,47
frontier06071,1706617206,1706617235,29
frontier06072,1706617205,1706617239,34
frontier06073,1706617206,1706617235,29
frontier06074,1706617090,1706617133,43
frontier06075,1706617207,1706617238,31
frontier06076,1706617205,1706617235,30
frontier06077,1706617207,1706617239,32
frontier06078,1706617091,1706617145,54
frontier06079,1706617205,1706617235,30
frontier06080,1706617137,1706617189,52
frontier06081,1706617205,1706617239,34
frontier06082,1706617205,1706617239,34
frontier06083,1706617188,1706617235,47
frontier06084,1706617091,1706617155,64
frontier06085,1706617205,1706617239,34
frontier06086,1706617190,1706617235,45
frontier06087,1706617175,1706617216,41
frontier06088,1706617206,1706617240,34
frontier06089,1706617205,1706617239,34
frontier06090,1706617090,1706617132,42
frontier06091,1706617181,1706617228,47
frontier06092,1706617205,1706617235,30
frontier06093,1706617207,1706617235,28
frontier06094,1706617205,1706617239,34
frontier06095,1706617082,1706617132,50
frontier06096,1706617205,1706617238,33
frontier06097,1706617205,1706617235,30
frontier06098,1706617205,1706617239,34
frontier06099,1706617068,1706617081,13
frontier06100,1706617091,1706617145,54
frontier06101,1706617086,1706617134,48
frontier06102,1706617015,1706617042,27
frontier06103,1706617155,1706617193,38
frontier06104,1706617205,1706617235,30
frontier06105,1706617205,1706617239,34
frontier06106,1706617047,1706617067,20
frontier06107,1706617091,1706617133,42
frontier06108,1706617205,1706617239,34
frontier06109,1706617181,1706617229,48
frontier06110,1706617205,1706617235,30
frontier06111,1706617205,1706617238,33
frontier06112,1706617171,1706617212,41
frontier06113,1706617091,1706617144,53
frontier06114,1706617180,1706617227,47
frontier06115,1706617047,1706617069,22
frontier06116,1706617171,1706617211,40
frontier06117,1706617110,1706617172,62
frontier06118,1706617171,1706617212,41
frontier06119,1706617205,1706617239,34
frontier06120,1706617091,1706617172,81
frontier06121,1706617038,1706617047,9
frontier06122,1706617077,1706617095,18
frontier06123,1706617091,1706617177,86
frontier06124,1706617205,1706617239,34
frontier06125,1706617205,1706617235,30
frontier06126,1706617091,1706617144,53
frontier06127,1706617205,1706617240,35
frontier06128,1706617110,1706617179,69
frontier06129,1706617068,1706617081,13
frontier06130,1706617205,1706617239,34
frontier06131,1706617205,1706617239,34
frontier06132,1706617137,1706617190,53
frontier06145,1706617190,1706617239,49
frontier06147,1706617143,1706617192,49
frontier06157,1706617205,1706617235,30
frontier06159,1706617207,1706617239,32
frontier06161,1706617090,1706617134,44
frontier06162,1706617070,1706617093,23
frontier06163,1706617205,1706617239,34
frontier06164,1706617207,1706617240,33
frontier06165,1706617206,1706617235,29
frontier06166,1706617038,1706617045,7
frontier06170,1706617172,1706617213,41
frontier06171,1706617144,1706617188,44
frontier06172,1706617180,1706617228,48
frontier06173,1706617144,1706617187,43
frontier06174,1706617200,1706617239,39
frontier06175,1706617136,1706617193,57
frontier06176,1706617016,1706617044,28
frontier06177,1706617181,1706617234,53
frontier06178,1706617075,1706617095,20
frontier06179,1706617207,1706617240,33
frontier06180,1706617050,1706617069,19
frontier06181,1706617092,1706617173,81
frontier06182,1706617205,1706617235,30
frontier06183,1706617205,1706617239,34
frontier06184,1706617091,1706617144,53
frontier06185,1706617181,1706617234,53
frontier06186,1706617079,1706617086,7
frontier06187,1706617068,1706617081,13
frontier06188,1706617091,1706617155,64
frontier06189,1706617205,1706617239,34
frontier06190,1706617079,1706617091,12
frontier06191,1706617171,1706617212,41
frontier06192,1706617205,1706617239,34
frontier06193,1706617091,1706617134,43
frontier06194,1706617064,1706617079,15
frontier06195,1706617068,1706617081,13
frontier06196,1706617207,1706617239,32
frontier06197,1706617091,1706617134,43
frontier06198,1706617190,1706617239,49
frontier06199,1706617172,1706617214,42
frontier06200,1706617137,1706617192,55
frontier06201,1706617155,1706617192,37
frontier06202,1706617050,1706617069,19
frontier06203,1706617205,1706617238,33
frontier06204,1706617189,1706617235,46
frontier06205,1706617110,1706617180,70
frontier06206,1706617207,1706617236,29
frontier06207,1706617205,1706617239,34
frontier06208,1706617052,1706617079,27
frontier06209,1706617021,1706617045,24
frontier06210,1706617207,1706617239,32
frontier06211,1706617205,1706617240,35
frontier06212,1706617110,1706617174,64
frontier06213,1706617180,1706617227,47
frontier06214,1706617074,1706617093,19
frontier06215,1706617079,1706617120,41
frontier06216,1706617188,1706617234,46
frontier06217,1706617016,1706617042,26
frontier06218,1706617205,1706617240,35
frontier06219,1706617205,1706617239,34
frontier06220,1706617091,1706617133,42
frontier06221,1706617194,1706617235,41
frontier06222,1706617207,1706617240,33
frontier06223,1706617015,1706617041,26
frontier06224,1706617205,1706617239,34
frontier06225,1706617068,1706617081,13
frontier06226,1706617031,1706617043,12
frontier06227,1706617019,1706617021,2
frontier06228,1706617205,1706617240,35
frontier06229,1706617180,1706617227,47
frontier06230,1706617090,1706617133,43
frontier06231,1706617206,1706617235,29
frontier06232,1706617016,1706617043,27
frontier06233,1706617091,1706617175,84
frontier06234,1706617138,1706617192,54
frontier06235,1706617091,1706617145,54
frontier06236,1706617205,1706617236,31
frontier06237,1706617205,1706617235,30
frontier06238,1706617137,1706617193,56
frontier06239,1706617205,1706617239,34
frontier06240,1706617047,1706617067,20
frontier06241,1706617207,1706617235,28
frontier06242,1706617205,1706617239,34
frontier06243,1706617205,1706617240,35
frontier06244,1706617206,1706617234,28
frontier06245,1706617091,1706617146,55
frontier06246,1706617021,1706617047,26
frontier06247,1706617206,1706617238,32
frontier06248,1706617207,1706617235,28
frontier06249,1706617021,1706617045,24
frontier06250,1706617091,1706617134,43
frontier06251,1706617207,1706617239,32
frontier06252,1706617205,1706617238,33
frontier06253,1706617091,1706617145,54
frontier06254,1706617050,1706617069,19
frontier06255,1706617047,1706617050,3
frontier06256,1706617016,1706617042,26
frontier06257,1706617172,1706617213,41
frontier06258,1706617190,1706617239,49
frontier06259,1706617181,1706617229,48
frontier06260,1706617180,1706617227,47
frontier06261,1706617206,1706617239,33
frontier06262,1706617079,1706617120,41
frontier06283,1706617068,1706617082,14
frontier06284,1706617205,1706617235,30
frontier06285,1706617172,1706617213,41
frontier06286,1706617190,1706617239,49
frontier06287,1706617173,1706617213,40
frontier06289,1706617137,1706617192,55
frontier06290,1706617190,1706617239,49
frontier06293,1706617207,1706617240,33
frontier06294,1706617040,1706617045,5
frontier06295,1706617206,1706617239,33
frontier06296,1706617180,1706617229,49
frontier06299,1706617021,1706617042,21
frontier06300,1706617208,1706617240,32
frontier06301,1706617090,1706617134,44
frontier06302,1706617180,1706617227,47
frontier06303,1706617189,1706617234,45
frontier06304,1706617205,1706617239,34
frontier06305,1706617090,1706617145,55
frontier06306,1706617182,1706617230,48
frontier06307,1706617205,1706617239,34
frontier06308,1706617207,1706617239,32
frontier06309,1706617122,1706617189,67
frontier06310,1706617206,1706617239,33
frontier06311,1706617182,1706617234,52
frontier06312,1706617206,1706617239,33
frontier06313,1706617050,1706617067,17
frontier06314,1706617055,1706617078,23
frontier06315,1706617207,1706617239,32
frontier06316,1706617205,1706617240,35
frontier06317,1706617075,1706617095,20
frontier06318,1706617079,1706617086,7
frontier06319,1706617130,1706617187,57
frontier06320,1706617207,1706617239,32
frontier06321,1706617173,1706617214,41
frontier06322,1706617206,1706617239,33
frontier06323,1706617130,1706617188,58
frontier06324,1706617122,1706617189,67
frontier06325,1706617207,1706617235,28
frontier06326,1706617137,1706617176,39
frontier06327,1706617069,1706617081,12
frontier06328,1706617206,1706617239,33
frontier06329,1706617207,1706617235,28
frontier06330,1706617110,1706617158,48
frontier06331,1706617079,1706617116,37
frontier06332,1706617091,1706617155,64
frontier06333,1706617047,1706617067,20
frontier06334,1706617175,1706617215,40
frontier06335,1706617136,1706617193,57
frontier06336,1706617040,1706617045,5
frontier06337,1706617205,1706617239,34
frontier06338,1706617016,1706617039,23
frontier06339,1706617206,1706617238,32
frontier06340,1706617205,1706617239,34
frontier06341,1706617172,1706617212,40
frontier06342,1706617205,1706617239,34
frontier06343,1706617181,1706617234,53
frontier06344,1706617068,1706617079,11
frontier06345,1706617205,1706617234,29
frontier06346,1706617207,1706617239,32
frontier06347,1706617091,1706617144,53
frontier06348,1706617016,1706617044,28
frontier06349,1706617068,1706617081,13
frontier06350,1706617091,1706617155,64
frontier06351,1706617136,1706617193,57
frontier06352,1706617091,1706617146,55
frontier06353,1706617136,1706617187,51
frontier06354,1706617091,1706617155,64
frontier06355,1706617205,1706617235,30
frontier06356,1706617182,1706617234,52
frontier06357,1706617188,1706617235,47
frontier06358,1706617206,1706617239,33
frontier06359,1706617110,1706617178,68
frontier06360,1706617207,1706617240,33
frontier06361,1706617079,1706617095,16
frontier06362,1706617180,1706617228,48
frontier06363,1706617206,1706617240,34
frontier06364,1706617180,1706617228,48
frontier06365,1706617144,1706617206,62
frontier06366,1706617136,1706617192,56
frontier06367,1706617205,1706617235,30
frontier06368,1706617189,1706617235,46
frontier06369,1706617047,1706617069,22
frontier06370,1706617180,1706617227,47
frontier06371,1706617206,1706617239,33
frontier06372,1706617090,1706617132,42
frontier06373,1706617020,1706617021,1
frontier06374,1706617136,1706617193,57
frontier06375,1706617015,1706617042,27
frontier06376,1706617113,1706617177,64
frontier06377,1706617207,1706617235,28
frontier06378,1706617091,1706617134,43
frontier06379,1706617205,1706617235,30
frontier06380,1706617172,1706617212,40
frontier06381,1706617091,1706617132,41
frontier06382,1706617049,1706617067,18
frontier06383,1706617091,1706617134,43
frontier06384,1706617047,1706617067,20
frontier06385,1706617207,1706617239,32
frontier06386,1706617205,1706617239,34
frontier06387,1706617130,1706617193,63
frontier06388,1706617079,1706617126,47
frontier06389,1706617021,1706617047,26
frontier06390,1706617047,1706617067,20
frontier06401,1706617207,1706617235,28
frontier06409,1706617091,1706617145,54
frontier06413,1706617079,1706617115,36
frontier06414,1706617079,1706617130,51
frontier06415,1706617145,1706617192,47
frontier06416,1706617206,1706617239,33
frontier06417,1706617206,1706617240,34
frontier06420,1706617136,1706617193,57
frontier06422,1706617172,1706617212,40
frontier06423,1706617205,1706617239,34
frontier06424,1706617016,1706617044,28
frontier06425,1706617050,1706617069,19
frontier06426,1706617047,1706617067,20
frontier06427,1706617047,1706617067,20
frontier06428,1706617091,1706617173,82
frontier06429,1706617079,1706617120,41
frontier06430,1706617205,1706617239,34
frontier06431,1706617207,1706617240,33
frontier06432,1706617172,1706617212,40
frontier06433,1706617110,1706617176,66
frontier06434,1706617207,1706617239,32
frontier06435,1706617186,1706617235,49
frontier06436,1706617110,1706617181,71
frontier06437,1706617143,1706617206,63
frontier06438,1706617136,1706617192,56
frontier06439,1706617206,1706617240,34
frontier06440,1706617206,1706617238,32
frontier06441,1706617180,1706617228,48
frontier06442,1706617205,1706617239,34
frontier06443,1706617205,1706617239,34
frontier06444,1706617110,1706617177,67
frontier06445,1706617091,1706617174,83
frontier06446,1706617136,1706617205,69
frontier06447,1706617090,1706617155,65
frontier06448,1706617077,1706617096,19
frontier06449,1706617068,1706617080,12
frontier06450,1706617137,1706617206,69
frontier06451,1706617205,1706617239,34
frontier06452,1706617137,1706617193,56
frontier06453,1706617091,1706617133,42
frontier06454,1706617207,1706617239,32
frontier06455,1706617205,1706617239,34
frontier06456,1706617080,1706617119,39
frontier06457,1706617154,1706617211,57
frontier06458,1706617207,1706617235,28
frontier06459,1706617090,1706617131,41
frontier06460,1706617205,1706617235,30
frontier06461,1706617189,1706617235,46
frontier06462,1706617047,1706617069,22
frontier06463,1706617189,1706617238,49
frontier06464,1706617137,1706617176,39
frontier06465,1706617077,1706617096,19
frontier06466,1706617205,1706617239,34
frontier06467,1706617205,1706617239,34
frontier06468,1706617130,1706617192,62
frontier06469,1706617206,1706617240,34
frontier06470,1706617038,1706617047,9
frontier06471,1706617091,1706617134,43
frontier06472,1706617206,1706617239,33
frontier06473,1706617172,1706617213,41
frontier06474,1706617172,1706617213,41
frontier06475,1706617205,1706617239,34
frontier06476,1706617068,1706617080,12
frontier06477,1706617110,1706617175,65
frontier06478,1706617205,1706617235,30
frontier06479,1706617205,1706617239,34
frontier06480,1706617205,1706617239,34
frontier06481,1706617205,1706617239,34
frontier06482,1706617138,1706617206,68
frontier06483,1706617137,1706617190,53
frontier06484,1706617207,1706617239,32
frontier06485,1706617077,1706617095,18
frontier06486,1706617090,1706617133,43
frontier06487,1706617091,1706617176,85
frontier06488,1706617021,1706617042,21
frontier06489,1706617206,1706617240,34
frontier06490,1706617172,1706617212,40
frontier06491,1706617113,1706617188,75
frontier06492,1706617190,1706617235,45
frontier06493,1706617181,1706617228,47
frontier06494,1706617015,1706617043,28
frontier06495,1706617180,1706617228,48
frontier06496,1706617190,1706617239,49
frontier06497,1706617091,1706617131,40
frontier06498,1706617047,1706617067,20
frontier06499,1706617091,1706617133,42
frontier06500,1706617182,1706617230,48
frontier06501,1706617079,1706617086,7
frontier06502,1706617189,1706617235,46
frontier06503,1706617200,1706617235,35
frontier06504,1706617091,1706617155,64
frontier06505,1706617206,1706617239,33
frontier06506,1706617205,1706617235,30
frontier06507,1706617172,1706617213,41
frontier06508,1706617205,1706617239,34
frontier06509,1706617137,1706617187,50
frontier06510,1706617091,1706617144,53
frontier06511,1706617205,1706617235,30
frontier06512,1706617068,1706617080,12
frontier06513,1706617050,1706617069,19
frontier06514,1706617207,1706617240,33
frontier06515,1706617091,1706617145,54
frontier06516,1706617050,1706617066,16
frontier06534,1706617091,1706617145,54
frontier06540,1706617091,1706617155,64
frontier06541,1706617080,1706617112,32
frontier06542,1706617172,1706617213,41
frontier06543,1706617194,1706617239,45
frontier06546,1706617207,1706617236,29
frontier06547,1706617206,1706617240,34
frontier06550,1706617021,1706617045,24
frontier06551,1706617207,1706617240,33
frontier06552,1706617206,1706617240,34
frontier06553,1706617205,1706617239,34
frontier06554,1706617091,1706617145,54
frontier06555,1706617207,1706617239,32
frontier06556,1706617130,1706617192,62
frontier06557,1706617143,1706617192,49
frontier06558,1706617091,1706617134,43
frontier06559,1706617205,1706617239,34
frontier06560,1706617207,1706617239,32
frontier06561,1706617068,1706617080,12
frontier06562,1706617205,1706617239,34
frontier06563,1706617205,1706617239,34
frontier06564,1706617081,1706617120,39
frontier06565,1706617130,1706617192,62
frontier06566,1706617207,1706617235,28
frontier06567,1706617205,1706617239,34
frontier06568,1706617205,1706617235,30
frontier06569,1706617205,1706617239,34
frontier06570,1706617144,1706617206,62
frontier06573,1706617189,1706617237,48
frontier06574,1706617206,1706617240,34
frontier06575,1706617189,1706617235,46
frontier06576,1706617205,1706617238,33
frontier06577,1706617180,1706617227,47
frontier06578,1706617206,1706617238,32
frontier06579,1706617205,1706617234,29
frontier06580,1706617091,1706617133,42
frontier06581,1706617079,1706617086,7
frontier06582,1706617182,1706617230,48
frontier06583,1706617205,1706617240,35
frontier06584,1706617180,1706617227,47
frontier06585,1706617141,1706617192,51
frontier06586,1706617205,1706617239,34
frontier06587,1706617091,1706617133,42
frontier06588,1706617091,1706617156,65
frontier06589,1706617205,1706617239,34
frontier06590,1706617090,1706617133,43
frontier06591,1706617137,1706617206,69
frontier06592,1706617205,1706617239,34
frontier06593,1706617154,1706617211,57
frontier06594,1706617183,1706617234,51
frontier06597,1706617050,1706617067,17
frontier06598,1706617206,1706617240,34
frontier06599,1706617205,1706617238,33
frontier06600,1706617015,1706617043,28
frontier06601,1706617047,1706617069,22
frontier06602,1706617205,1706617239,34
frontier06603,1706617047,1706617067,20
frontier06604,1706617050,1706617069,19
frontier06605,1706617014,1706617021,7
frontier06606,1706617016,1706617044,28
frontier06607,1706617123,1706617188,65
frontier06608,1706617190,1706617239,49
frontier06609,1706617205,1706617239,34
frontier06610,1706617205,1706617235,30
frontier06611,1706617016,1706617042,26
frontier06612,1706617080,1706617105,25
frontier06613,1706617207,1706617240,33
frontier06614,1706617205,1706617239,34
frontier06615,1706617016,1706617042,26
frontier06616,1706617091,1706617156,65
frontier06617,1706617016,1706617039,23
frontier06618,1706617206,1706617239,33
frontier06619,1706617091,1706617146,55
frontier06620,1706617143,1706617192,49
frontier06622,1706617196,1706617239,43
frontier06623,1706617091,1706617174,83
frontier06624,1706617190,1706617238,48
frontier06625,1706617110,1706617177,67
frontier06626,1706617188,1706617236,48
frontier06627,1706617190,1706617235,45
frontier06628,1706617172,1706617212,40
frontier06629,1706617205,1706617235,30
frontier06630,1706617122,1706617193,71
frontier06631,1706617205,1706617238,33
frontier06632,1706617015,1706617042,27
frontier06633,1706617189,1706617235,46
frontier06634,1706617182,1706617234,52
frontier06635,1706617205,1706617239,34
frontier06636,1706617136,1706617187,51
frontier06637,1706617136,1706617192,56
frontier06638,1706617180,1706617227,47
frontier06639,1706617091,1706617134,43
frontier06640,1706617090,1706617133,43
frontier06641,1706617206,1706617240,34
frontier06642,1706617205,1706617239,34
frontier06643,1706617091,1706617131,40
frontier06644,1706617090,1706617145,55
frontier06645,1706617207,1706617235,28
frontier06646,1706617205,1706617239,34
frontier06647,1706617137,1706617206,69
frontier06648,1706617205,1706617239,34
frontier06649,1706617207,1706617235,28
frontier06650,1706617207,1706617235,28
frontier06658,1706617206,1706617238,32
frontier06662,1706617068,1706617081,13
frontier06668,1706617206,1706617239,33
frontier06670,1706617190,1706617239,49
frontier06671,1706617205,1706617235,30
frontier06672,1706617206,1706617239,33
frontier06673,1706617173,1706617213,40
frontier06674,1706617180,1706617228,48
frontier06678,1706617079,1706617116,37
frontier06679,1706617206,1706617235,29
frontier06680,1706617207,1706617239,32
frontier06681,1706617078,1706617095,17
frontier06682,1706617016,1706617042,26
frontier06683,1706617195,1706617239,44
frontier06684,1706617206,1706617239,33
frontier06685,1706617079,1706617130,51
frontier06686,1706617207,1706617239,32
frontier06687,1706617091,1706617155,64
frontier06688,1706617206,1706617239,33
frontier06689,1706617206,1706617240,34
frontier06690,1706617174,1706617228,54
frontier06691,1706617079,1706617109,30
frontier06692,1706617091,1706617155,64
frontier06693,1706617141,1706617192,51
frontier06694,1706617205,1706617239,34
frontier06695,1706617137,1706617175,38
frontier06696,1706617091,1706617155,64
frontier06697,1706617141,1706617192,51
frontier06698,1706617205,1706617239,34
frontier06699,1706617144,1706617206,62
frontier06700,1706617173,1706617214,41
frontier06701,1706617091,1706617134,43
frontier06702,1706617205,1706617239,34
frontier06703,1706617138,1706617206,68
frontier06704,1706617092,1706617144,52
frontier06705,1706617090,1706617132,42
frontier06706,1706617047,1706617067,20
frontier06707,1706617130,1706617192,62
frontier06708,1706617206,1706617238,32
frontier06709,1706617130,1706617191,61
frontier06710,1706617091,1706617145,54
frontier06711,1706617205,1706617239,34
frontier06712,1706617189,1706617235,46
frontier06713,1706617080,1706617116,36
frontier06714,1706617205,1706617235,30
frontier06715,1706617207,1706617235,28
frontier06716,1706617047,1706617067,20
frontier06717,1706617189,1706617235,46
frontier06718,1706617188,1706617235,47
frontier06719,1706617081,1706617119,38
frontier06720,1706617205,1706617239,34
frontier06721,1706617173,1706617213,40
frontier06722,1706617080,1706617118,38
frontier06723,1706617110,1706617177,67
frontier06724,1706617206,1706617240,34
frontier06725,1706617090,1706617131,41
frontier06726,1706617016,1706617045,29
frontier06727,1706617136,1706617190,54
frontier06728,1706617079,1706617123,44
frontier06729,1706617137,1706617192,55
frontier06730,1706617081,1706617120,39
frontier06731,1706617207,1706617240,33
frontier06732,1706617090,1706617144,54
frontier06733,1706617207,1706617239,32
frontier06734,1706617182,1706617229,47
frontier06735,1706617205,1706617239,34
frontier06736,1706617021,1706617045,24
frontier06737,1706617136,1706617189,53
frontier06738,1706617130,1706617192,62
frontier06739,1706617040,1706617047,7
frontier06740,1706617188,1706617234,46
frontier06741,1706617205,1706617239,34
frontier06742,1706617182,1706617234,52
frontier06743,1706617189,1706617235,46
frontier06744,1706617205,1706617239,34
frontier06745,1706617189,1706617235,46
frontier06746,1706617143,1706617206,63
frontier06747,1706617070,1706617080,10
frontier06748,1706617188,1706617236,48
frontier06749,1706617090,1706617134,44
frontier06750,1706617130,1706617192,62
frontier06751,1706617110,1706617176,66
frontier06752,1706617181,1706617229,48
frontier06753,1706617090,1706617134,44
frontier06754,1706617040,1706617045,5
frontier06755,1706617016,1706617042,26
frontier06756,1706617207,1706617239,32
frontier06757,1706617205,1706617235,30
frontier06758,1706617205,1706617239,34
frontier06759,1706617091,1706617145,54
frontier06760,1706617207,1706617238,31
frontier06761,1706617136,1706617205,69
frontier06762,1706617181,1706617230,49
frontier06763,1706617132,1706617192,60
frontier06764,1706617174,1706617214,40
frontier06765,1706617207,1706617240,33
frontier06766,1706617090,1706617131,41
frontier06767,1706617047,1706617067,20
frontier06768,1706617182,1706617234,52
frontier06769,1706617014,1706617047,33
frontier06770,1706617205,1706617239,34
frontier06771,1706617207,1706617236,29
frontier06772,1706617080,1706617095,15
frontier06793,1706617205,1706617239,34
frontier06796,1706617205,1706617239,34
frontier06797,1706617130,1706617193,63
frontier06798,1706617173,1706617214,41
frontier06799,1706617205,1706617239,34
frontier06800,1706617207,1706617240,33
frontier06801,1706617171,1706617213,42
frontier06802,1706617079,1706617116,37
frontier06804,1706617180,1706617228,48
frontier06807,1706617091,1706617145,54
frontier06808,1706617049,1706617067,18
frontier06809,1706617207,1706617235,28
frontier06810,1706617207,1706617238,31
frontier06811,1706617206,1706617239,33
frontier06812,1706617207,1706617238,31
frontier06813,1706617206,1706617239,33
frontier06814,1706617091,1706617134,43
frontier06815,1706617205,1706617235,30
frontier06816,1706617091,1706617145,54
frontier06817,1706617174,1706617214,40
frontier06818,1706617032,1706617045,13
frontier06819,1706617136,1706617189,53
frontier06820,1706617130,1706617192,62
frontier06821,1706617122,1706617187,65
frontier06822,1706617172,1706617213,41
frontier06823,1706617172,1706617213,41
frontier06824,1706617047,1706617067,20
frontier06825,1706617189,1706617235,46
frontier06826,1706617016,1706617044,28
frontier06827,1706617207,1706617235,28
frontier06828,1706617127,1706617192,65
frontier06829,1706617207,1706617239,32
frontier06830,1706617205,1706617239,34
frontier06831,1706617180,1706617228,48
frontier06832,1706617144,1706617207,63
frontier06833,1706617172,1706617212,40
frontier06834,1706617205,1706617239,34
frontier06835,1706617207,1706617239,32
frontier06836,1706617015,1706617042,27
frontier06837,1706617016,1706617042,26
frontier06838,1706617068,1706617079,11
frontier06839,1706617205,1706617239,34
frontier06840,1706617068,1706617082,14
frontier06841,1706617136,1706617188,52
frontier06842,1706617205,1706617239,34
frontier06843,1706617206,1706617240,34
frontier06844,1706617047,1706617050,3
frontier06845,1706617075,1706617095,20
frontier06846,1706617050,1706617067,17
frontier06847,1706617182,1706617234,52
frontier06848,1706617180,1706617227,47
frontier06849,1706617181,1706617234,53
frontier06850,1706617050,1706617069,19
frontier06851,1706617172,1706617212,40
frontier06852,1706617130,1706617183,53
frontier06853,1706617206,1706617239,33
frontier06854,1706617091,1706617177,86
frontier06855,1706617181,1706617234,53
frontier06856,1706617136,1706617187,51
frontier06857,1706617172,1706617213,41
frontier06858,1706617136,1706617192,56
frontier06859,1706617205,1706617239,34
frontier06860,1706617206,1706617235,29
frontier06861,1706617091,1706617134,43
frontier06862,1706617206,1706617238,32
frontier06863,1706617207,1706617235,28
frontier06864,1706617136,1706617189,53
frontier06865,1706617079,1706617087,8
frontier06866,1706617205,1706617238,33
frontier06867,1706617206,1706617240,34
frontier06868,1706617091,1706617176,85
frontier06869,1706617039,1706617050,11
frontier06870,1706617047,1706617067,20
frontier06871,1706617144,1706617206,62
frontier06872,1706617188,1706617238,50
frontier06873,1706617181,1706617229,48
frontier06874,1706617188,1706617235,47
frontier06875,1706617136,1706617193,57
frontier06876,1706617068,1706617080,12
frontier06877,1706617137,1706617189,52
frontier06878,1706617180,1706617228,48
frontier06879,1706617110,1706617181,71
frontier06880,1706617206,1706617239,33
frontier06881,1706617015,1706617042,27
frontier06882,1706617136,1706617193,57
frontier06883,1706617171,1706617206,35
frontier06884,1706617205,1706617239,34
frontier06885,1706617091,1706617174,83
frontier06886,1706617207,1706617239,32
frontier06887,1706617081,1706617116,35
frontier06888,1706617091,1706617155,64
frontier06889,1706617190,1706617239,49
frontier06890,1706617015,1706617043,28
frontier06891,1706617016,1706617043,27
frontier06892,1706617068,1706617079,11
frontier06893,1706617091,1706617134,43
frontier06894,1706617136,1706617192,56
frontier06895,1706617188,1706617235,47
frontier06896,1706617136,1706617193,57
frontier06897,1706617090,1706617133,43
frontier06899,1706617205,1706617239,34
frontier06900,1706617182,1706617234,52
frontier06901,1706617038,1706617047,9
frontier06913,1706617091,1706617155,64
frontier06914,1706617081,1706617119,38
frontier06915,1706617136,1706617193,57
frontier06917,1706617205,1706617239,34
frontier06921,1706617172,1706617213,41
frontier06923,1706617205,1706617239,34
frontier06925,1706617047,1706617067,20
frontier06927,1706617137,1706617188,51
frontier06930,1706617189,1706617238,49
frontier06935,1706617048,1706617069,21
frontier06936,1706617205,1706617239,34
frontier06937,1706617205,1706617239,34
frontier06938,1706617130,1706617192,62
frontier06939,1706617091,1706617156,65
frontier06940,1706617130,1706617175,45
frontier06941,1706617016,1706617042,26
frontier06943,1706617205,1706617235,30
frontier06945,1706617174,1706617213,39
frontier06946,1706617091,1706617145,54
frontier06948,1706617207,1706617240,33
frontier06949,1706617205,1706617239,34
frontier06950,1706617190,1706617239,49
frontier06951,1706617016,1706617043,27
frontier06952,1706617174,1706617214,40
frontier06953,1706617174,1706617214,40
frontier06954,1706617144,1706617208,64
frontier06955,1706617206,1706617235,29
frontier06956,1706617190,1706617239,49
frontier06957,1706617110,1706617177,67
frontier06958,1706617136,1706617190,54
frontier06959,1706617205,1706617239,34
frontier06960,1706617205,1706617239,34
frontier06961,1706617080,1706617094,14
frontier06962,1706617144,1706617192,48
frontier06963,1706617016,1706617042,26
frontier06964,1706617068,1706617082,14
frontier06965,1706617207,1706617239,32
frontier06966,1706617206,1706617239,33
frontier06967,1706617205,1706617239,34
frontier06968,1706617079,1706617095,16
frontier06969,1706617206,1706617240,34
frontier06970,1706617188,1706617236,48
frontier06974,1706617068,1706617081,13
frontier06977,1706617173,1706617213,40
frontier06978,1706617172,1706617213,41
frontier06979,1706617040,1706617045,5
frontier06980,1706617206,1706617239,33
frontier06981,1706617206,1706617239,33
frontier06982,1706617183,1706617230,47
frontier06983,1706617172,1706617212,40
frontier06984,1706617016,1706617043,27
frontier06985,1706617207,1706617235,28
frontier06986,1706617207,1706617240,33
frontier06987,1706617136,1706617193,57
frontier06988,1706617110,1706617181,71
frontier06990,1706617079,1706617120,41
frontier06991,1706617180,1706617228,48
frontier06992,1706617181,1706617233,52
frontier06993,1706617014,1706617045,31
frontier06994,1706617206,1706617238,32
frontier06995,1706617091,1706617144,53
frontier06996,1706617205,1706617235,30
frontier06997,1706617206,1706617236,30
frontier06998,1706617068,1706617082,14
frontier06999,1706617110,1706617176,66
frontier07000,1706617206,1706617240,34
frontier07001,1706617144,1706617206,62
frontier07002,1706617136,1706617192,56
frontier07003,1706617090,1706617132,42
frontier07004,1706617079,1706617120,41
frontier07005,1706617205,1706617239,34
frontier07006,1706617091,1706617145,54
frontier07007,1706617014,1706617021,7
frontier07008,1706617091,1706617133,42
frontier07009,1706617136,1706617191,55
frontier07010,1706617136,1706617193,57
frontier07011,1706617040,1706617045,5
frontier07012,1706617205,1706617240,35
frontier07013,1706617207,1706617240,33
frontier07014,1706617206,1706617235,29
frontier07015,1706617090,1706617134,44
frontier07016,1706617205,1706617235,30
frontier07017,1706617110,1706617177,67
frontier07018,1706617141,1706617192,51
frontier07019,1706617205,1706617235,30
frontier07020,1706617206,1706617239,33
frontier07021,1706617205,1706617240,35
frontier07022,1706617206,1706617240,34
frontier07023,1706617205,1706617239,34
frontier07024,1706617091,1706617145,54
frontier07025,1706617182,1706617231,49
frontier07026,1706617207,1706617240,33
frontier07027,1706617068,1706617080,12
frontier07028,1706617207,1706617235,28
frontier07029,1706617174,1706617215,41
frontier07030,1706617016,1706617042,26
frontier07031,1706617207,1706617238,31
frontier07032,1706617207,1706617239,32
frontier07034,1706617205,1706617239,34
frontier07035,1706617207,1706617240,33
frontier07036,1706617091,1706617133,42
frontier07037,1706617180,1706617227,47
frontier07038,1706617189,1706617237,48
frontier07042,1706617080,1706617093,13
frontier07047,1706617156,1706617209,53
frontier07054,1706617047,1706617067,20
frontier07055,1706617189,1706617238,49
frontier07056,1706617205,1706617239,34
frontier07057,1706617207,1706617240,33
frontier07058,1706617205,1706617239,34
frontier07060,1706617207,1706617235,28
frontier07064,1706617207,1706617239,32
frontier07065,1706617091,1706617134,43
frontier07066,1706617077,1706617096,19
frontier07067,1706617190,1706617239,49
frontier07068,1706617205,1706617235,30
frontier07070,1706617207,1706617240,33
frontier07071,1706617205,1706617239,34
frontier07075,1706617144,1706617193,49
frontier07076,1706617091,1706617145,54
frontier07077,1706617091,1706617155,64
frontier07078,1706617190,1706617238,48
frontier07079,1706617206,1706617239,33
frontier07080,1706617048,1706617050,2
frontier07081,1706617079,1706617092,13
frontier07082,1706617206,1706617240,34
frontier07083,1706617205,1706617239,34
frontier07084,1706617110,1706617174,64
frontier07085,1706617188,1706617234,46
frontier07086,1706617079,1706617095,16
frontier07087,1706617207,1706617239,32
frontier07088,1706617182,1706617234,52
frontier07089,1706617207,1706617239,32
frontier07090,1706617205,1706617239,34
frontier07091,1706617137,1706617187,50
frontier07092,1706617207,1706617240,33
frontier07093,1706617080,1706617090,10
frontier07094,1706617136,1706617192,56
frontier07095,1706617091,1706617145,54
frontier07096,1706617207,1706617240,33
frontier07097,1706617079,1706617095,16
frontier07098,1706617087,1706617134,47
frontier07099,1706617205,1706617239,34
frontier07100,1706617180,1706617229,49
frontier07101,1706617205,1706617239,34
frontier07102,1706617191,1706617239,48
frontier07103,1706617189,1706617234,45
frontier07104,1706617130,1706617188,58
frontier07105,1706617090,1706617133,43
frontier07106,1706617136,1706617189,53
frontier07107,1706617205,1706617239,34
frontier07108,1706617188,1706617234,46
frontier07109,1706617091,1706617134,43
frontier07110,1706617205,1706617239,34
frontier07111,1706617190,1706617239,49
frontier07112,1706617180,1706617229,49
frontier07113,1706617130,1706617192,62
frontier07114,1706617205,1706617235,30
frontier07115,1706617207,1706617239,32
frontier07116,1706617091,1706617134,43
frontier07117,1706617206,1706617239,33
frontier07118,1706617110,1706617176,66
frontier07119,1706617090,1706617132,42
frontier07120,1706617091,1706617176,85
frontier07121,1706617205,1706617239,34
frontier07122,1706617139,1706617192,53
frontier07123,1706617172,1706617213,41
frontier07124,1706617206,1706617239,33
frontier07125,1706617205,1706617238,33
frontier07126,1706617206,1706617235,29
frontier07127,1706617076,1706617096,20
frontier07128,1706617090,1706617145,55
frontier07129,1706617206,1706617239,33
frontier07130,1706617172,1706617213,41
frontier07131,1706617110,1706617176,66
frontier07132,1706617207,1706617240,33
frontier07133,1706617155,1706617193,38
frontier07134,1706617205,1706617234,29
frontier07135,1706617038,1706617047,9
frontier07136,1706617138,1706617206,68
frontier07137,1706617110,1706617177,67
frontier07138,1706617136,1706617193,57
frontier07139,1706617038,1706617047,9
frontier07140,1706617205,1706617239,34
frontier07141,1706617016,1706617042,26
frontier07142,1706617189,1706617235,46
frontier07143,1706617205,1706617239,34
frontier07144,1706617069,1706617082,13
frontier07145,1706617189,1706617235,46
frontier07146,1706617076,1706617095,19
frontier07147,1706617205,1706617239,34
frontier07148,1706617206,1706617235,29
frontier07149,1706617206,1706617240,34
frontier07150,1706617207,1706617239,32
frontier07151,1706617084,1706617134,50
frontier07152,1706617207,1706617239,32
frontier07153,1706617182,1706617230,48
frontier07154,1706617130,1706617192,62
frontier07155,1706617068,1706617082,14
frontier07156,1706617205,1706617239,34
frontier07157,1706617206,1706617238,32
frontier07158,1706617038,1706617045,7
frontier07159,1706617015,1706617043,28
frontier07160,1706617091,1706617145,54
frontier07161,1706617016,1706617043,27
frontier07162,1706617207,1706617239,32
frontier07177,1706617207,1706617239,32
frontier07180,1706617189,1706617235,46
frontier07181,1706617080,1706617119,39
frontier07182,1706617016,1706617021,5
frontier07183,1706617171,1706617211,40
frontier07184,1706617181,1706617229,48
frontier07185,1706617181,1706617234,53
frontier07188,1706617091,1706617176,85
frontier07190,1706617043,1706617047,4
frontier07191,1706617172,1706617213,41
frontier07192,1706617205,1706617240,35
frontier07193,1706617205,1706617238,33
frontier07194,1706617186,1706617231,45
frontier07195,1706617091,1706617134,43
frontier07196,1706617079,1706617087,8
frontier07197,1706617091,1706617157,66
frontier07198,1706617206,1706617239,33
frontier07199,1706617207,1706617240,33
frontier07200,1706617143,1706617192,49
frontier07201,1706617130,1706617192,62
frontier07202,1706617205,1706617235,30
frontier07203,1706617205,1706617235,30
frontier07204,1706617180,1706617229,49
frontier07205,1706617079,1706617109,30
frontier07206,1706617205,1706617238,33
frontier07207,1706617091,1706617155,64
frontier07208,1706617136,1706617192,56
frontier07209,1706617188,1706617235,47
frontier07210,1706617188,1706617235,47
frontier07211,1706617136,1706617192,56
frontier07212,1706617173,1706617214,41
frontier07213,1706617038,1706617047,9
frontier07214,1706617205,1706617238,33
frontier07216,1706617190,1706617235,45
frontier07217,1706617079,1706617118,39
frontier07218,1706617206,1706617239,33
frontier07219,1706617180,1706617228,48
frontier07220,1706617182,1706617234,52
frontier07221,1706617187,1706617231,44
frontier07222,1706617182,1706617234,52
frontier07223,1706617205,1706617238,33
frontier07228,1706617206,1706617239,33
frontier07232,1706617188,1706617235,47
frontier07236,1706617081,1706617116,35
frontier07238,1706617205,1706617239,34
frontier07239,1706617196,1706617235,39
frontier07240,1706617186,1706617234,48
frontier07241,1706617016,1706617042,26
frontier07242,1706617205,1706617239,34
frontier07243,1706617205,1706617235,30
frontier07244,1706617206,1706617239,33
frontier07245,1706617188,1706617235,47
frontier07246,1706617136,1706617193,57
frontier07247,1706617130,1706617193,63
frontier07248,1706617090,1706617134,44
frontier07249,1706617068,1706617081,13
frontier07250,1706617205,1706617239,34
frontier07251,1706617191,1706617239,48
frontier07252,1706617189,1706617234,45
frontier07253,1706617201,1706617235,34
frontier07254,1706617016,1706617043,27
frontier07255,1706617182,1706617234,52
frontier07256,1706617069,1706617080,11
frontier07257,1706617148,1706617211,63
frontier07258,1706617205,1706617235,30
frontier07259,1706617015,1706617043,28
frontier07260,1706617207,1706617235,28
frontier07262,1706617016,1706617039,23
frontier07263,1706617016,1706617042,26
frontier07264,1706617091,1706617134,43
frontier07265,1706617110,1706617175,65
frontier07266,1706617136,1706617192,56
frontier07267,1706617205,1706617239,34
frontier07268,1706617091,1706617144,53
frontier07269,1706617205,1706617240,35
frontier07270,1706617081,1706617120,39
frontier07271,1706617207,1706617239,32
frontier07272,1706617040,1706617047,7
frontier07273,1706617190,1706617235,45
frontier07274,1706617130,1706617188,58
frontier07275,1706617091,1706617156,65
frontier07276,1706617090,1706617133,43
frontier07277,1706617144,1706617209,65
frontier07278,1706617188,1706617237,49
frontier07279,1706617206,1706617239,33
frontier07280,1706617137,1706617192,55
frontier07281,1706617206,1706617239,33
frontier07282,1706617144,1706617203,59
frontier07283,1706617172,1706617213,41
frontier07284,1706617090,1706617134,44
frontier07285,1706617180,1706617227,47
frontier07286,1706617205,1706617239,34
frontier07287,1706617091,1706617145,54
frontier07288,1706617206,1706617239,33
frontier07289,1706617143,1706617192,49
frontier07291,1706617155,1706617209,54
frontier07292,1706617207,1706617240,33
frontier07293,1706617130,1706617189,59
frontier07294,1706617206,1706617235,29
frontier07295,1706617136,1706617192,56
frontier07296,1706617087,1706617134,47
frontier07297,1706617206,1706617239,33
frontier07308,1706617016,1706617042,26
frontier07309,1706617180,1706617228,48
frontier07310,1706617040,1706617047,7
frontier07311,1706617206,1706617239,33
frontier07315,1706617207,1706617240,33
frontier07316,1706617110,1706617177,67
frontier07317,1706617205,1706617239,34
frontier07318,1706617205,1706617239,34
frontier07319,1706617205,1706617239,34
frontier07320,1706617205,1706617239,34
frontier07321,1706617207,1706617239,32
frontier07322,1706617144,1706617207,63
frontier07323,1706617091,1706617145,54
frontier07324,1706617205,1706617236,31
frontier07325,1706617156,1706617208,52
frontier07327,1706617110,1706617177,67
frontier07329,1706617205,1706617239,34
frontier07330,1706617136,1706617192,56
frontier07331,1706617068,1706617081,13
frontier07332,1706617207,1706617238,31
frontier07333,1706617050,1706617069,19
frontier07334,1706617205,1706617238,33
frontier07335,1706617206,1706617239,33
frontier07336,1706617136,1706617189,53
frontier07337,1706617189,1706617235,46
frontier07338,1706617047,1706617050,3
frontier07339,1706617182,1706617234,52
frontier07340,1706617091,1706617134,43
frontier07341,1706617172,1706617212,40
frontier07342,1706617126,1706617179,53
frontier07343,1706617205,1706617239,34
frontier07344,1706617207,1706617239,32
frontier07345,1706617205,1706617240,35
frontier07346,1706617205,1706617239,34
frontier07352,1706617137,1706617206,69
frontier07357,1706617205,1706617238,33
frontier07358,1706617038,1706617047,9
frontier07359,1706617205,1706617239,34
frontier07360,1706617186,1706617235,49
frontier07363,1706617079,1706617130,51
frontier07364,1706617205,1706617239,34
frontier07365,1706617110,1706617175,65
frontier07366,1706617130,1706617192,62
frontier07367,1706617181,1706617229,48
frontier07368,1706617144,1706617206,62
frontier07369,1706617207,1706617234,27
frontier07370,1706617173,1706617214,41
frontier07371,1706617076,1706617095,19
frontier07372,1706617016,1706617043,27
frontier07373,1706617069,1706617082,13
frontier07374,1706617189,1706617236,47
frontier07375,1706617136,1706617192,56
frontier07376,1706617206,1706617235,29
frontier07377,1706617206,1706617240,34
frontier07378,1706617173,1706617213,40
frontier07379,1706617136,1706617176,40
frontier07380,1706617207,1706617239,32
frontier07381,1706617205,1706617239,34
frontier07382,1706617068,1706617079,11
frontier07383,1706617189,1706617235,46
frontier07384,1706617205,1706617236,31
frontier07385,1706617091,1706617134,43
frontier07386,1706617205,1706617239,34
frontier07387,1706617188,1706617234,46
frontier07388,1706617206,1706617235,29
frontier07389,1706617207,1706617239,32
frontier07390,1706617069,1706617081,12
frontier07391,1706617205,1706617235,30
frontier07392,1706617190,1706617239,49
frontier07393,1706617206,1706617239,33
frontier07394,1706617182,1706617234,52
frontier07395,1706617143,1706617192,49
frontier07396,1706617091,1706617157,66
frontier07397,1706617207,1706617239,32
frontier07398,1706617172,1706617212,40
frontier07399,1706617016,1706617039,23
frontier07400,1706617205,1706617239,34
frontier07401,1706617144,1706617208,64
frontier07402,1706617189,1706617235,46
frontier07403,1706617091,1706617157,66
frontier07404,1706617206,1706617235,29
frontier07405,1706617205,1706617239,34
frontier07406,1706617205,1706617239,34
frontier07407,1706617076,1706617094,18
frontier07408,1706617049,1706617067,18
frontier07409,1706617050,1706617067,17
frontier07410,1706617079,1706617095,16
frontier07411,1706617189,1706617234,45
frontier07412,1706617031,1706617042,11
frontier07413,1706617172,1706617212,40
frontier07414,1706617015,1706617044,29
frontier07415,1706617172,1706617213,41
frontier07416,1706617205,1706617239,34
frontier07417,1706617206,1706617239,33
frontier07418,1706617080,1706617119,39
frontier07419,1706617047,1706617067,20
frontier07420,1706617068,1706617082,14
frontier07421,1706617068,1706617083,15
frontier07423,1706617188,1706617237,49
frontier07424,1706617123,1706617188,65
frontier07426,1706617136,1706617190,54
frontier07434,1706617068,1706617081,13
frontier07435,1706617144,1706617206,62
frontier07437,1706617207,1706617239,32
frontier07439,1706617091,1706617133,42
frontier07440,1706617016,1706617042,26
frontier07441,1706617205,1706617239,34
frontier07443,1706617181,1706617228,47
frontier07444,1706617205,1706617235,30
frontier07445,1706617180,1706617228,48
frontier07446,1706617207,1706617240,33
frontier07450,1706617205,1706617239,34
frontier07451,1706617205,1706617235,30
frontier07452,1706617189,1706617237,48
frontier07453,1706617188,1706617235,47
frontier07454,1706617205,1706617239,34
frontier07455,1706617206,1706617239,33
frontier07456,1706617182,1706617234,52
frontier07457,1706617136,1706617189,53
frontier07458,1706617207,1706617239,32
frontier07459,1706617016,1706617042,26
frontier07460,1706617144,1706617189,45
frontier07461,1706617074,1706617092,18
frontier07462,1706617016,1706617039,23
frontier07463,1706617136,1706617189,53
frontier07464,1706617205,1706617239,34
frontier07465,1706617205,1706617239,34
frontier07466,1706617205,1706617235,30
frontier07467,1706617181,1706617229,48
frontier07468,1706617137,1706617187,50
frontier07469,1706617136,1706617193,57
frontier07470,1706617137,1706617191,54
frontier07471,1706617175,1706617215,40
frontier07472,1706617206,1706617239,33
frontier07473,1706617205,1706617239,34
frontier07474,1706617091,1706617131,40
frontier07475,1706617206,1706617240,34
frontier07476,1706617130,1706617192,62
frontier07477,1706617206,1706617240,34
frontier07488,1706617091,1706617133,42
frontier07491,1706617047,1706617067,20
frontier07492,1706617206,1706617239,33
frontier07493,1706617205,1706617240,35
frontier07494,1706617207,1706617239,32
frontier07495,1706617171,1706617212,41
frontier07496,1706617038,1706617047,9
frontier07497,1706617038,1706617047,9
frontier07498,1706617080,1706617117,37
frontier07499,1706617016,1706617042,26
frontier07500,1706617174,1706617215,41
frontier07501,1706617091,1706617132,41
frontier07502,1706617205,1706617239,34
frontier07503,1706617206,1706617235,29
frontier07504,1706617021,1706617047,26
frontier07505,1706617180,1706617228,48
frontier07506,1706617137,1706617208,71
frontier07507,1706617182,1706617235,53
frontier07508,1706617136,1706617189,53
frontier07509,1706617015,1706617045,30
frontier07510,1706617015,1706617042,27
frontier07511,1706617180,1706617227,47
frontier07512,1706617207,1706617235,28
frontier07513,1706617091,1706617155,64
frontier07514,1706617038,1706617047,9
frontier07515,1706617015,1706617047,32
frontier07516,1706617068,1706617081,13
frontier07517,1706617091,1706617156,65
frontier07518,1706617172,1706617212,40
frontier07519,1706617172,1706617212,40
frontier07520,1706617110,1706617177,67
frontier07521,1706617180,1706617228,48
frontier07522,1706617180,1706617227,47
frontier07523,1706617206,1706617235,29
frontier07524,1706617188,1706617238,50
frontier07525,1706617091,1706617155,64
frontier07526,1706617205,1706617235,30
frontier07527,1706617206,1706617240,34
frontier07530,1706617207,1706617240,33
frontier07531,1706617084,1706617134,50
frontier07532,1706617189,1706617237,48
frontier07533,1706617189,1706617237,48
frontier07535,1706617078,1706617095,17
frontier07536,1706617068,1706617081,13
frontier07537,1706617077,1706617096,19
frontier07538,1706617038,1706617047,9
frontier07539,1706617091,1706617155,64
frontier07540,1706617206,1706617239,33
frontier07542,1706617091,1706617156,65
frontier07543,1706617172,1706617212,40
frontier07544,1706617136,1706617192,56
frontier07545,1706617079,1706617095,16
frontier07546,1706617068,1706617081,13
frontier07547,1706617207,1706617235,28
frontier07548,1706617205,1706617239,34
frontier07549,1706617207,1706617239,32
frontier07550,1706617173,1706617213,40
frontier07552,1706617136,1706617189,53
frontier07553,1706617207,1706617240,33
frontier07554,1706617080,1706617120,40
frontier07556,1706617190,1706617235,45
frontier07564,1706617069,1706617082,13
frontier07566,1706617180,1706617228,48
frontier07570,1706617205,1706617239,34
frontier07571,1706617137,1706617192,55
frontier07572,1706617205,1706617240,35
frontier07573,1706617091,1706617145,54
frontier07574,1706617205,1706617239,34
frontier07575,1706617206,1706617239,33
frontier07576,1706617205,1706617239,34
frontier07579,1706617207,1706617240,33
frontier07580,1706617091,1706617134,43
frontier07582,1706617207,1706617235,28
frontier07583,1706617079,1706617120,41
frontier07584,1706617205,1706617239,34
frontier07585,1706617190,1706617239,49
frontier07586,1706617038,1706617045,7
frontier07587,1706617175,1706617215,40
frontier07588,1706617078,1706617095,17
frontier07589,1706617190,1706617236,46
frontier07591,1706617050,1706617069,19
frontier07592,1706617144,1706617207,63
frontier07593,1706617079,1706617130,51
frontier07594,1706617206,1706617239,33
frontier07595,1706617091,1706617144,53
frontier07596,1706617205,1706617239,34
frontier07597,1706617137,1706617191,54
frontier07598,1706617144,1706617205,61
frontier07599,1706617205,1706617238,33
frontier07600,1706617136,1706617192,56
frontier07601,1706617207,1706617240,33
frontier07602,1706617205,1706617239,34
frontier07603,1706617205,1706617239,34
frontier07604,1706617207,1706617235,28
frontier07605,1706617021,1706617045,24
frontier07606,1706617047,1706617067,20
frontier07607,1706617205,1706617235,30
frontier07608,1706617136,1706617192,56
frontier07611,1706617067,1706617079,12
frontier07612,1706617206,1706617240,34
frontier07621,1706617068,1706617082,14
frontier07623,1706617206,1706617238,32
frontier07624,1706617189,1706617235,46
frontier07625,1706617068,1706617081,13
frontier07627,1706617205,1706617239,34
frontier07632,1706617090,1706617133,43
frontier07636,1706617136,1706617193,57
frontier07637,1706617205,1706617239,34
frontier07639,1706617182,1706617234,52
frontier07643,1706617090,1706617132,42
frontier07647,1706617038,1706617047,9
frontier07648,1706617188,1706617234,46
frontier07649,1706617207,1706617236,29
frontier07650,1706617206,1706617240,34
frontier07651,1706617110,1706617177,67
frontier07652,1706617207,1706617238,31
frontier07653,1706617050,1706617067,17
frontier07654,1706617016,1706617043,27
frontier07655,1706617207,1706617240,33
frontier07656,1706617209,1706617240,31
frontier07657,1706617081,1706617116,35
frontier07658,1706617177,1706617227,50
frontier07659,1706617207,1706617238,31
frontier07660,1706617038,1706617047,9
frontier07661,1706617090,1706617145,55
frontier07662,1706617207,1706617240,33
frontier07663,1706617205,1706617239,34
frontier07664,1706617091,1706617145,54
frontier07665,1706617047,1706617050,3
frontier07666,1706617190,1706617238,48
frontier07667,1706617205,1706617239,34
frontier07668,1706617182,1706617234,52
frontier07669,1706617207,1706617239,32
frontier07670,1706617190,1706617239,49
frontier07671,1706617205,1706617239,34
frontier07672,1706617050,1706617069,19
frontier07673,1706617174,1706617214,40
frontier07674,1706617205,1706617235,30
frontier07675,1706617205,1706617239,34
frontier07676,1706617091,1706617132,41
frontier07677,1706617136,1706617192,56
frontier07678,1706617091,1706617145,54
frontier07679,1706617207,1706617239,32
frontier07680,1706617206,1706617239,33
frontier07681,1706617172,1706617212,40
frontier07683,1706617188,1706617235,47
frontier07685,1706617206,1706617238,32
frontier07694,1706617136,1706617192,56
frontier07695,1706617130,1706617192,62
frontier07696,1706617089,1706617131,42
frontier07697,1706617207,1706617235,28
frontier07698,1706617205,1706617239,34
frontier07699,1706617138,1706617190,52
frontier07701,1706617173,1706617213,40
frontier07704,1706617015,1706617043,28
frontier07705,1706617015,1706617041,26
frontier07706,1706617200,1706617239,39
frontier07707,1706617207,1706617235,28
frontier07708,1706617069,1706617080,11
frontier07709,1706617091,1706617174,83
frontier07711,1706617136,1706617192,56
frontier07712,1706617205,1706617239,34
frontier07713,1706617205,1706617239,34
frontier07714,1706617087,1706617134,47
frontier07715,1706617081,1706617116,35
frontier07716,1706617180,1706617228,48
frontier07717,1706617173,1706617214,41
frontier07718,1706617205,1706617238,33
frontier07719,1706617091,1706617155,64
frontier07720,1706617016,1706617042,26
frontier07721,1706617182,1706617230,48
frontier07722,1706617188,1706617238,50
frontier07723,1706617205,1706617235,30
frontier07724,1706617205,1706617235,30
frontier07725,1706617091,1706617155,64
frontier07726,1706617047,1706617050,3
frontier07727,1706617090,1706617134,44
frontier07728,1706617130,1706617192,62
frontier07729,1706617189,1706617239,50
frontier07730,1706617206,1706617239,33
frontier07731,1706617205,1706617239,34
frontier07738,1706617205,1706617239,34
frontier07740,1706617050,1706617069,19
frontier07743,1706617205,1706617239,34
frontier07748,1706617207,1706617240,33
frontier07749,1706617080,1706617130,50
frontier07750,1706617136,1706617193,57
frontier07755,1706617189,1706617235,46
frontier07765,1706617206,1706617238,32
frontier07766,1706617189,1706617235,46
frontier07767,1706617188,1706617235,47
frontier07768,1706617068,1706617081,13
frontier07769,1706617068,1706617081,13
frontier07770,1706617205,1706617240,35
frontier07771,1706617205,1706617235,30
frontier07772,1706617206,1706617239,33
frontier07773,1706617136,1706617193,57
frontier07774,1706617050,1706617067,17
frontier07775,1706617205,1706617239,34
frontier07776,1706617130,1706617192,62
frontier07777,1706617040,1706617047,7
frontier07778,1706617136,1706617192,56
frontier07779,1706617180,1706617228,48
frontier07780,1706617173,1706617214,41
frontier07781,1706617190,1706617239,49
frontier07782,1706617081,1706617119,38
frontier07783,1706617144,1706617206,62
frontier07784,1706617110,1706617178,68
frontier07785,1706617091,1706617144,53
frontier07786,1706617080,1706617120,40
frontier07787,1706617091,1706617145,54
frontier07788,1706617205,1706617240,35
frontier07789,1706617205,1706617235,30
frontier07790,1706617190,1706617237,47
frontier07791,1706617079,1706617087,8
frontier07792,1706617207,1706617240,33
frontier07793,1706617205,1706617235,30
frontier07794,1706617189,1706617235,46
frontier07795,1706617068,1706617082,14
frontier07796,1706617205,1706617239,34
frontier07797,1706617206,1706617235,29
frontier07798,1706617090,1706617133,43
frontier07799,1706617115,1706617179,64
frontier07800,1706617194,1706617239,45
frontier07801,1706617091,1706617176,85
frontier07802,1706617207,1706617235,28
frontier07803,1706617146,1706617178,32
frontier07804,1706617207,1706617240,33
frontier07805,1706617205,1706617239,34
frontier07809,1706617206,1706617235,29
frontier07810,1706617091,1706617145,54
frontier07813,1706617182,1706617234,52
frontier07819,1706617179,1706617227,48
frontier07821,1706617205,1706617239,34
frontier07824,1706617200,1706617235,35
frontier07825,1706617110,1706617173,63
frontier07826,1706617188,1706617235,47
frontier07827,1706617171,1706617212,41
frontier07828,1706617015,1706617047,32
frontier07832,1706617016,1706617042,26
frontier07833,1706617082,1706617145,63
frontier07834,1706617136,1706617192,56
frontier07835,1706617137,1706617192,55
frontier07836,1706617182,1706617231,49
frontier07837,1706617090,1706617133,43
frontier07838,1706617082,1706617118,36
frontier07839,1706617206,1706617239,33
frontier07840,1706617090,1706617131,41
frontier07841,1706617066,1706617078,12
frontier07842,1706617136,1706617193,57
frontier07845,1706617190,1706617239,49
frontier07846,1706617091,1706617134,43
frontier07847,1706617206,1706617235,29
frontier07848,1706617205,1706617239,34
frontier07849,1706617190,1706617238,48
frontier07850,1706617091,1706617155,64
frontier07851,1706617136,1706617193,57
frontier07852,1706617091,1706617137,46
frontier07854,1706617205,1706617240,35
frontier07855,1706617137,1706617205,68
frontier07856,1706617206,1706617240,34
frontier07857,1706617205,1706617235,30
frontier07858,1706617091,1706617131,40
frontier07859,1706617130,1706617192,62
frontier07860,1706617091,1706617134,43
frontier07861,1706617068,1706617081,13
frontier07862,1706617130,1706617192,62
frontier07863,1706617136,1706617193,57
frontier07864,1706617110,1706617176,66
frontier07865,1706617090,1706617131,41
frontier07870,1706617182,1706617234,52
frontier07873,1706617205,1706617239,34
frontier07875,1706617206,1706617239,33
frontier07877,1706617040,1706617047,7
frontier07882,1706617091,1706617177,86
frontier07886,1706617182,1706617230,48
frontier07893,1706617090,1706617131,41
frontier07896,1706617079,1706617130,51
frontier07897,1706617205,1706617239,34
frontier07898,1706617205,1706617238,33
frontier07899,1706617016,1706617043,27
frontier07900,1706617091,1706617133,42
frontier07901,1706617190,1706617237,47
frontier07902,1706617206,1706617240,34
frontier07904,1706617206,1706617239,33
frontier07905,1706617091,1706617145,54
frontier07906,1706617080,1706617112,32
frontier07907,1706617207,1706617240,33
frontier07908,1706617110,1706617175,65
frontier07909,1706617181,1706617234,53
frontier07910,1706617207,1706617238,31
frontier07911,1706617181,1706617229,48
frontier07912,1706617205,1706617239,34
frontier07913,1706617038,1706617045,7
frontier07914,1706617207,1706617239,32
frontier07915,1706617172,1706617213,41
frontier07916,1706617207,1706617236,29
frontier07917,1706617031,1706617043,12
frontier07918,1706617091,1706617155,64
frontier07919,1706617137,1706617189,52
frontier07920,1706617091,1706617134,43
frontier07921,1706617189,1706617238,49
frontier07922,1706617068,1706617082,14
frontier07923,1706617136,1706617192,56
frontier07924,1706617090,1706617134,44
frontier07925,1706617091,1706617143,52
frontier07926,1706617205,1706617239,34
frontier07927,1706617136,1706617193,57
frontier07928,1706617206,1706617235,29
frontier07929,1706617091,1706617144,53
frontier07930,1706617091,1706617134,43
frontier07931,1706617091,1706617134,43
frontier07932,1706617189,1706617237,48
frontier07933,1706617016,1706617042,26
frontier07934,1706617075,1706617096,21
frontier07935,1706617091,1706617145,54
frontier07936,1706617180,1706617228,48
frontier07937,1706617021,1706617045,24
frontier07942,1706617182,1706617230,48
frontier07949,1706617110,1706617177,67
frontier07950,1706617207,1706617240,33
frontier07951,1706617206,1706617236,30
frontier07952,1706617091,1706617145,54
frontier07953,1706617074,1706617092,18
frontier07958,1706617079,1706617096,17
frontier07959,1706617130,1706617192,62
frontier07960,1706617205,1706617238,33
frontier07961,1706617182,1706617230,48
frontier07962,1706617136,1706617189,53
frontier07963,1706617182,1706617230,48
frontier07964,1706617205,1706617238,33
frontier07965,1706617205,1706617239,34
frontier07966,1706617081,1706617119,38
frontier07967,1706617172,1706617212,40
frontier07968,1706617015,1706617041,26
frontier07969,1706617207,1706617238,31
frontier07970,1706617079,1706617130,51
frontier07971,1706617091,1706617132,41
frontier07972,1706617031,1706617043,12
frontier07973,1706617206,1706617238,32
frontier07974,1706617206,1706617238,32
frontier07975,1706617207,1706617239,32
frontier07976,1706617069,1706617083,14
frontier07977,1706617205,1706617239,34
frontier07978,1706617038,1706617045,7
frontier07979,1706617187,1706617231,44
frontier07980,1706617122,1706617189,67
frontier07981,1706617143,1706617188,45
frontier07982,1706617038,1706617047,9
frontier07983,1706617205,1706617235,30
frontier07984,1706617206,1706617239,33
frontier07985,1706617181,1706617234,53
frontier07986,1706617110,1706617177,67
frontier07987,1706617207,1706617240,33
frontier07988,1706617144,1706617206,62
frontier07989,1706617172,1706617213,41
frontier07999,1706617090,1706617134,44
frontier08015,1706617180,1706617229,49
frontier08017,1706617207,1706617239,32
frontier08018,1706617207,1706617235,28
frontier08019,1706617127,1706617192,65
frontier08020,1706617205,1706617239,34
frontier08021,1706617200,1706617239,39
frontier08022,1706617016,1706617045,29
frontier08023,1706617136,1706617175,39
frontier08024,1706617091,1706617173,82
frontier08025,1706617016,1706617043,27
frontier08026,1706617136,1706617193,57
frontier08027,1706617068,1706617081,13
frontier08028,1706617172,1706617213,41
frontier08029,1706617090,1706617134,44
frontier08030,1706617205,1706617235,30
frontier08031,1706617136,1706617192,56
frontier08032,1706617173,1706617213,40
frontier08033,1706617205,1706617239,34
frontier08034,1706617137,1706617187,50
frontier08035,1706617144,1706617206,62
frontier08036,1706617205,1706617239,34
frontier08037,1706617050,1706617067,17
frontier08038,1706617126,1706617187,61
frontier08039,1706617181,1706617234,53
frontier08040,1706617200,1706617239,39
frontier08041,1706617015,1706617042,27
frontier08042,1706617207,1706617239,32
frontier08043,1706617068,1706617081,13
frontier08044,1706617068,1706617081,13
frontier08045,1706617130,1706617192,62
frontier08046,1706617206,1706617235,29
frontier08048,1706617155,1706617195,40
frontier08049,1706617144,1706617193,49
frontier08051,1706617205,1706617235,30
frontier08052,1706617207,1706617239,32
frontier08053,1706617206,1706617238,32
frontier08054,1706617047,1706617067,20
frontier08055,1706617170,1706617211,41
frontier08056,1706617205,1706617236,31
frontier08057,1706617172,1706617212,40
frontier08058,1706617136,1706617193,57
frontier08059,1706617040,1706617045,5
frontier08060,1706617069,1706617081,12
frontier08061,1706617200,1706617238,38
frontier08062,1706617206,1706617239,33
frontier08065,1706617137,1706617193,56
frontier08076,1706617110,1706617182,72
frontier08077,1706617016,1706617042,26
frontier08078,1706617090,1706617134,44
frontier08079,1706617079,1706617120,41
frontier08080,1706617181,1706617234,53
frontier08081,1706617188,1706617231,43
frontier08082,1706617136,1706617192,56
frontier08083,1706617090,1706617130,40
frontier08087,1706617207,1706617234,27
frontier08088,1706617090,1706617133,43
frontier08089,1706617136,1706617186,50
frontier08090,1706617172,1706617213,41
frontier08091,1706617081,1706617117,36
frontier08092,1706617079,1706617096,17
frontier08093,1706617206,1706617239,33
frontier08094,1706617191,1706617238,47
frontier08095,1706617143,1706617190,47
frontier08096,1706617068,1706617080,12
frontier08097,1706617081,1706617123,42
frontier08098,1706617172,1706617213,41
frontier08099,1706617130,1706617192,62
frontier08100,1706617038,1706617047,9
frontier08101,1706617074,1706617092,18
frontier08102,1706617205,1706617239,34
frontier08103,1706617130,1706617192,62
frontier08104,1706617122,1706617193,71
frontier08105,1706617207,1706617239,32
frontier08106,1706617091,1706617145,54
frontier08107,1706617196,1706617235,39
frontier08108,1706617205,1706617239,34
frontier08109,1706617205,1706617239,34
frontier08110,1706617137,1706617186,49
frontier08111,1706617205,1706617239,34
frontier08112,1706617079,1706617099,20
frontier08113,1706617183,1706617230,47
frontier08114,1706617079,1706617120,41
frontier08123,1706617053,1706617077,24
frontier08128,1706617182,1706617234,52
frontier08133,1706617188,1706617235,47
frontier08138,1706617136,1706617192,56
frontier08139,1706617207,1706617238,31
frontier08143,1706617110,1706617178,68
frontier08146,1706617130,1706617192,62
frontier08147,1706617090,1706617134,44
frontier08148,1706617137,1706617176,39
frontier08149,1706617207,1706617239,32
frontier08150,1706617149,1706617212,63
frontier08151,1706617181,1706617234,53
frontier08152,1706617205,1706617239,34
frontier08153,1706617207,1706617239,32
frontier08154,1706617172,1706617211,39
frontier08155,1706617016,1706617043,27
frontier08156,1706617207,1706617240,33
frontier08157,1706617205,1706617240,35
frontier08158,1706617205,1706617239,34
frontier08159,1706617207,1706617239,32
frontier08160,1706617206,1706617239,33
frontier08161,1706617091,1706617158,67
frontier08162,1706617207,1706617240,33
frontier08163,1706617047,1706617049,2
frontier08164,1706617207,1706617239,32
frontier08165,1706617079,1706617109,30
frontier08166,1706617081,1706617118,37
frontier08167,1706617137,1706617189,52
frontier08168,1706617143,1706617192,49
frontier08169,1706617016,1706617042,26
frontier08170,1706617091,1706617146,55
frontier08171,1706617015,1706617042,27
frontier08172,1706617136,1706617193,57
frontier08173,1706617207,1706617240,33
frontier08174,1706617205,1706617239,34
frontier08175,1706617110,1706617177,67
frontier08176,1706617205,1706617238,33
frontier08177,1706617205,1706617235,30
frontier08178,1706617091,1706617131,40
frontier08179,1706617206,1706617240,34
frontier08180,1706617205,1706617239,34
frontier08181,1706617137,1706617194,57
frontier08182,1706617091,1706617132,41
frontier08183,1706617130,1706617192,62
frontier08184,1706617205,1706617239,34
frontier08185,1706617205,1706617235,30
frontier08186,1706617137,1706617175,38
frontier08187,1706617090,1706617134,44
frontier08188,1706617207,1706617239,32
frontier08189,1706617205,1706617239,34
frontier08190,1706617188,1706617235,47
frontier08191,1706617047,1706617067,20
frontier08194,1706617077,1706617096,19
frontier08195,1706617206,1706617239,33
frontier08207,1706617207,1706617239,32
frontier08209,1706617205,1706617240,35
frontier08210,1706617182,1706617234,52
frontier08211,1706617091,1706617134,43
frontier08212,1706617182,1706617229,47
frontier08213,1706617080,1706617120,40
frontier08217,1706617206,1706617235,29
frontier08218,1706617091,1706617133,42
frontier08219,1706617206,1706617235,29
frontier08220,1706617138,1706617191,53
frontier08221,1706617183,1706617234,51
frontier08223,1706617205,1706617239,34
frontier08224,1706617110,1706617173,63
frontier08225,1706617110,1706617174,64
frontier08226,1706617205,1706617235,30
frontier08227,1706617091,1706617133,42
frontier08228,1706617206,1706617239,33
frontier08229,1706617172,1706617213,41
frontier08230,1706617015,1706617042,27
frontier08231,1706617205,1706617235,30
frontier08232,1706617205,1706617239,34
frontier08233,1706617038,1706617047,9
frontier08234,1706617172,1706617212,40
frontier08235,1706617136,1706617189,53
frontier08236,1706617207,1706617239,32
frontier08237,1706617091,1706617155,64
frontier08238,1706617079,1706617116,37
frontier08239,1706617091,1706617177,86
frontier08240,1706617130,1706617190,60
frontier08241,1706617079,1706617120,41
frontier08242,1706617207,1706617240,33
frontier08243,1706617113,1706617190,77
frontier08244,1706617080,1706617121,41
frontier08245,1706617080,1706617120,40
frontier08246,1706617205,1706617239,34
frontier08249,1706617015,1706617042,27
frontier08250,1706617189,1706617239,50
frontier08251,1706617075,1706617095,20
frontier08263,1706617136,1706617193,57
frontier08266,1706617180,1706617228,48
frontier08277,1706617205,1706617239,34
frontier08278,1706617206,1706617239,33
frontier08279,1706617091,1706617134,43
frontier08280,1706617079,1706617090,11
frontier08281,1706617207,1706617235,28
frontier08282,1706617207,1706617239,32
frontier08283,1706617190,1706617235,45
frontier08284,1706617205,1706617239,34
frontier08285,1706617068,1706617080,12
frontier08286,1706617205,1706617239,34
frontier08287,1706617136,1706617187,51
frontier08288,1706617189,1706617236,47
frontier08289,1706617091,1706617155,64
frontier08290,1706617130,1706617192,62
frontier08291,1706617180,1706617227,47
frontier08292,1706617091,1706617174,83
frontier08293,1706617205,1706617235,30
frontier08294,1706617091,1706617145,54
frontier08295,1706617207,1706617235,28
frontier08296,1706617091,1706617157,66
frontier08297,1706617205,1706617238,33
frontier08298,1706617136,1706617192,56
frontier08299,1706617207,1706617239,32
frontier08300,1706617137,1706617192,55
frontier08301,1706617207,1706617239,32
frontier08302,1706617172,1706617213,41
frontier08303,1706617016,1706617042,26
frontier08305,1706617038,1706617045,7
frontier08306,1706617189,1706617238,49
frontier08307,1706617185,1706617231,46
frontier08308,1706617049,1706617069,20
frontier08309,1706617180,1706617229,49
frontier08310,1706617205,1706617235,30
frontier08311,1706617137,1706617206,69
frontier08312,1706617068,1706617082,14
frontier08313,1706617188,1706617235,47
frontier08314,1706617171,1706617213,42
frontier08315,1706617188,1706617237,49
frontier08316,1706617205,1706617239,34
frontier08317,1706617068,1706617081,13
frontier08318,1706617091,1706617134,43
frontier08319,1706617190,1706617235,45
frontier08320,1706617091,1706617155,64
frontier08323,1706617136,1706617193,57
frontier08326,1706617016,1706617043,27
frontier08327,1706617205,1706617238,33
frontier08333,1706617207,1706617239,32
frontier08334,1706617205,1706617238,33
frontier08335,1706617137,1706617205,68
frontier08336,1706617040,1706617045,5
frontier08337,1706617189,1706617235,46
frontier08341,1706617015,1706617047,32
frontier08342,1706617206,1706617240,34
frontier08343,1706617130,1706617192,62
frontier08344,1706617136,1706617190,54
frontier08347,1706617205,1706617239,34
frontier08348,1706617110,1706617173,63
frontier08349,1706617206,1706617234,28
frontier08350,1706617137,1706617190,53
frontier08351,1706617207,1706617239,32
frontier08352,1706617136,1706617189,53
frontier08353,1706617205,1706617239,34
frontier08354,1706617091,1706617175,84
frontier08355,1706617205,1706617239,34
frontier08356,1706617091,1706617134,43
frontier08357,1706617205,1706617239,34
frontier08358,1706617038,1706617045,7
frontier08359,1706617205,1706617238,33
frontier08360,1706617110,1706617173,63
frontier08361,1706617079,1706617110,31
frontier08362,1706617205,1706617239,34
frontier08363,1706617205,1706617235,30
frontier08364,1706617110,1706617175,65
frontier08365,1706617031,1706617045,14
frontier08366,1706617137,1706617205,68
frontier08369,1706617143,1706617192,49
frontier08370,1706617136,1706617176,40
frontier08379,1706617016,1706617039,23
frontier08383,1706617205,1706617239,34
frontier08384,1706617038,1706617047,9
frontier08394,1706617092,1706617177,85
frontier08399,1706617205,1706617238,33
frontier08400,1706617016,1706617042,26
frontier08401,1706617091,1706617155,64
frontier08402,1706617207,1706617239,32
frontier08403,1706617091,1706617156,65
frontier08404,1706617207,1706617240,33
frontier08405,1706617182,1706617230,48
frontier08406,1706617144,1706617206,62
frontier08407,1706617079,1706617120,41
frontier08408,1706617136,1706617193,57
frontier08409,1706617079,1706617091,12
frontier08410,1706617090,1706617132,42
frontier08411,1706617205,1706617239,34
frontier08412,1706617205,1706617239,34
frontier08413,1706617019,1706617021,2
frontier08414,1706617207,1706617239,32
frontier08415,1706617069,1706617081,12
frontier08416,1706617091,1706617131,40
frontier08417,1706617180,1706617227,47
frontier08418,1706617206,1706617235,29
frontier08419,1706617207,1706617239,32
frontier08420,1706617091,1706617134,43
frontier08421,1706617205,1706617239,34
frontier08422,1706617136,1706617187,51
frontier08423,1706617038,1706617047,9
frontier08424,1706617136,1706617205,69
frontier08425,1706617144,1706617193,49
frontier08426,1706617189,1706617235,46
frontier08427,1706617081,1706617118,37
frontier08428,1706617083,1706617145,62
frontier08429,1706617081,1706617120,39
frontier08430,1706617091,1706617146,55
frontier08431,1706617205,1706617239,34
frontier08432,1706617016,1706617042,26
frontier08433,1706617207,1706617239,32
frontier08434,1706617136,1706617187,51
frontier08435,1706617190,1706617235,45
frontier08436,1706617205,1706617238,33
frontier08437,1706617136,1706617192,56
frontier08438,1706617172,1706617213,41
frontier08439,1706617206,1706617239,33
frontier08440,1706617180,1706617232,52
frontier08441,1706617205,1706617240,35
frontier08442,1706617040,1706617045,5
frontier08443,1706617206,1706617238,32
frontier08444,1706617090,1706617145,55
frontier08445,1706617136,1706617192,56
frontier08446,1706617207,1706617235,28
frontier08447,1706617172,1706617212,40
frontier08448,1706617180,1706617228,48
frontier08458,1706617205,1706617235,30
frontier08459,1706617207,1706617239,32
frontier08460,1706617174,1706617229,55
frontier08461,1706617207,1706617240,33
frontier08465,1706617206,1706617240,34
frontier08466,1706617040,1706617047,7
frontier08467,1706617069,1706617081,12
frontier08468,1706617016,1706617041,25
frontier08469,1706617207,1706617240,33
frontier08470,1706617136,1706617192,56
frontier08471,1706617175,1706617214,39
frontier08472,1706617038,1706617045,7
frontier08473,1706617091,1706617145,54
frontier08474,1706617144,1706617193,49
frontier08475,1706617171,1706617207,36
frontier08476,1706617180,1706617227,47
frontier08477,1706617050,1706617069,19
frontier08478,1706617190,1706617238,48
frontier08479,1706617143,1706617192,49
frontier08480,1706617091,1706617134,43
frontier08481,1706617136,1706617192,56
frontier08482,1706617207,1706617239,32
frontier08483,1706617205,1706617235,30
frontier08484,1706617205,1706617239,34
frontier08485,1706617205,1706617234,29
frontier08486,1706617136,1706617193,57
frontier08487,1706617207,1706617240,33
frontier08488,1706617182,1706617229,47
frontier08489,1706617071,1706617094,23
frontier08490,1706617180,1706617227,47
frontier08491,1706617188,1706617236,48
frontier08492,1706617050,1706617067,17
frontier08493,1706617206,1706617234,28
frontier08494,1706617047,1706617050,3
frontier08495,1706617181,1706617234,53
frontier08496,1706617040,1706617045,5
frontier08500,1706617205,1706617238,33
frontier08506,1706617179,1706617228,49
frontier08509,1706617110,1706617177,67
frontier08520,1706617171,1706617212,41
frontier08525,1706617016,1706617043,27
frontier08526,1706617205,1706617235,30
frontier08527,1706617207,1706617236,29
frontier08529,1706617181,1706617228,47
frontier08530,1706617205,1706617238,33
frontier08531,1706617136,1706617193,57
frontier08532,1706617021,1706617044,23
frontier08533,1706617091,1706617146,55
frontier08534,1706617205,1706617235,30
frontier08535,1706617091,1706617157,66
frontier08536,1706617050,1706617069,19
frontier08537,1706617136,1706617186,50
frontier08538,1706617091,1706617133,42
frontier08539,1706617050,1706617067,17
frontier08540,1706617127,1706617189,62
frontier08541,1706617207,1706617235,28
frontier08542,1706617050,1706617067,17
frontier08543,1706617110,1706617178,68
frontier08544,1706617189,1706617234,45
frontier08545,1706617079,1706617119,40
frontier08546,1706617047,1706617067,20
frontier08547,1706617207,1706617235,28
frontier08548,1706617050,1706617067,17
frontier08549,1706617206,1706617239,33
frontier08550,1706617090,1706617132,42
frontier08551,1706617137,1706617193,56
frontier08552,1706617130,1706617193,63
frontier08553,1706617172,1706617213,41
frontier08554,1706617038,1706617047,9
frontier08555,1706617090,1706617133,43
frontier08556,1706617207,1706617240,33
frontier08557,1706617206,1706617239,33
frontier08558,1706617068,1706617081,13
frontier08559,1706617186,1706617231,45
frontier08560,1706617091,1706617155,64
frontier08561,1706617188,1706617238,50
frontier08562,1706617126,1706617186,60
frontier08565,1706617079,1706617094,15
frontier08566,1706617155,1706617192,37
frontier08567,1706617205,1706617235,30
frontier08568,1706617207,1706617240,33
frontier08569,1706617016,1706617043,27
frontier08570,1706617081,1706617117,36
frontier08571,1706617181,1706617232,51
frontier08572,1706617172,1706617213,41
frontier08573,1706617047,1706617050,3
frontier08574,1706617182,1706617230,48
frontier08575,1706617091,1706617133,42
frontier08576,1706617079,1706617130,51
frontier08577,1706617205,1706617240,35
frontier08587,1706617038,1706617047,9
frontier08588,1706617136,1706617186,50
frontier08589,1706617047,1706617050,3
frontier08590,1706617136,1706617186,50
frontier08591,1706617171,1706617212,41
frontier08592,1706617050,1706617067,17
frontier08596,1706617205,1706617239,34
frontier08597,1706617174,1706617215,41
frontier08598,1706617015,1706617042,27
frontier08599,1706617130,1706617192,62
frontier08600,1706617205,1706617239,34
frontier08601,1706617205,1706617239,34
frontier08602,1706617138,1706617191,53
frontier08603,1706617207,1706617239,32
frontier08604,1706617090,1706617133,43
frontier08605,1706617110,1706617174,64
frontier08606,1706617067,1706617074,7
frontier08607,1706617190,1706617239,49
frontier08608,1706617206,1706617239,33
frontier08609,1706617079,1706617093,14
frontier08610,1706617190,1706617239,49
frontier08611,1706617079,1706617120,41
frontier08612,1706617190,1706617239,49
frontier08613,1706617021,1706617047,26
frontier08614,1706617207,1706617239,32
frontier08615,1706617136,1706617192,56
frontier08616,1706617091,1706617144,53
frontier08617,1706617205,1706617239,34
frontier08618,1706617175,1706617215,40
frontier08619,1706617091,1706617155,64
frontier08620,1706617206,1706617239,33
frontier08621,1706617068,1706617080,12
frontier08622,1706617171,1706617208,37
frontier08624,1706617091,1706617137,46
frontier08632,1706617206,1706617235,29
frontier08636,1706617137,1706617192,55
frontier08649,1706617174,1706617227,53
frontier08651,1706617183,1706617234,51
frontier08652,1706617136,1706617193,57
frontier08653,1706617190,1706617235,45
frontier08654,1706617181,1706617229,48
frontier08655,1706617138,1706617206,68
frontier08656,1706617016,1706617043,27
frontier08657,1706617205,1706617239,34
frontier08658,1706617180,1706617228,48
frontier08659,1706617038,1706617047,9
frontier08660,1706617091,1706617155,64
frontier08661,1706617130,1706617192,62
frontier08662,1706617021,1706617045,24
frontier08663,1706617182,1706617234,52
frontier08664,1706617183,1706617231,48
frontier08665,1706617110,1706617177,67
frontier08666,1706617091,1706617133,42
frontier08667,1706617038,1706617047,9
frontier08668,1706617136,1706617192,56
frontier08669,1706617079,1706617094,15
frontier08672,1706617130,1706617192,62
frontier08673,1706617091,1706617145,54
frontier08674,1706617137,1706617192,55
frontier08675,1706617206,1706617239,33
frontier08676,1706617206,1706617240,34
frontier08677,1706617190,1706617238,48
frontier08678,1706617090,1706617131,41
frontier08679,1706617207,1706617239,32
frontier08681,1706617182,1706617230,48
frontier08683,1706617205,1706617239,34
frontier08684,1706617091,1706617139,48
frontier08685,1706617206,1706617239,33
frontier08686,1706617091,1706617134,43
frontier08687,1706617038,1706617047,9
frontier08688,1706617172,1706617212,40
frontier08689,1706617091,1706617155,64
frontier08690,1706617180,1706617228,48
frontier08691,1706617189,1706617239,50
frontier08692,1706617091,1706617145,54
frontier08693,1706617074,1706617092,18
frontier08694,1706617207,1706617238,31
frontier08695,1706617091,1706617134,43
frontier08696,1706617205,1706617239,34
frontier08697,1706617172,1706617212,40
frontier08698,1706617206,1706617235,29
frontier08699,1706617038,1706617047,9
frontier08702,1706617130,1706617192,62
frontier08703,1706617079,1706617091,12
frontier08704,1706617172,1706617213,41
frontier08705,1706617093,1706617177,84
frontier08708,1706617206,1706617239,33
frontier08711,1706617205,1706617239,34
frontier08712,1706617079,1706617120,41
frontier08718,1706617136,1706617193,57
frontier08719,1706617021,1706617047,26
frontier08720,1706617195,1706617235,40
frontier08721,1706617021,1706617045,24
frontier08722,1706617092,1706617134,42
frontier08723,1706617113,1706617177,64
frontier08724,1706617205,1706617239,34
frontier08725,1706617144,1706617206,62
frontier08727,1706617074,1706617094,20
frontier08730,1706617110,1706617177,67
frontier08731,1706617091,1706617146,55
frontier08732,1706617079,1706617120,41
frontier08733,1706617172,1706617212,40
frontier08734,1706617081,1706617119,38
frontier08735,1706617090,1706617134,44
frontier08736,1706617206,1706617240,34
frontier08737,1706617206,1706617240,34
frontier08738,1706617110,1706617175,65
frontier08739,1706617077,1706617096,19
frontier08740,1706617090,1706617131,41
frontier08741,1706617205,1706617235,30
frontier08742,1706617205,1706617240,35
frontier08743,1706617136,1706617193,57
frontier08744,1706617144,1706617192,48
frontier08745,1706617091,1706617132,41
frontier08746,1706617136,1706617189,53
frontier08747,1706617144,1706617206,62
frontier08748,1706617180,1706617229,49
frontier08749,1706617205,1706617240,35
frontier08750,1706617073,1706617094,21
frontier08751,1706617110,1706617177,67
frontier08752,1706617068,1706617080,12
frontier08753,1706617079,1706617115,36
frontier08760,1706617014,1706617043,29
frontier08779,1706617205,1706617239,34
frontier08780,1706617047,1706617067,20
frontier08781,1706617189,1706617237,48
frontier08782,1706617079,1706617120,41
frontier08783,1706617038,1706617045,7
frontier08784,1706617207,1706617240,33
frontier08785,1706617205,1706617239,34
frontier08786,1706617130,1706617191,61
frontier08787,1706617110,1706617173,63
frontier08788,1706617174,1706617215,41
frontier08789,1706617207,1706617235,28
frontier08790,1706617205,1706617239,34
frontier08791,1706617091,1706617133,42
frontier08792,1706617090,1706617134,44
frontier08793,1706617144,1706617189,45
frontier08794,1706617174,1706617213,39
frontier08799,1706617172,1706617212,40
frontier08814,1706617207,1706617239,32
frontier08815,1706617110,1706617178,68
frontier08816,1706617190,1706617240,50
frontier08817,1706617047,1706617067,20
frontier08818,1706617205,1706617239,34
frontier08819,1706617205,1706617239,34
frontier08820,1706617144,1706617206,62
frontier08821,1706617206,1706617240,34
frontier08822,1706617016,1706617043,27
frontier08823,1706617016,1706617043,27
frontier08824,1706617136,1706617187,51
frontier08825,1706617205,1706617239,34
frontier08826,1706617014,1706617047,33
frontier08827,1706617068,1706617081,13
frontier08828,1706617194,1706617238,44
frontier08829,1706617189,1706617235,46
frontier08830,1706617079,1706617094,15
frontier08831,1706617205,1706617238,33
frontier08832,1706617204,1706617235,31
frontier08833,1706617180,1706617229,49
frontier08834,1706617130,1706617193,63
frontier08836,1706617207,1706617239,32
frontier08842,1706617181,1706617230,49
frontier08843,1706617206,1706617240,34
frontier08845,1706617206,1706617234,28
frontier08848,1706617207,1706617240,33
frontier08849,1706617200,1706617235,35
frontier08850,1706617200,1706617239,39
frontier08851,1706617207,1706617240,33
frontier08852,1706617182,1706617234,52
frontier08854,1706617091,1706617133,42
frontier08857,1706617090,1706617131,41
frontier08858,1706617050,1706617067,17
frontier08859,1706617079,1706617119,40
frontier08860,1706617091,1706617155,64
frontier08861,1706617047,1706617066,19
frontier08862,1706617077,1706617095,18
frontier08863,1706617206,1706617240,34
frontier08864,1706617091,1706617133,42
frontier08865,1706617207,1706617239,32
frontier08866,1706617091,1706617173,82
frontier08867,1706617180,1706617233,53
frontier08868,1706617206,1706617239,33
frontier08869,1706617110,1706617177,67
frontier08870,1706617205,1706617236,31
frontier08871,1706617206,1706617235,29
frontier08872,1706617206,1706617239,33
frontier08873,1706617205,1706617239,34
frontier08875,1706617205,1706617240,35
frontier08876,1706617205,1706617235,30
frontier08877,1706617205,1706617239,34
frontier08879,1706617136,1706617192,56
frontier08880,1706617189,1706617235,46
frontier08881,1706617050,1706617067,17
frontier08882,1706617081,1706617120,39
frontier08883,1706617016,1706617043,27
frontier08885,1706617207,1706617238,31
frontier08886,1706617206,1706617240,34
frontier08887,1706617201,1706617238,37
frontier08889,1706617174,1706617215,41
frontier08892,1706617189,1706617237,48
frontier08899,1706617136,1706617193,57
frontier08903,1706617110,1706617181,71
frontier08904,1706617205,1706617239,34
frontier08907,1706617130,1706617191,61
frontier08908,1706617205,1706617239,34
frontier08909,1706617021,1706617047,26
frontier08918,1706617113,1706617173,60
frontier08919,1706617136,1706617193,57
frontier08920,1706617080,1706617121,41
frontier08921,1706617136,1706617187,51
frontier08922,1706617038,1706617047,9
frontier08923,1706617040,1706617047,7
frontier08924,1706617079,1706617119,40
frontier08925,1706617207,1706617239,32
frontier08926,1706617122,1706617192,70
frontier08927,1706617091,1706617131,40
frontier08928,1706617207,1706617235,28
frontier08929,1706617091,1706617146,55
frontier08930,1706617205,1706617239,34
frontier08933,1706617205,1706617239,34
frontier08934,1706617180,1706617228,48
frontier08935,1706617189,1706617234,45
frontier08936,1706617136,1706617193,57
frontier08937,1706617091,1706617178,87
frontier08938,1706617137,1706617189,52
frontier08939,1706617090,1706617131,41
frontier08940,1706617207,1706617235,28
frontier08941,1706617144,1706617193,49
frontier08942,1706617090,1706617133,43
frontier08943,1706617205,1706617240,35
frontier08944,1706617174,1706617214,40
frontier08945,1706617110,1706617178,68
frontier08947,1706617091,1706617157,66
frontier08948,1706617031,1706617041,10
frontier08949,1706617136,1706617192,56
frontier08950,1706617014,1706617021,7
frontier08951,1706617190,1706617237,47
frontier08952,1706617207,1706617235,28
frontier08953,1706617049,1706617067,18
frontier08954,1706617206,1706617234,28
frontier08955,1706617186,1706617235,49
frontier08956,1706617174,1706617214,40
frontier08957,1706617136,1706617192,56
frontier08959,1706617205,1706617235,30
frontier08960,1706617091,1706617144,53
frontier08970,1706617205,1706617239,34
frontier08971,1706617136,1706617188,52
frontier08972,1706617195,1706617235,40
frontier08973,1706617188,1706617234,46
frontier08974,1706617207,1706617240,33
frontier08975,1706617180,1706617228,48
frontier08976,1706617206,1706617239,33
frontier08980,1706617205,1706617236,31
frontier08981,1706617190,1706617239,49
frontier08982,1706617206,1706617235,29
frontier08983,1706617016,1706617042,26
frontier08984,1706617180,1706617233,53
frontier08985,1706617181,1706617229,48
frontier08986,1706617091,1706617155,64
frontier08987,1706617180,1706617228,48
frontier08988,1706617207,1706617239,32
frontier08989,1706617137,1706617189,52
frontier08990,1706617091,1706617145,54
frontier08991,1706617190,1706617239,49
frontier08992,1706617078,1706617095,17
frontier08993,1706617144,1706617206,62
frontier08994,1706617190,1706617239,49
frontier08995,1706617206,1706617239,33
frontier08996,1706617205,1706617236,31
frontier08997,1706617206,1706617240,34
frontier08998,1706617015,1706617043,28
frontier09001,1706617080,1706617091,11
frontier09002,1706617183,1706617230,47
frontier09003,1706617171,1706617207,36
frontier09004,1706617180,1706617227,47
frontier09005,1706617078,1706617095,17
frontier09006,1706617091,1706617173,82
frontier09007,1706617079,1706617090,11
frontier09008,1706617079,1706617130,51
frontier09009,1706617171,1706617212,41
frontier09010,1706617038,1706617045,7
frontier09011,1706617189,1706617238,49
frontier09012,1706617205,1706617239,34
frontier09013,1706617205,1706617238,33
frontier09014,1706617110,1706617157,47
frontier09015,1706617080,1706617087,7
frontier09016,1706617021,1706617047,26
frontier09017,1706617207,1706617240,33
frontier09020,1706617038,1706617047,9
frontier09032,1706617206,1706617239,33
frontier09035,1706617031,1706617044,13
frontier09045,1706617091,1706617155,64
frontier09046,1706617091,1706617131,40
frontier09047,1706617021,1706617045,24
frontier09048,1706617080,1706617130,50
frontier09049,1706617180,1706617227,47
frontier09050,1706617079,1706617115,36
frontier09051,1706617144,1706617206,62
frontier09052,1706617205,1706617239,34
frontier09053,1706617207,1706617239,32
frontier09054,1706617207,1706617239,32
frontier09055,1706617206,1706617240,34
frontier09056,1706617207,1706617239,32
frontier09057,1706617205,1706617238,33
frontier09058,1706617206,1706617240,34
frontier09059,1706617207,1706617240,33
frontier09060,1706617205,1706617236,31
frontier09061,1706617091,1706617155,64
frontier09062,1706617144,1706617207,63
frontier10114,1706617174,1706617215,41
frontier10207,1706617050,1706617067,17
frontier10208,1706617189,1706617235,46
frontier10209,1706617050,1706617069,19
frontier10210,1706617207,1706617239,32
frontier10211,1706617038,1706617045,7
frontier10212,1706617207,1706617238,31
frontier10213,1706617173,1706617215,42
frontier10214,1706617091,1706617145,54
frontier10215,1706617205,1706617238,33
frontier10216,1706617172,1706617212,40
frontier10217,1706617016,1706617039,23
frontier10218,1706617130,1706617192,62
frontier10219,1706617181,1706617228,47
frontier10240,1706617136,1706617192,56
frontier10324,1706617015,1706617044,29
frontier10345,1706617206,1706617240,34
frontier10346,1706617183,1706617235,52
frontier10347,1706617174,1706617215,41
frontier10348,1706617068,1706617081,13
frontier10356,1706617021,1706617043,22
frontier10377,1706617206,1706617235,29
frontier10378,1706617110,1706617174,64
frontier10381,1706617136,1706617190,54
frontier10430,1706617196,1706617239,43
frontier10431,1706617207,1706617235,28
frontier10432,1706617205,1706617239,34
frontier10433,1706617038,1706617047,9
frontier10434,1706617050,1706617069,19
frontier10439,1706617183,1706617234,51
frontier10440,1706617090,1706617134,44
frontier10441,1706617090,1706617134,44
frontier10442,1706617068,1706617091,23
frontier10448,1706617155,1706617203,48
frontier10464,1706617180,1706617229,49
